      0.00000000      0.00000000
      0.91911765       157.02323
       1.8382353       54.443845
       2.7573529       12.450107
       3.6764706      -7.9338986
       4.5955882      -7.1268069
       5.5147059      -4.0627949
       6.4338235      -3.0348764
       7.3529412      -2.5807915
       8.2720588      -3.2039060
       9.1911765      -3.5354508
       10.110294      -3.3427881
       11.029412      -2.2241156
       11.948529     -0.79932601
       12.867647     -0.24270471
       13.786765     -0.51693178
       14.705882     -0.78384447
       15.625000     -0.53393226
       16.544118     -0.15694182
       17.463235     -0.23047796
       18.382353     -0.50502308
       19.301471     -0.56149281
       20.220588     -0.47065874
       21.139706     -0.35585246
       22.058824     -0.23156543
       22.977941     -0.17631468
       23.897059     -0.18732588
       24.816176     -0.16780766
       25.735294     -0.13563927
       26.654412    -0.068627840
       27.573529    0.0050043801
       28.492647   -0.0099778901
       29.411765    -0.071833883
       30.330882    -0.094698990
       31.250000    -0.062764717
       32.169118    -0.046542947
       33.088235    -0.061882038
       34.007353    -0.066905139
       34.926471    -0.034257838
       35.845588   -0.0084573404
       36.764706    -0.021988919
       37.683824    -0.010651612
       38.602941     0.016361475
       39.522059     0.028591768
       40.441176     0.010538267
       41.360294    -0.015756474
       42.279412   -0.0093394570
       43.198529   -0.0053896125
       44.117647    -0.012899167
       45.036765    -0.010934908
       45.955882   -0.0063083180
       46.875000    -0.013820237
       47.794118    -0.011232357
       48.713235    0.0094134632
       49.632353     0.015608841
       50.551471    0.0073733872
       51.470588  -0.00088071087
       52.389706    0.0010819978
       53.308824    0.0080253634
       54.227941    0.0043291921
       55.147059   -0.0065000549
       56.066176    -0.012809573
       56.985294    -0.012641796
       57.904412   -0.0062967311
       58.823529    0.0068260480
       59.742647     0.010729939
       60.661765    0.0042902668
       61.580882    0.0042810467
       62.500000     0.010074772
       63.419118     0.010597560
       64.338235  -0.00069585313
       65.257353   -0.0081697634
       66.176471   -0.0045504510
       67.095588   -0.0019637305
       68.014706   -0.0037638301
       68.933824   -0.0045328061
       69.852941    0.0011477794
       70.772059    0.0038633606
       71.691176    0.0027284833
       72.610294    0.0051816443
       73.529412    0.0080053336
       74.448529    0.0092830592
       75.367647    0.0064750857
       76.286765    0.0035009811
       77.205882   0.00094966480
       78.125000   -0.0030816921
       79.044118   -0.0039613965
       79.963235   -0.0024958051
       80.882353 -5.8895503e-005
       81.801471    0.0027632272
       82.720588    0.0020427896
       83.639706   -0.0033298444
       84.558824   -0.0057273629
       85.477941   -0.0041562911
       86.397059   -0.0030382723
       87.316176   -0.0019495798
       88.235294  -0.00084254299
       89.154412  -0.00025798466
       90.073529   0.00027808772
       90.992647    0.0015213622
       91.911765    0.0015914366
       92.830882   -0.0010826728
       93.750000   -0.0026485002
       94.669118   -0.0017961918
       95.588235   -0.0013807104
       96.507353  -0.00040440562
       97.426471   0.00059993610
       98.345588   0.00016647168
       99.264706  -0.00055478812
       100.18382  -0.00035858865
       101.10294   -0.0011706794
       102.02206   -0.0030814723
       102.94118   -0.0033254946
       103.86029   -0.0022796819
       104.77941   -0.0016949803
       105.69853   -0.0011572703
       106.61765   0.00075607847
       107.53676    0.0010898021
       108.45588   -0.0013767299
       109.37500   -0.0011345474
       110.29412    0.0031615936
       111.21324    0.0037680121
       112.13235    0.0025461358
       113.05147    0.0083337264
       113.97059     0.010566589
       114.88971    0.0042685013
       115.80882    0.0070530608
       116.72794     0.017475377
       117.64706     0.017623864
       118.56618     0.024915811
       119.48529     0.049774205
       120.40441     0.059248138
       121.32353     0.066097535
       122.24265      0.10665833
       123.16176      0.14280178
       124.08088      0.17701078
       125.00000      0.26060884
       125.91912      0.31382512
       126.83824      0.32466427
       127.75735      0.38727474
       128.67647      0.44496295
       129.59559      0.46588553
       130.51471      0.51601273
       131.43382      0.61180270
       132.35294      0.70476455
       133.27206      0.73595648
       134.19118      0.77019913
       135.11029      0.87050591
       136.02941      0.88549891
       136.94853      0.79637114
       137.86765      0.79942771
       138.78676      0.83095298
       139.70588      0.80578503
       140.62500      0.81534935
       141.54412      0.85479757
       142.46324      0.86535888
       143.38235      0.88956021
       144.30147      0.94583824
       145.22059      0.94342056
       146.13971      0.93152802
       147.05882      0.94281843
       147.97794      0.87986529
       148.89706      0.80764936
       149.81618      0.85392808
       150.73529      0.89510780
       151.65441      0.84109752
       152.57353      0.86520264
       153.49265      0.97411259
       154.41176       1.0000000
       155.33088      0.96967304
       156.25000      0.97389530
       157.16912      0.95396811
       158.08824      0.89074770
       159.00735      0.83390477
       159.92647      0.75268690
       160.84559      0.59886782
       161.76471      0.43881194
       162.68382      0.36078810
       163.60294      0.31265520
       164.52206      0.24591674
       165.44118      0.19939311
       166.36029      0.18148431
       167.27941      0.15682210
       168.19853      0.12049444
       169.11765     0.087693133
       170.03676     0.059039505
       170.95588     0.044044173
       171.87500     0.040823791
       172.79412     0.033409672
       173.71324     0.022106484
       174.63235     0.015044574
       175.55147     0.011247651
       176.47059    0.0090026407
       177.38971    0.0077157924
       178.30882    0.0054852640
       179.22794    0.0045849172
       180.14706    0.0042477803
       181.06618    0.0029293033
       181.98529    0.0015393261
       182.90441   0.00044061159
       183.82353   0.00031579666
       184.74265   0.00075107701
       185.66176   0.00071018556
       186.58088   0.00098033590
       187.50000    0.0017623048
       188.41912    0.0017951171
       189.33824    0.0019915283
       190.25735    0.0015372596
       191.17647   0.00014809454
       192.09559  7.7268646e-006
       193.01471   0.00013221956
       193.93382  -0.00010278576
       194.85294  -0.00022465288
       195.77206  -0.00088342029
       196.69118   -0.0014490161
       197.61029   -0.0010242072
       198.52941  -0.00073957853
       199.44853  -0.00078768631
       200.36765  -0.00027521166
       201.28676   0.00011264719
       202.20588 -9.3966274e-005
       203.12500  -0.00056965505
       204.04412  -0.00021747130
       204.96324  4.8097713e-005
       205.88235  -0.00067354187
       206.80147  -0.00093327531
       207.72059   -0.0010193760
       208.63971  -0.00021354362
       209.55882    0.0015001551
       210.47794    0.0017599775
       211.39706   0.00044640309
       212.31618  4.7776096e-005
       213.23529   0.00060873527
       214.15441   0.00059959710
       215.07353   0.00086915070
       215.99265    0.0011585448
       216.91176   0.00074082302
       217.83088   0.00069644768
       218.75000    0.0011336183
       219.66912    0.0010552939
       220.58824    0.0013266449
       221.50735    0.0014045146
       222.42647   0.00045073294
       223.34559  6.5142711e-005
       224.26471   0.00038765022
       225.18382    0.0012008237
       226.10294    0.0017127922
       227.02206    0.0017807310
       227.94118    0.0020643192
       228.86029    0.0011151417
       229.77941 -7.5775713e-005
       230.69853   0.00056032718
       231.61765    0.0015335908
       232.53676   0.00059149181
       233.45588  -0.00089083427
       234.37500  -0.00057873654
       235.29412   0.00033083115
       236.21324   0.00056594156
       237.13235  3.1030741e-005
       238.05147  -0.00012043498
       238.97059   0.00098561574
       239.88971    0.0017347414
       240.80882    0.0016485902
       241.72794    0.0013322981
       242.64706   0.00058054020
       243.56618  1.6102510e-005
       244.48529   0.00030637755
       245.40441   0.00030914050
       246.32353  -0.00014583590
       247.24265 -4.0659503e-005
       248.16176 -2.1482204e-005
       249.08088  -0.00051069262
       250.00000  -0.00024603339
       250.91912   0.00040117487
       251.83824   0.00083742588
       252.75735    0.0017656066
       253.67647    0.0026119883
       254.59559    0.0022544213
       255.51471    0.0016763774
       256.43382    0.0023431941
       257.35294    0.0024544420
       258.27206    0.0016235307
       259.19118    0.0013797537
       260.11029    0.0018895835
       261.02941    0.0024705615
       261.94853    0.0022821303
       262.86765    0.0020144032
       263.78676    0.0023439341
       264.70588    0.0030532767
       265.62500    0.0031435037
       266.54412    0.0018178032
       267.46324   0.00065749080
       268.38235    0.0012320699
       269.30147    0.0027176129
       270.22059    0.0037425839
       271.13971    0.0039621944
       272.05882    0.0037222549
       272.97794    0.0030829644
       273.89706    0.0022088365
       274.81618    0.0022679808
       275.73529    0.0034370606
       276.65441    0.0039902952
       277.57353    0.0033075082
       278.49265    0.0022148675
       279.41176    0.0021553256
       280.33088    0.0036967031
       281.25000    0.0054476572
       282.16912    0.0056270203
       283.08824    0.0051821783
       284.00735    0.0056976958
       284.92647    0.0046089899
       285.84559    0.0023998517
       286.76471    0.0023512018
       287.68382    0.0040179960
       288.60294    0.0061532940
       289.52206    0.0070343634
       290.44118    0.0046578741
       291.36029    0.0020302420
       292.27941    0.0021791562
       293.19853    0.0028633393
       294.11765    0.0038587937
       295.03676    0.0054056309
       295.95588    0.0062039373
       296.87500    0.0056085698
       297.79412    0.0038786326
       298.71324    0.0036175041
       299.63235    0.0053484086
       300.55147    0.0067915031
       301.47059    0.0074656240
       302.38971    0.0077437537
       303.30882    0.0077195019
       304.22794    0.0082214492
       305.14706    0.0097647612
       306.06618     0.011485318
       306.98529     0.013123303
       307.90441     0.014818080
       308.82353     0.015732082
       309.74265     0.015858299
       310.66176     0.015082856
       311.58088     0.014277589
       312.50000     0.015000905
       313.41912     0.015445956
       314.33824     0.015764452
       315.25735     0.017746991
       316.17647     0.018388224
       317.09559     0.016481268
       318.01471     0.014182694
       318.93382     0.013080848
       319.85294     0.013194134
       320.77206     0.012882339
       321.69118     0.012243407
       322.61029     0.011558162
       323.52941     0.010182559
       324.44853    0.0085268820
       325.36765    0.0076578125
       326.28676    0.0075795371
       327.20588    0.0082468770
       328.12500    0.0088119916
       329.04412    0.0073829872
       329.96324    0.0050641944
       330.88235    0.0033577284
       331.80147    0.0029894712
       332.72059    0.0048043695
       333.63971    0.0070843778
       334.55882    0.0074309708
       335.47794    0.0052609793
       336.39706    0.0034791057
       337.31618    0.0036420841
       338.23529    0.0032781792
       339.15441    0.0024868671
       340.07353    0.0019498718
       340.99265    0.0012520202
       341.91176    0.0012918729
       342.83088   0.00064364322
       343.75000  -0.00026037225
       344.66912    0.0012702182
       345.58824    0.0020950718
       346.50735    0.0017658515
       347.42647    0.0019319114
       348.34559   0.00053867732
       349.26471 -8.3902764e-006
       350.18382    0.0016248891
       351.10294    0.0013394089
       352.02206   0.00050181328
       352.94118    0.0012085337
       353.86029    0.0011835391
       354.77941    0.0012901683
       355.69853    0.0014901686
       356.61765   0.00045130711
       357.53676   0.00070755191
       358.45588    0.0016791026
       359.37500  -0.00013492372
       360.29412   -0.0019100404
       361.21324    0.0013332749
       362.13235    0.0049300437
       363.05147    0.0035929525
       363.97059    0.0034988184
       364.88971    0.0061491372
       365.80882    0.0062410069
       366.72794    0.0055719488
       367.64706    0.0061694023
       368.56618    0.0062758963
       369.48529    0.0066263571
       370.40441    0.0061146138
       371.32353    0.0089513469
       372.24265     0.013973505
       373.16176     0.011104467
       374.08088    0.0057755302
       375.00000    0.0032542708
       375.91912    0.0017772371
       376.83824    0.0030777051
       377.75735    0.0067840572
       378.67647    0.0073617104
       379.59559    0.0072864978
       380.51471    0.0081244140
       381.43382    0.0074667407
       382.35294     0.015961463
       383.27206     0.027127994
       384.19118     0.022835239
       385.11029     0.016273406
       386.02941     0.020928759
       386.94853     0.019342181
       387.86765    0.0098644889
       388.78676    0.0096758462
       389.70588     0.017970541
       390.62500     0.018180742
       391.54412    0.0056381997
       392.46324    0.0038958337
       393.38235     0.035763945
       394.30147     0.057880812
       395.22059     0.022811368
       396.13971     0.021213291
       397.05882     0.091660733
       397.97794      0.16206673
       398.89706      0.19089152
       399.81618      0.15979601
       400.73529      0.39151028
       401.65441      0.79886341
       402.57353      0.44417159
       403.49265      -1.4449819
       404.41176      -46.105151
       405.33088      -6.7802191
       406.25000      0.34782027
       407.16912      0.13282891
       408.08824    -0.078885303
       409.00735     -0.14447584
       409.92647    -0.090942131
       410.84559    -0.048633603
       411.76471    -0.063839117
       412.68382    -0.032255586
       413.60294   0.00071916279
       414.52206    -0.024511843
       415.44118    -0.043682961
       416.36029    -0.027473222
       417.27941   -0.0011477041
       418.19853     0.016189913
       419.11765    0.0081528436
       420.03676   -0.0089928368
       420.95588    -0.013296883
       421.87500   -0.0095878040
       422.79412   -0.0047380708
       423.71324   -0.0052074482
       424.63235   -0.0095378762
       425.55147   -0.0099168505
       426.47059   -0.0040275727
       427.38971   -0.0012623726
       428.30882   -0.0071814826
       429.22794    -0.010487875
       430.14706   -0.0015439911
       431.06618    0.0085831510
       431.98529    0.0067105256
       432.90441    0.0025941598
       433.82353    0.0015023223
       434.74265    0.0011635017
       435.66176    0.0046988333
       436.58088    0.0071968731
       437.50000    0.0045670335
       438.41912    0.0021799895
       439.33824    0.0037588055
       440.25735    0.0032390486
       441.17647  -0.00024049630
       442.09559  -0.00022243147
       443.01471   0.00049111553
       443.93382  -0.00018248237
       444.85294    0.0013033125
       445.77206    0.0036888790
       446.69118    0.0029528771
       447.61029   0.00026206917
       448.52941  -0.00075179747
       449.44853   -0.0010599468
       450.36765   -0.0010400973
       451.28676   0.00026925765
       452.20588    0.0013646134
       453.12500   0.00056002997
       454.04412  -0.00020042033
       454.96324   0.00034276493
       455.88235   0.00013370266
       456.80147  -0.00048147703
       457.72059   -0.0012813633
       458.63971  -0.00097189853
       459.55882  -0.00030479684
       460.47794   -0.0012193016
       461.39706  -0.00034079967
       462.31618 -1.9519445e-005
       463.23529   -0.0012918343
       464.15441  -0.00045278275
       465.07353  1.7789139e-005
       465.99265  -0.00041638705
       466.91176 -5.7542535e-005
       467.83088   0.00036185222
       468.75000  4.0323635e-005
       469.66912  -0.00061712579
       470.58824  -0.00035139010
       471.50735  -0.00057859428
       472.42647   -0.0013341955
       473.34559  -0.00078127139
       474.26471  -0.00049356121
       475.18382  -0.00084595435
       476.10294  -0.00073825486
       477.02206   0.00045406663
       477.94118    0.0010517852
       478.86029   0.00018902967
       479.77941   0.00035101093
       480.69853   0.00076365067
       481.61765   0.00051262255
       482.53676   0.00030027315
       483.45588  9.5243073e-005
       484.37500   0.00019029845
       485.29412   0.00053413413
       486.21324   0.00027822075
       487.13235  -0.00013492803
       488.05147   0.00012676642
       488.97059   0.00011415912
       489.88971  -0.00031110105
       490.80882  -0.00079614911
       491.72794  -0.00099569031
       492.64706  -0.00081728212
       493.56618  -0.00076989936
       494.48529  -0.00032467380
       495.40441  -0.00012351808
       496.32353  -0.00052788895
       497.24265  -0.00055667291
       498.16176  -0.00048122645
       499.08088  -0.00082977780
       500.00000   -0.0012167145
       500.91912   -0.0012494052
       501.83824   -0.0016929155
       502.75735   -0.0023386468
       503.67647   -0.0025006885
       504.59559   -0.0023132998
       505.51471   -0.0021223502
       506.43382   -0.0023051294
       507.35294   -0.0018868448
       508.27206   -0.0014307838
       509.19118   -0.0021953804
       510.11029   -0.0028668424
       511.02941   -0.0026346013
       511.94853   -0.0024180387
       512.86765   -0.0024350563
       513.78676   -0.0019685283
       514.70588   -0.0019403579
       515.62500   -0.0025566334
       516.54412   -0.0023712650
       517.46324   -0.0021345371
       518.38235   -0.0027690243
       519.30147   -0.0031408037
       520.22059   -0.0026292367
       521.13971   -0.0021484261
       522.05882   -0.0020435863
       522.97794   -0.0015068085
       523.89706   -0.0010314138
       524.81618   -0.0013252643
       525.73529   -0.0016543588
       526.65441   -0.0016595677
       527.57353   -0.0014862861
       528.49265   -0.0011471205
       529.41176  -0.00099098469
       530.33088   -0.0012226629
       531.25000   -0.0011604228
       532.16912  -0.00068784012
       533.08824  -0.00046289291
       534.00735  -0.00062072344
       534.92647  -0.00069840565
       535.84559  -0.00030109667
       536.76471  8.5548079e-005
       537.68382   0.00021079487
       538.60294   0.00033704899
       539.52206   0.00054482175
       540.44118   0.00081248173
       541.36029   0.00065816478
       542.27941   0.00038378795
       543.19853   0.00067723110
       544.11765   0.00093037637
       545.03676   0.00075843118
       545.95588   0.00050902325
       546.87500   0.00042751615
       547.79412   0.00072822230
       548.71324   0.00094741714
       549.63235   0.00075487231
       550.55147   0.00067369077
       551.47059   0.00080506260
       552.38971   0.00086608259
       553.30882   0.00082921042
       554.22794   0.00082128521
       555.14706   0.00084149203
       556.06618   0.00064618972
       556.98529   0.00041475974
       557.90441   0.00049026694
       558.82353   0.00054059496
       559.74265   0.00059126304
       560.66176   0.00076982997
       561.58088   0.00053308782
       562.50000   0.00024462406
       563.41912   0.00028253470
       564.33824   0.00014170427
       565.25735  8.3576186e-005
       566.17647   0.00024739908
       567.09559   0.00043469423
       568.01471   0.00071531322
       568.93382   0.00067110164
       569.85294   0.00028046739
       570.77206  4.4093534e-005
       571.69118 -4.1595406e-006
       572.61029  9.2520995e-006
       573.52941   0.00010332693
       574.44853  1.4451635e-005
       575.36765 -2.3830954e-006
       576.28676   0.00027476257
       577.20588   0.00042395497
       578.12500   0.00035272682
       579.04412   0.00027640073
       579.96324   0.00048166944
       580.88235   0.00052035540
       581.80147   0.00018282041
       582.72059  4.4806742e-005
       583.63971   0.00014960394
       584.55882   0.00024386622
       585.47794   0.00021694449
       586.39706  9.1630363e-005
       587.31618  8.0732199e-005
       588.23529  3.4295013e-005
       589.15441  -0.00014258389
       590.07353  -0.00013280025
       590.99265 -6.4263403e-005
       591.91176 -1.6607257e-005
       592.83088   0.00021928332
       593.75000   0.00041823840
       594.66912   0.00033337444
       595.58824   0.00020320362
       596.50735   0.00010689927
       597.42647 -7.3720407e-005
       598.34559  -0.00025220442
       599.26471  -0.00042973522
       600.18382  -0.00051377486
       601.10294  -0.00043410298
       602.02206  -0.00018399827
       602.94118  4.0103847e-005
       603.86029  7.0648292e-006
       604.77941 -2.0485051e-005
       605.69853 -3.5108039e-005
       606.61765  -0.00013597988
       607.53676  -0.00022232836
       608.45588  -0.00015536967
       609.37500   0.00011816068
       610.29412   0.00028743215
       611.21324   0.00013713837
       612.13235  -0.00014020198
       613.05147 -9.5553795e-005
       613.97059   0.00012126711
       614.88971  2.7028270e-005
       615.80882  2.9028916e-005
       616.72794   0.00012105561
       617.64706  8.4759801e-005
       618.56618   0.00014226547
       619.48529  1.1827391e-006
       620.40441  -0.00013175248
       621.32353 -3.6538120e-005
       622.24265  1.9761577e-006
       623.16176  1.1726452e-005
       624.08088  1.5166680e-005
       625.00000  7.5233811e-006
       625.91912 -5.2680622e-006
       626.83824 -6.9274704e-005
       627.75735 -6.4769958e-005
       628.67647   0.00016279660
       629.59559   0.00029242153
       630.51471  4.2725739e-005
       631.43382  -0.00024309376
       632.35294 -7.0370082e-005
       633.27206   0.00031028527
       634.19118   0.00018453463
       635.11029 -3.8364338e-005
       636.02941 -3.7722389e-005
       636.94853  -0.00019844699
       637.86765  -0.00030971543
       638.78676 -2.7042381e-005
       639.70588   0.00020535217
       640.62500   0.00010441654
       641.54412  2.5737241e-005
       642.46324  -0.00011072437
       643.38235  -0.00018230928
       644.30147 -3.6460953e-005
       645.22059 -2.3355162e-005
       646.13971  -0.00019491068
       647.05882  -0.00035280828
       647.97794  -0.00031734690
       648.89706 -2.3164025e-005
       649.81618   0.00016600295
       650.73529  2.8405202e-005
       651.65441  -0.00018487275
       652.57353  -0.00016491049
       653.49265  7.0737662e-005
       654.41176  6.6738960e-005
       655.33088  -0.00027375674
       656.25000  -0.00038718999
       657.16912  -0.00020131481
       658.08824  -0.00019412228
       659.00735  -0.00033050330
       659.92647  -0.00030994870
       660.84559  -0.00020289279
       661.76471  -0.00011228682
       662.68382  3.0917915e-005
       663.60294 -2.5704691e-005
       664.52206  -0.00017125286
       665.44118  6.4011400e-005
       666.36029   0.00021732354
       667.27941  8.7511604e-005
       668.19853 -4.5310231e-005
       669.11765  -0.00016808429
       670.03676  -0.00015183003
       670.95588  -0.00013422415
       671.87500  -0.00016447136
       672.79412  -0.00032872997
       673.71324  -0.00042574526
       674.63235  -0.00030523414
       675.55147  -0.00044969258
       676.47059  -0.00055913800
       677.38971  -0.00024014544
       678.30882 -7.5866325e-005
       679.22794  -0.00024705606
       680.14706  -0.00023466281
       681.06618  -0.00021826885
       681.98529  -0.00040630884
       682.90441  -0.00037609402
       683.82353  -0.00029627194
       684.74265  -0.00032225978
       685.66176  -0.00037057656
       686.58088  -0.00059242288
       687.50000  -0.00061086680
       688.41912  -0.00045473513
       689.33824  -0.00046378273
       690.25735  -0.00039723253
       691.17647  -0.00034278039
       692.09559  -0.00043759125
       693.01471  -0.00043168108
       693.93382  -0.00035793367
       694.85294  -0.00029857265
       695.77206  -0.00016459671
       696.69118  -0.00018468128
       697.61029  -0.00031544464
       698.52941  -0.00022733715
       699.44853  -0.00019823115
       700.36765  -0.00027826291
       701.28676  -0.00022102936
       702.20588  -0.00017558562
       703.12500  -0.00019277463
       704.04412  -0.00018692316
       704.96324 -6.0823041e-005
       705.88235   0.00010784940
       706.80147  3.2669362e-005
       707.72059  -0.00016583757
       708.63971  -0.00013246300
       709.55882  1.0069734e-005
       710.47794   0.00014847385
       711.39706   0.00012319515
       712.31618   0.00016198131
       713.23529   0.00035989416
       714.15441  4.3421472e-005
       715.07353  -0.00013840976
       715.99265  9.1502992e-005
       716.91176 -2.8387425e-005
       717.83088  -0.00039561832
       718.75000  -0.00063146734
       719.66912  -0.00056119266
       720.58824  -0.00048040146
       721.50735  -0.00054035809
       722.42647  -0.00058087160
       723.34559  -0.00061367751
       724.26471  -0.00051862492
       725.18382  -0.00024296111
       726.10294  -0.00022825529
       727.02206  -0.00033104447
       727.94118  -0.00043611673
       728.86029  -0.00072663900
       729.77941  -0.00069925270
       730.69853  -0.00048960500
       731.61765  -0.00053158605
       732.53676   -0.0010355988
       733.45588   -0.0012918776
       734.37500  -0.00092637287
       735.29412  -0.00077084233
       736.21324  -0.00085980091
       737.13235   -0.0010622269
       738.05147  -0.00094251341
       738.97059  -0.00052882498
       739.88971  -0.00068331806
       740.80882  -0.00094372753
       741.72794  -0.00079473290
       742.64706  -0.00072100240
       743.56618  -0.00093620891
       744.48529   -0.0013209127
       745.40441   -0.0014780839
       746.32353   -0.0012767700
       747.24265   -0.0013718688
       748.16176   -0.0018211199
       749.08088   -0.0018707020
       750.00000   -0.0014666469
       750.91912  -0.00094275389
       751.83824  -0.00064330131
       752.75735  -0.00065956798
       753.67647  -0.00062157198
       754.59559  -0.00065278537
       755.51471  -0.00069345215
       756.43382  -0.00059821031
       757.35294  -0.00075591081
       758.27206  -0.00069907837
       759.19118  4.9458965e-006
       760.11029   0.00091701006
       761.02941    0.0016995606
       761.94853    0.0018929292
       762.86765    0.0017346914
       763.78676    0.0015453211
       764.70588    0.0011334586
       765.62500    0.0010421019
       766.54412    0.0010664306
       767.46324    0.0011316923
       768.38235    0.0016557546
       769.30147    0.0015019577
       770.22059   0.00045478977
       771.13971  -0.00027275401
       772.05882  -0.00014579752
       772.97794   0.00024120049
       773.89706   0.00038141021
       774.81618   0.00081176236
       775.73529    0.0013690735
       776.65441   0.00087706683
       777.57353 -4.9788671e-006
       778.49265  -0.00013291136
       779.41176  -0.00061595159
       780.33088   -0.0020602347
       781.25000   -0.0028948216
       782.16912   -0.0018405199
       783.08824  -0.00034544657
       784.00735 -1.8486185e-005
       784.92647  -0.00060633954
       785.84559   -0.0015692761
       786.76471   -0.0035931244
       787.68382   -0.0055830388
       788.60294   -0.0054113969
       789.52206   -0.0053716495
       790.44118   -0.0069949264
       791.36029    -0.010224174
       792.27941    -0.013311991
       793.19853    -0.014306095
       794.11765    -0.012179831
       795.03676   -0.0087866334
       795.95588   -0.0077518256
       796.87500   -0.0087163594
       797.79412    -0.011401195
       798.71324    -0.013662588
       799.63235    -0.021889525
       800.55147    -0.024456929
       801.47059    -0.011501038
       802.38971   -0.0072947376
       803.30882    -0.012939882
       804.22794   -0.0095888037
       805.14706    -0.018584594
       806.06618    -0.058993088
       806.98529   -0.0040167253
       807.90441     0.064416917
       808.82353     -0.72823305
       809.74265      0.35557916
       810.66176      0.19164966
       811.58088      0.18883242
       812.50000      0.14954962
       813.41912     0.065475832
       814.33824     0.027874093
       815.25735     0.028528592
       816.17647     0.039143477
       817.09559     0.037309832
       818.01471     0.026079048
       818.93382     0.011923924
       819.85294  -0.00025117699
       820.77206    0.0028861529
       821.69118     0.011993919
       822.61029     0.012264291
       823.52941     0.011302350
       824.44853     0.014305750
       825.36765     0.014457797
       826.28676    0.0083976200
       827.20588    0.0019977265
       828.12500    0.0015084659
       829.04412    0.0025079863
       829.96324   0.00059416140
       830.88235   -0.0012527788
       831.80147  -0.00080752204
       832.72059   0.00031890257
       833.63971  -0.00013010682
       834.55882  -0.00066119624
       835.47794  -0.00062851123
       836.39706   -0.0011975148
       837.31618   -0.0017910078
       838.23529   -0.0026731480
       839.15441   -0.0035134050
       840.07353   -0.0024175881
       840.99265  2.8481476e-005
       841.91176    0.0018266471
       842.83088   0.00098725244
       843.75000  -0.00053780693
       844.66912  8.5214239e-005
       845.58824   0.00099134618
       846.50735    0.0010776646
       847.42647   0.00044814017
       848.34559  -0.00029905562
       849.26471  -0.00032800012
       850.18382  -0.00031229617
       851.10294  -0.00051633458
       852.02206  -0.00043583166
       852.94118 -6.4828892e-005
       853.86029 -4.6372632e-005
       854.77941  -0.00024764739
       855.69853  -0.00019173828
       856.61765  -0.00050705893
       857.53676   -0.0010315596
       858.45588  -0.00077714585
       859.37500  9.7262232e-005
       860.29412   0.00065679261
       861.21324   0.00049780671
       862.13235   0.00029713773
       863.05147   0.00043109484
       863.97059   0.00055171017
       864.88971   0.00062025298
       865.80882   0.00028336730
       866.72794   0.00012749036
       867.64706   0.00037555861
       868.56618  -0.00025541319
       869.48529  -0.00073459631
       870.40441  -0.00024521941
       871.32353  5.5320302e-005
       872.24265  -0.00014990588
       873.16176  -0.00024697397
       874.08088  7.7895705e-006
       875.00000  4.2842531e-005
       875.91912 -3.7645449e-005
       876.83824 -9.7039451e-006
       877.75735  -0.00018881146
       878.67647  -0.00024802429
       879.59559  1.3111214e-005
       880.51471  2.9313697e-005
       881.43382 -3.2569937e-005
       882.35294   0.00019367936
       883.27206   0.00029257913
       884.19118   0.00011340774
       885.11029   0.00019783062
       886.02941   0.00042325413
       886.94853   0.00025756744
       887.86765  4.1906515e-005
       888.78676  4.6674639e-005
       889.70588   0.00010435128
       890.62500 -3.8911887e-006
       891.54412 -4.2443733e-006
       892.46324  2.2381193e-005
       893.38235  -0.00016015111
       894.30147  -0.00012107076
       895.22059 -5.8093443e-005
       896.13971  -0.00028915503
       897.05882  -0.00047825348
       897.97794  -0.00041985134
       898.89706  -0.00023900899
       899.81618  -0.00022723553
       900.73529  -0.00051125979
       901.65441  -0.00068959158
       902.57353  -0.00056095195
       903.49265  -0.00042267557
       904.41176  -0.00046504758
       905.33088  -0.00045910770
       906.25000  -0.00035160292
       907.16912  -0.00031139126
       908.08824  -0.00035214126
       909.00735  -0.00037120193
       909.92647  -0.00028258517
       910.84559  -0.00022315034
       911.76471  -0.00024451288
       912.68382  -0.00036874974
       913.60294  -0.00043799909
       914.52206  -0.00039418777
       915.44118  -0.00025185636
       916.36029 -5.9235028e-005
       917.27941  -0.00011117469
       918.19853  -0.00016137329
       919.11765  -0.00011792167
       920.03676  -0.00024075861
       920.95588  -0.00033471463
       921.87500  -0.00018219925
       922.79412  4.4486236e-005
       923.71324   0.00014040503
       924.63235   0.00014271372
       925.55147  6.3884471e-005
       926.47059 -5.7370970e-005
       927.38971  7.9107346e-006
       928.30882   0.00012887812
       929.22794  3.3884739e-005
       930.14706  4.5901768e-005
       931.06618   0.00022488476
       931.98529   0.00030676735
       932.90441   0.00030693241
       933.82353   0.00030450292
       934.74265   0.00040655415
       935.66176   0.00046321182
       936.58088   0.00037772555
       937.50000   0.00027122473
       938.41912   0.00022103015
       939.33824   0.00022094515
       940.25735   0.00019073284
       941.17647   0.00011386583
       942.09559  2.0184771e-005
       943.01471  8.3274090e-005
       943.93382   0.00018006109
       944.85294  2.3003866e-005
       945.77206 -3.5522210e-005
       946.69118   0.00021150162
       947.61029   0.00030647094
       948.52941  9.5665274e-005
       949.44853 -6.3274892e-005
       950.36765  4.6259853e-005
       951.28676   0.00014967433
       952.20588   0.00012477674
       953.12500   0.00015636192
       954.04412   0.00013699157
       954.96324   0.00012360255
       955.88235   0.00014977967
       956.80147  8.9089820e-005
       957.72059  8.9096732e-005
       958.63971   0.00014717268
       959.55882   0.00016974715
       960.47794   0.00017533445
       961.39706   0.00019142926
       962.31618   0.00018030036
       963.23529  6.6628647e-005
       964.15441 -4.3678568e-005
       965.07353 -4.6483911e-005
       965.99265 -1.4760488e-005
       966.91176  4.5866378e-005
       967.83088  5.1070335e-005
       968.75000  6.1744287e-005
       969.66912   0.00016423501
       970.58824  4.1136687e-005
       971.50735 -9.5914653e-005
       972.42647 -3.9233482e-005
       973.34559 -8.9858723e-005
       974.26471  -0.00011309672
       975.18382  2.8817606e-005
       976.10294  8.8275016e-005
       977.02206  1.9082950e-006
       977.94118 -2.4801293e-005
       978.86029  3.5472919e-007
       979.77941  1.8841865e-005
       980.69853  7.7307578e-005
       981.61765  5.3019763e-005
       982.53676 -4.0431635e-005
       983.45588 -4.2418784e-005
       984.37500 -6.5034399e-005
       985.29412  -0.00013407066
       986.21324 -7.5885996e-005
       987.13235  5.4644423e-005
       988.05147  8.2264176e-005
       988.97059 -1.0101667e-005
       989.88971  -0.00014026339
       990.80882  -0.00022591146
       991.72794  -0.00016956956
       992.64706 -1.8419928e-005
       993.56618  3.9542715e-005
       994.48529 -2.3434222e-005
       995.40441 -8.2450197e-005
       996.32353  -0.00016209104
       997.24265  -0.00019584813
       998.16176  -0.00015901592
       999.08088  -0.00022124351
       1000.0000  -0.00022448290
       1000.9191 -7.7092383e-005
       1001.8382  1.2560589e-006
       1002.7574  2.4900271e-005
       1003.6765  6.9786394e-005
       1004.5956 -5.1603520e-005
       1005.5147  -0.00013967580
       1006.4338 -2.5268934e-005
       1007.3529  1.1027927e-005
       1008.2721  1.1697239e-005
       1009.1912 -2.4804434e-007
       1010.1103 -9.0097123e-005
       1011.0294 -9.2692311e-005
       1011.9485  7.0666174e-005
       1012.8676   0.00019185032
       1013.7868   0.00017762979
       1014.7059   0.00011316379
       1015.6250   0.00011670244
       1016.5441   0.00014614425
       1017.4632  4.6367625e-005
       1018.3824  9.6077799e-006
       1019.3015  5.0387461e-005
       1020.2206  2.1943343e-005
       1021.1397 -1.0558991e-005
       1022.0588  9.3646473e-006
       1022.9779  7.9002586e-005
       1023.8971  6.2075683e-005
       1024.8162 -4.0203319e-005
       1025.7353  2.7970172e-007
       1026.6544   0.00013167987
       1027.5735   0.00012886003
       1028.4926  4.3346462e-005
       1029.4118  1.0151364e-005
       1030.3309  1.6962447e-005
       1031.2500   0.00010527404
       1032.1691   0.00024850160
       1033.0882   0.00024090029
       1034.0074  6.3322745e-005
       1034.9265 -8.1716837e-005
       1035.8456  -0.00026139485
       1036.7647  -0.00039599013
       1037.6838  -0.00026330730
       1038.6029  -0.00013426630
       1039.5221 -6.3675300e-005
       1040.4412 -6.5633425e-005
       1041.3603  -0.00026006271
       1042.2794  -0.00032954665
       1043.1985  -0.00019406507
       1044.1176  -0.00012983290
       1045.0368  -0.00019363621
       1045.9559  -0.00021603446
       1046.8750  -0.00019748478
       1047.7941  -0.00022823338
       1048.7132  -0.00020998050
       1049.6324  -0.00017405798
       1050.5515  -0.00014373440
       1051.4706  -0.00013128891
       1052.3897  -0.00012879888
       1053.3088  -0.00015850133
       1054.2279  -0.00030198237
       1055.1471  -0.00030447365
       1056.0662  -0.00024617090
       1056.9853  -0.00028429747
       1057.9044  -0.00023868795
       1058.8235  -0.00014412491
       1059.7426  -0.00010558922
       1060.6618 -7.9831609e-005
       1061.5809  1.3384756e-006
       1062.5000 -2.6963251e-005
       1063.4191  -0.00015692544
       1064.3382  -0.00019822771
       1065.2574  -0.00015701602
       1066.1765 -5.4057524e-005
       1067.0956 -3.9776624e-006
       1068.0147  8.4665889e-005
       1068.9338   0.00033159568
       1069.8529   0.00035639306
       1070.7721  8.8316293e-005
       1071.6912  6.0857378e-005
       1072.6103   0.00025568225
       1073.5294   0.00012908767
       1074.4485  -0.00013505076
       1075.3676  -0.00015041082
       1076.2868  -0.00015929496
       1077.2059  -0.00016821019
       1078.1250 -9.2417272e-005
       1079.0441  -0.00015048414
       1079.9632  -0.00016568038
       1080.8824  -0.00015473405
       1081.8015  -0.00018332624
       1082.7206 -4.2994941e-005
       1083.6397 -1.5448485e-005
       1084.5588  -0.00012121722
       1085.4779 -7.5780141e-005
       1086.3971 -8.1331505e-006
       1087.3162  -0.00012954322
       1088.2353  -0.00032753853
       1089.1544  -0.00031646757
       1090.0735  -0.00017333574
       1090.9926  -0.00016901213
       1091.9118  -0.00025691392
       1092.8309  -0.00032150066
       1093.7500  -0.00036200606
       1094.6691  -0.00037301083
       1095.5882  -0.00031477566
       1096.5074  -0.00020600899
       1097.4265  -0.00019135289
       1098.3456  -0.00023952580
       1099.2647  -0.00027101044
       1100.1838  -0.00037929930
       1101.1029  -0.00041808149
       1102.0221  -0.00028448885
       1102.9412  -0.00025154498
       1103.8603  -0.00031299421
       1104.7794  -0.00030559730
       1105.6985  -0.00019321645
       1106.6176  -0.00020321943
       1107.5368  -0.00035048585
       1108.4559  -0.00027537805
       1109.3750 -9.5293591e-005
       1110.2941 -8.6539729e-005
       1111.2132  -0.00020411805
       1112.1324  -0.00022090059
       1113.0515  -0.00013208017
       1113.9706  -0.00011369362
       1114.8897  -0.00015512109
       1115.8088  -0.00014314518
       1116.7279 -8.7005384e-005
       1117.6471  -0.00012778925
       1118.5662  -0.00027709131
       1119.4853  -0.00036765696
       1120.4044  -0.00029104750
       1121.3235  -0.00013645988
       1122.2426  -0.00013339267
       1123.1618  -0.00018506178
       1124.0809  -0.00010967059
       1125.0000 -3.8733321e-005
       1125.9191  4.5812392e-005
       1126.8382   0.00028272268
       1127.7574   0.00047766965
       1128.6765   0.00048569197
       1129.5956   0.00049305561
       1130.5147   0.00047525017
       1131.4338   0.00044498522
       1132.3529   0.00048082176
       1133.2721   0.00040559949
       1134.1912   0.00038926686
       1135.1103   0.00050680823
       1136.0294   0.00049501286
       1136.9485   0.00046702610
       1137.8676   0.00045556249
       1138.7868   0.00036360180
       1139.7059   0.00042116216
       1140.6250   0.00058514355
       1141.5441   0.00039473616
       1142.4632  1.9224695e-006
       1143.3824  -0.00010911477
       1144.3015   0.00010294724
       1145.2206   0.00034295610
       1146.1397   0.00032236392
       1147.0588   0.00018252563
       1147.9779   0.00019052685
       1148.8971   0.00035047723
       1149.8162   0.00035588738
       1150.7353   0.00018955407
       1151.6544   0.00017089634
       1152.5735   0.00015753053
       1153.4926 -1.2729261e-005
       1154.4118  -0.00024135173
       1155.3309  -0.00035728461
       1156.2500  -0.00021883936
       1157.1691  -0.00019294676
       1158.0882  -0.00038988278
       1159.0074  -0.00040204712
       1159.9265  -0.00026742206
       1160.8456  -0.00045315861
       1161.7647  -0.00071890804
       1162.6838  -0.00043964054
       1163.6029  -0.00018569491
       1164.5221  -0.00052488403
       1165.4412  -0.00079431216
       1166.3603  -0.00071320780
       1167.2794  -0.00081195737
       1168.1985  -0.00067030656
       1169.1176  -0.00041103624
       1170.0368  -0.00044478295
       1170.9559  -0.00046276300
       1171.8750  -0.00072274848
       1172.7941  -0.00071198206
       1173.7132  -0.00042933979
       1174.6324  -0.00033225103
       1175.5515  -0.00013574244
       1176.4706  2.7218246e-005
       1177.3897  3.1556757e-005
       1178.3088  3.8550870e-005
       1179.2279   0.00047045559
       1180.1471   0.00061416399
       1181.0662  -0.00019131646
       1181.9853  -0.00059797733
       1182.9044  -0.00025051359
       1183.8235  6.3948240e-005
       1184.7426   0.00039908346
       1185.6618    0.0013103939
       1186.5809    0.0023854224
       1187.5000    0.0025470657
       1188.4191    0.0020894128
       1189.3382    0.0022414358
       1190.2574    0.0036053178
       1191.1765    0.0046488999
       1192.0956    0.0037569350
       1193.0147    0.0035281964
       1193.9338    0.0049890980
       1194.8529    0.0058401552
       1195.7721    0.0057327422
       1196.6912    0.0050059874
       1197.6103    0.0058698716
       1198.5294    0.0087601478
       1199.4485     0.012517779
       1200.3676     0.016891056
       1201.2868     0.016804488
       1202.2059     0.014995189
       1203.1250     0.018900436
       1204.0441     0.022587700
       1204.9632     0.026354855
       1205.8824     0.030324407
       1206.8015     0.033722647
       1207.7206     0.048503273
       1208.6397     0.063234500
       1209.5588     0.068492039
       1210.4779     0.063997312
       1211.3971     0.074942953
       1212.3162      0.22898161
       1213.2353      0.98293471
       1214.1544       2958.3664
       1215.0735     0.080277623
       1215.9926    -0.088243190
       1216.9118    -0.085860443
       1217.8309    -0.013296782
       1218.7500   -0.0027971520
       1219.6691    -0.031708367
       1220.5882    -0.024156029
       1221.5074    -0.015959356
       1222.4265    -0.019489283
       1223.3456    -0.014528694
       1224.2647   -0.0088471731
       1225.1838   -0.0059185865
       1226.1029   -0.0043087402
       1227.0221   -0.0080805484
       1227.9412    -0.010535742
       1228.8603   -0.0040217618
       1229.7794    0.0012012211
       1230.6985   -0.0011190753
       1231.6176   -0.0039107736
       1232.5368   -0.0018329938
       1233.4559   0.00070652076
       1234.3750    0.0013558271
       1235.2941    0.0010273652
       1236.2132   -0.0014224195
       1237.1324   -0.0035193664
       1238.0515   -0.0037637640
       1238.9706   -0.0024496162
       1239.8897   -0.0010021013
       1240.8088  -0.00079229087
       1241.7279  -0.00091631333
       1242.6471   0.00030002044
       1243.5662    0.0024491669
       1244.4853    0.0026434726
       1245.4044  -0.00014664818
       1246.3235  -0.00051907102
       1247.2426    0.0023189934
       1248.1618    0.0013395733
       1249.0809   -0.0024230090
       1250.0000   -0.0028044266
       1250.9191  -0.00067758984
       1251.8382   0.00038625112
       1252.7574   0.00058265350
       1253.6765   0.00065648156
       1254.5956  -0.00026778779
       1255.5147   -0.0012566165
       1256.4338   -0.0014568466
       1257.3529   -0.0014996389
       1258.2721  -0.00076484923
       1259.1912   0.00043651276
       1260.1103    0.0010087389
       1261.0294   0.00095351929
       1261.9485   0.00062882062
       1262.8676   0.00029307824
       1263.7868  -0.00012107705
       1264.7059  -0.00026164635
       1265.6250   0.00049842470
       1266.5441   0.00079536010
       1267.4632 -5.5376923e-006
       1268.3824   0.00010705321
       1269.3015   0.00067372279
       1270.2206   0.00043672091
       1271.1397   0.00028228394
       1272.0588 -5.1339268e-005
       1272.9779  -0.00016271259
       1273.8971   0.00025525769
       1274.8162 -7.3163452e-005
       1275.7353  -0.00025532358
       1276.6544  -0.00017643954
       1277.5735  -0.00046311405
       1278.4926  -0.00053984705
       1279.4118  -0.00069606914
       1280.3309  -0.00076810342
       1281.2500  -0.00094051988
       1282.1691  -0.00057046004
       1283.0882   0.00016839660
       1284.0074  -0.00030850326
       1284.9265  -0.00025255984
       1285.8456   0.00056808399
       1286.7647   0.00033197401
       1287.6838 -5.2421900e-005
       1288.6029   0.00036561518
       1289.5221   0.00061128016
       1290.4412   0.00033575931
       1291.3603   0.00019625473
       1292.2794   0.00037988777
       1293.1985   0.00083800454
       1294.1176   0.00039895178
       1295.0368  -0.00050023090
       1295.9559  -0.00023508024
       1296.8750  -0.00034097330
       1297.7941  -0.00061135737
       1298.7132   0.00028829569
       1299.6324   0.00060274007
       1300.5515   0.00071671730
       1301.4706    0.0012255918
       1302.3897   0.00063868357
       1303.3088  7.2291730e-005
       1304.2279  8.1873838e-005
       1305.1471 -7.6458457e-005
       1306.0662   0.00024193264
       1306.9853   0.00024351905
       1307.9044  -0.00041375832
       1308.8235  -0.00056168301
       1309.7426  -0.00055854203
       1310.6618  -0.00085637601
       1311.5809   -0.0011460717
       1312.5000  -0.00086726265
       1313.4191 -1.9577336e-005
       1314.3382   0.00046436639
       1315.2574   0.00051672500
       1316.1765   0.00029356872
       1317.0956  2.4249870e-005
       1318.0147   0.00028408544
       1318.9338   0.00039998639
       1319.8529  9.3031439e-005
       1320.7721  8.3612880e-006
       1321.6912 -3.4147832e-005
       1322.6103  -0.00013010470
       1323.5294  -0.00034912104
       1324.4485  -0.00069886319
       1325.3676  -0.00074069819
       1326.2868  -0.00041830697
       1327.2059  -0.00011556043
       1328.1250  5.7888305e-005
       1329.0441   0.00011877323
       1329.9632 -6.5748615e-005
       1330.8824  9.8498146e-005
       1331.8015  5.3159524e-005
       1332.7206  -0.00047940759
       1333.6397  -0.00015348982
       1334.5588   0.00051653709
       1335.4779   0.00093175267
       1336.3971   0.00089317701
       1337.3162  5.6914006e-005
       1338.2353  -0.00053921811
       1339.1544  -0.00055238695
       1340.0735  -0.00065232813
       1340.9926  -0.00092683010
       1341.9118  -0.00072062315
       1342.8309  -0.00017817012
       1343.7500  -0.00012190770
       1344.6691  -0.00022698646
       1345.5882  2.5460710e-005
       1346.5074   0.00040206798
       1347.4265   0.00051556710
       1348.3456   0.00058595827
       1349.2647   0.00064775657
       1350.1838   0.00038960619
       1351.1029   0.00033277135
       1352.0221   0.00071763510
       1352.9412   0.00069595297
       1353.8603   0.00033939628
       1354.7794   0.00041132326
       1355.6985   0.00034262004
       1356.6176 -5.1536194e-005
       1357.5368  -0.00010121003
       1358.4559   0.00031781260
       1359.3750   0.00082147524
       1360.2941   0.00065379043
       1361.2132 -8.6698372e-005
       1362.1324  -0.00020228338
       1363.0515  7.6444668e-006
       1363.9706  -0.00020175704
       1364.8897 -9.9642564e-005
       1365.8088  8.5112704e-005
       1366.7279 -1.9332926e-007
       1367.6471  6.6813157e-005
       1368.5662   0.00013885585
       1369.4853   0.00018125017
       1370.4044   0.00049695978
       1371.3235   0.00064176422
       1372.2426   0.00024268416
       1373.1618   0.00017138198
       1374.0809   0.00049329388
       1375.0000   0.00047431578
       1375.9191   0.00026523294
       1376.8382   0.00026316023
       1377.7574   0.00045075160
       1378.6765   0.00041252780
       1379.5956   0.00040190146
       1380.5147   0.00041280600
       1381.4338  4.0360414e-005
       1382.3529 -1.4988066e-006
       1383.2721   0.00014605179
       1384.1912   0.00013383700
       1385.1103   0.00020646730
       1386.0294   0.00028841816
       1386.9485   0.00041474557
       1387.8676   0.00030365519
       1388.7868   0.00010823512
       1389.7059  1.1067372e-005
       1390.6250 -3.5481719e-005
       1391.5441   0.00020124137
       1392.4632   0.00029163127
       1393.3824   0.00028073170
       1394.3015   0.00049046287
       1395.2206   0.00042346054
       1396.1397   0.00018826519
       1397.0588   0.00031146219
       1397.9779   0.00043554028
       1398.8971   0.00019788383
       1399.8162 -8.5982735e-006
       1400.7353  -0.00016754154
       1401.6544  -0.00034333197
       1402.5735  -0.00023719414
       1403.4926  -0.00026318002
       1404.4118  -0.00019606809
       1405.3309   0.00022446420
       1406.2500   0.00016268668
       1407.1691  -0.00013987807
       1408.0882 -9.8113114e-005
       1409.0074  -0.00010287107
       1409.9265  -0.00041208528
       1410.8456  -0.00053910623
       1411.7647  -0.00015076978
       1412.6838   0.00032885415
       1413.6029  4.8204857e-005
       1414.5221  -0.00039558849
       1415.4412  -0.00035448443
       1416.3603  -0.00042601742
       1417.2794  -0.00014667676
       1418.1985  7.8153068e-005
       1419.1176  -0.00022871293
       1420.0368  -0.00039433537
       1420.9559  -0.00035308192
       1421.8750  -0.00064902083
       1422.7941  -0.00094641945
       1423.7132  -0.00040183289
       1424.6324 -5.0940805e-005
       1425.5515  -0.00025766826
       1426.4706  -0.00041643547
       1427.3897  -0.00035342299
       1428.3088  -0.00022779505
       1429.2279  -0.00030995949
       1430.1471  -0.00039306749
       1431.0662  -0.00035176830
       1431.9853  -0.00021345750
       1432.9044  -0.00024679350
       1433.8235  -0.00021050700
       1434.7426 -5.3645490e-005
       1435.6618  -0.00034676531
       1436.5809  -0.00069569895
       1437.5000  -0.00050660353
       1438.4191  -0.00018188597
       1439.3382  -0.00028460518
       1440.2574  -0.00024833530
       1441.1765   0.00014706922
       1442.0956  5.7992646e-005
       1443.0147  -0.00040955355
       1443.9338  -0.00076133037
       1444.8529  -0.00054840289
       1445.7721   0.00023920545
       1446.6912   0.00055170313
       1447.6103 -3.2153510e-005
       1448.5294  -0.00048001813
       1449.4485  -0.00010545790
       1450.3676   0.00039749494
       1451.2868   0.00038279885
       1452.2059 -4.3836773e-005
       1453.1250  -0.00058014634
       1454.0441  -0.00052008859
       1454.9632   0.00012520845
       1455.8824   0.00037754443
       1456.8015   0.00014798993
       1457.7206 -5.4243267e-005
       1458.6397   0.00011971803
       1459.5588   0.00031352169
       1460.4779   0.00024190263
       1461.3971   0.00016201452
       1462.3162  4.1868736e-005
       1463.2353  -0.00039553174
       1464.1544  -0.00051339715
       1465.0735   0.00021122927
       1465.9926   0.00060598082
       1466.9118   0.00018363484
       1467.8309  -0.00011920347
       1468.7500   0.00018147669
       1469.6691   0.00041372639
       1470.5882   0.00025982970
       1471.5074  8.1642480e-006
       1472.4265  -0.00011360560
       1473.3456  4.3418869e-005
       1474.2647   0.00022909941
       1475.1838   0.00023651923
       1476.1029   0.00029095362
       1477.0221   0.00029249291
       1477.9412 -2.5220338e-005
       1478.8603  -0.00033702816
       1479.7794  -0.00026319369
       1480.6985  7.7019199e-005
       1481.6176   0.00018009675
       1482.5368  8.7364459e-005
       1483.4559  3.7735256e-005
       1484.3750  -0.00015717918
       1485.2941  -0.00034318395
       1486.2132  -0.00035490822
       1487.1324  -0.00038171007
       1488.0515  -0.00035261939
       1488.9706  -0.00017428442
       1489.8897 -8.1129724e-005
       1490.8088  -0.00019020900
       1491.7279  -0.00023210850
       1492.6471  -0.00012811198
       1493.5662  -0.00024111251
       1494.4853  -0.00049713341
       1495.4044  -0.00049804317
       1496.3235  -0.00043431865
       1497.2426  -0.00030579401
       1498.1618  -0.00026887443
       1499.0809  -0.00066110686
       1500.0000  -0.00092242458
       1500.9191  -0.00056201210
       1501.8382 -4.1740525e-005
       1502.7574  5.4835335e-006
       1503.6765  -0.00036415288
       1504.5956  -0.00065461609
       1505.5147  -0.00062099159
       1506.4338  -0.00038407329
       1507.3529  -0.00028818942
       1508.2721  -0.00048648104
       1509.1912  -0.00063951895
       1510.1103  -0.00061414337
       1511.0294  -0.00053726497
       1511.9485  -0.00047636868
       1512.8676  -0.00025126919
       1513.7868 -2.1546453e-005
       1514.7059  -0.00019680761
       1515.6250  -0.00039862118
       1516.5441  -0.00017879626
       1517.4632  -0.00012012902
       1518.3824  -0.00040711072
       1519.3015  -0.00041789304
       1520.2206  -0.00024814691
       1521.1397  -0.00030115215
       1522.0588  -0.00051685699
       1522.9779  -0.00044087685
       1523.8971  -0.00017365956
       1524.8162  8.6204006e-006
       1525.7353   0.00012839302
       1526.6544 -1.2265483e-005
       1527.5735  -0.00026271329
       1528.4926  -0.00029710011
       1529.4118  -0.00021749940
       1530.3309  -0.00028141824
       1531.2500  -0.00041016187
       1532.1691  -0.00047497585
       1533.0882  -0.00043244089
       1534.0074  -0.00034899499
       1534.9265  -0.00035134825
       1535.8456  -0.00039970349
       1536.7647  -0.00033860173
       1537.6838 -9.5621267e-005
       1538.6029 -3.1161705e-005
       1539.5221 -6.2444288e-005
       1540.4412   0.00012582376
       1541.3603   0.00024974054
       1542.2794   0.00019446446
       1543.1985   0.00017822174
       1544.1176   0.00010035877
       1545.0368  -0.00016824596
       1545.9559  -0.00029994180
       1546.8750 -5.5289043e-006
       1547.7941   0.00033017244
       1548.7132   0.00027385218
       1549.6324  8.6190537e-005
       1550.5515  4.1202383e-005
       1551.4706   0.00018782629
       1552.3897   0.00039165745
       1553.3088   0.00037061113
       1554.2279   0.00017401400
       1555.1471  8.0498617e-005
       1556.0662  6.7699103e-005
       1556.9853   0.00015796981
       1557.9044   0.00031323316
       1558.8235   0.00051125336
       1559.7426   0.00082511559
       1560.6618   0.00084462937
       1561.5809   0.00067476516
       1562.5000   0.00063810763
       1563.4191   0.00074193919
       1564.3382   0.00073792040
       1565.2574   0.00038129971
       1566.1765   0.00010822464
       1567.0956   0.00028520010
       1568.0147   0.00070836793
       1568.9338   0.00078135842
       1569.8529   0.00059376667
       1570.7721   0.00090536732
       1571.6912    0.0011896714
       1572.6103    0.0010639735
       1573.5294    0.0012234266
       1574.4485    0.0013434111
       1575.3676    0.0014644463
       1576.2868    0.0018953349
       1577.2059    0.0021043075
       1578.1250    0.0017949235
       1579.0441    0.0014549089
       1579.9632    0.0015779461
       1580.8824    0.0016732538
       1581.8015    0.0019874251
       1582.7206    0.0023649857
       1583.6397    0.0021825582
       1584.5588    0.0021517455
       1585.4779    0.0022211931
       1586.3971    0.0017128378
       1587.3162    0.0012189482
       1588.2353    0.0014111690
       1589.1544    0.0013987470
       1590.0735    0.0014504482
       1590.9926    0.0027400269
       1591.9118    0.0036279948
       1592.8309    0.0027684413
       1593.7500    0.0020371123
       1594.6691    0.0030215852
       1595.5882    0.0042042616
       1596.5074    0.0034851338
       1597.4265    0.0027248872
       1598.3456    0.0042138092
       1599.2647    0.0044792717
       1600.1838    0.0035098033
       1601.1029    0.0056156360
       1602.0221    0.0080361344
       1602.9412    0.0086760395
       1603.8603    0.0090751932
       1604.7794    0.0098095978
       1605.6985     0.013467475
       1606.6176     0.015761033
       1607.5368     0.013366836
       1608.4559     0.012595973
       1609.3750     0.010643676
       1610.2941     0.013945364
       1611.2132     0.028328608
       1612.1324     0.031254490
       1613.0515     0.016559630
       1613.9706   -0.0058054930
       1614.8897    -0.018122604
       1615.8088     0.046378845
       1616.7279      0.22508479
       1617.6471      0.64933998
       1618.5662       10.788699
       1619.4853       1.7258912
       1620.4044      0.18745233
       1621.3235     0.066387720
       1622.2426     0.028728555
       1623.1618     0.028087229
       1624.0809     0.026111035
       1625.0000     0.025776404
       1625.9191     0.029669407
       1626.8382     0.028400303
       1627.7574     0.021650995
       1628.6765     0.012934181
       1629.5956    0.0031548662
       1630.5147   -0.0014732500
       1631.4338    0.0036712543
       1632.3529    0.0077693710
       1633.2721    0.0084459336
       1634.1912    0.0091733359
       1635.1103    0.0074652443
       1636.0294    0.0048752358
       1636.9485    0.0036517474
       1637.8676    0.0043956517
       1638.7868    0.0045284628
       1639.7059    0.0022755185
       1640.6250    0.0011994120
       1641.5441    0.0023333093
       1642.4632    0.0024909785
       1643.3824    0.0011598573
       1644.3015   0.00071565453
       1645.2206    0.0013828689
       1646.1397    0.0017074767
       1647.0588    0.0016664987
       1647.9779    0.0018028442
       1648.8971    0.0013166033
       1649.8162 -6.0129903e-005
       1650.7353  -0.00086103822
       1651.6544  -0.00041216693
       1652.5735   0.00020721041
       1653.4926  8.0757298e-006
       1654.4118  -0.00052249019
       1655.3309  -0.00060917390
       1656.2500  -0.00021956907
       1657.1691 -3.2814154e-005
       1658.0882  -0.00026597494
       1659.0074  -0.00065579480
       1659.9265  -0.00076643002
       1660.8456  -0.00034297705
       1661.7647  -0.00051089230
       1662.6838   -0.0012325259
       1663.6029   -0.0011757489
       1664.5221  -0.00094407903
       1665.4412   -0.0011354582
       1666.3603   -0.0010242271
       1667.2794  -0.00079156007
       1668.1985  -0.00077727648
       1669.1176  -0.00076428137
       1670.0368  -0.00058396008
       1670.9559  -0.00041874004
       1671.8750  -0.00047477719
       1672.7941  -0.00057968813
       1673.7132  -0.00048780876
       1674.6324  -0.00027669594
       1675.5515  -0.00013140466
       1676.4706  8.2202701e-005
       1677.3897   0.00011832672
       1678.3088  -0.00011038117
       1679.2279 -5.1370575e-005
       1680.1471   0.00030187040
       1681.0662   0.00057378665
       1681.9853   0.00051838204
       1682.9044   0.00016570927
       1683.8235  4.0062256e-005
       1684.7426   0.00029625522
       1685.6618   0.00041832218
       1686.5809   0.00022771554
       1687.5000  2.5075952e-006
       1688.4191  2.1333412e-005
       1689.3382   0.00027567226
       1690.2574   0.00029705139
       1691.1765   0.00028405816
       1692.0956   0.00052513487
       1693.0147   0.00054851575
       1693.9338   0.00043355825
       1694.8529   0.00049159297
       1695.7721   0.00046805369
       1696.6912   0.00037160095
       1697.6103   0.00040020813
       1698.5294   0.00040407238
       1699.4485   0.00046239858
       1700.3676   0.00060548446
       1701.2868   0.00052495602
       1702.2059   0.00043219035
       1703.1250   0.00049633455
       1704.0441   0.00037091997
       1704.9632   0.00025898357
       1705.8824   0.00042503845
       1706.8015   0.00064009909
       1707.7206   0.00064916746
       1708.6397   0.00060388898
       1709.5588   0.00063756391
       1710.4779   0.00057588394
       1711.3971   0.00057405718
       1712.3162   0.00060966820
       1713.2353   0.00054399734
       1714.1544   0.00051247223
       1715.0735   0.00048304496
       1715.9926   0.00034678300
       1716.9118   0.00025223964
       1717.8309   0.00032994865
       1718.7500   0.00039304770
       1719.6691   0.00034341131
       1720.5882   0.00037764021
       1721.5074   0.00046280247
       1722.4265   0.00036606434
       1723.3456   0.00028778000
       1724.2647   0.00030390342
       1725.1838   0.00029268122
       1726.1029   0.00032539413
       1727.0221   0.00028605085
       1727.9412   0.00021084570
       1728.8603   0.00024708542
       1729.7794   0.00028327788
       1730.6985   0.00024439182
       1731.6176   0.00012297866
       1732.5368  5.3571785e-005
       1733.4559   0.00015279126
       1734.3750   0.00020872749
       1735.2941   0.00015914141
       1736.2132   0.00015995807
       1737.1324   0.00012928963
       1738.0515  6.3921062e-005
       1738.9706   0.00012156457
       1739.8897  6.9860202e-005
       1740.8088  -0.00012625602
       1741.7279  -0.00014243337
       1742.6471  -0.00011833103
       1743.5662  -0.00021736178
       1744.4853  -0.00026613619
       1745.4044  -0.00021313821
       1746.3235  -0.00013017603
       1747.2426  -0.00013168378
       1748.1618  -0.00021997460
       1749.0809  -0.00023794481
       1750.0000  -0.00028243978
       1750.9191  -0.00027428151
       1751.8382  -0.00016781112
       1752.7574  -0.00021645603
       1753.6765  -0.00031275904
       1754.5956  -0.00036408683
       1755.5147  -0.00037008097
       1756.4338  -0.00037357139
       1757.3529  -0.00043168775
       1758.2721  -0.00043665598
       1759.1912  -0.00039708031
       1760.1103  -0.00042046119
       1761.0294  -0.00048651199
       1761.9485  -0.00050830073
       1762.8676  -0.00048308088
       1763.7868  -0.00049463163
       1764.7059  -0.00054079124
       1765.6250  -0.00044104725
       1766.5441  -0.00024603792
       1767.4632  -0.00017206158
       1768.3824  -0.00023745996
       1769.3015  -0.00030600158
       1770.2206  -0.00032320790
       1771.1397  -0.00038561066
       1772.0588  -0.00043938612
       1772.9779  -0.00039420309
       1773.8971  -0.00031838347
       1774.8162  -0.00027734315
       1775.7353  -0.00023706650
       1776.6544  -0.00020720052
       1777.5735  -0.00020876704
       1778.4926  -0.00017190128
       1779.4118  -0.00011217617
       1780.3309 -9.6418987e-005
       1781.2500  -0.00019636035
       1782.1691  -0.00030930665
       1783.0882  -0.00026318414
       1784.0074  -0.00016870623
       1784.9265  -0.00014135201
       1785.8456  -0.00010764413
       1786.7647 -6.4261916e-005
       1787.6838 -8.5126450e-005
       1788.6029 -6.3846111e-005
       1789.5221  1.4816502e-005
       1790.4412  6.5521508e-005
       1791.3603   0.00016602246
       1792.2794   0.00016830338
       1793.1985  1.6517186e-005
       1794.1176  6.4058231e-006
       1795.0368  1.3320862e-005
       1795.9559 -5.6923673e-005
       1796.8750  1.4881437e-005
       1797.7941  8.7559578e-005
       1798.7132  6.9924592e-005
       1799.6324  4.6271881e-005
       1800.5515  3.5327285e-005
       1801.4706  7.7889231e-005
       1802.3897   0.00012281956
       1803.3088   0.00014044788
       1804.2279   0.00012918068
       1805.1471  6.4088843e-005
       1806.0662  6.5576551e-005
       1806.9853   0.00015462112
       1807.9044   0.00018532092
       1808.8235   0.00014829882
       1809.7426   0.00017706106
       1810.6618   0.00026677326
       1811.5809   0.00027728273
       1812.5000   0.00028658233
       1813.4191   0.00032977817
       1814.3382   0.00034076713
       1815.2574   0.00036709343
       1816.1765   0.00039307306
       1817.0956   0.00039068124
       1818.0147   0.00036219140
       1818.9338   0.00037310981
       1819.8529   0.00039727623
       1820.7721   0.00034247609
       1821.6912   0.00031039945
       1822.6103   0.00029166557
       1823.5294   0.00023972235
       1824.4485   0.00026494362
       1825.3676   0.00035110484
       1826.2868   0.00042013034
       1827.2059   0.00043079587
       1828.1250   0.00040131604
       1829.0441   0.00036542352
       1829.9632   0.00032341443
       1830.8824   0.00033156242
       1831.8015   0.00033382578
       1832.7206   0.00027260302
       1833.6397   0.00019448519
       1834.5588   0.00015682956
       1835.4779   0.00020245035
       1836.3971   0.00020384020
       1837.3162   0.00015655268
       1838.2353   0.00020532516
       1839.1544   0.00026054570
       1840.0735   0.00019306337
       1840.9926  8.0297646e-005
       1841.9118  8.7485235e-005
       1842.8309   0.00012224910
       1843.7500  6.9144694e-005
       1844.6691  5.9701882e-005
       1845.5882  1.7522283e-005
       1846.5074 -7.9557103e-005
       1847.4265  -0.00012060430
       1848.3456  -0.00015860807
       1849.2647  -0.00014078370
       1850.1838 -6.1052361e-005
       1851.1029 -4.8454271e-005
       1852.0221 -6.3748585e-005
       1852.9412 -6.1238729e-005
       1853.8603  -0.00012297804
       1854.7794  -0.00013387830
       1855.6985 -5.5581047e-005
       1856.6176 -6.0952000e-005
       1857.5368  -0.00011733708
       1858.4559  -0.00010904473
       1859.3750  -0.00011119516
       1860.2941  -0.00017542143
       1861.2132  -0.00020263012
       1862.1324  -0.00020263517
       1863.0515  -0.00016538698
       1863.9706  -0.00010914787
       1864.8897  -0.00012076095
       1865.8088  -0.00013408679
       1866.7279  -0.00010881164
       1867.6471 -3.7044750e-005
       1868.5662  3.2329611e-005
       1869.4853 -3.5196998e-006
       1870.4044 -6.7124935e-005
       1871.3235 -3.0110854e-005
       1872.2426  2.6706876e-005
       1873.1618 -1.0230277e-005
       1874.0809 -7.3899088e-005
