# freq (Hz)     alpha (1/mm)
2.20000E+10	3.3300E-04
2.50000E+10	4.5200E-04
3.50000E+10	3.1700E-04
9.40000E+10	5.9500E-04
1.50000E+11	1.3100E-03
1.62848E+11	1.1909E-03
1.77380E+11	1.3425E-03
1.91280E+11	1.4941E-03
2.05807E+11	1.6240E-03
2.20326E+11	1.7106E-03
2.36127E+11	1.9055E-03
2.50014E+11	1.9921E-03
2.65167E+11	2.1004E-03
2.81590E+11	2.2520E-03
3.08783E+11	2.6634E-03
3.23379E+11	3.1398E-03
3.38102E+11	4.2441E-03
3.52146E+11	5.1102E-03
3.67995E+11	5.5433E-03
3.83204E+11	5.9331E-03
3.98396E+11	6.2362E-03
4.11706E+11	6.5827E-03
4.26298E+11	7.0374E-03
4.40907E+11	7.5787E-03
4.56773E+11	8.0984E-03
4.70126E+11	8.6614E-03
4.78674E+11	1.0891E-02
4.85384E+11	9.2894E-03
5.00632E+11	9.8740E-03
5.08599E+11	1.2035E-02
5.15281E+11	1.0610E-02
5.36654E+11	1.3186E-02
5.57214E+11	1.3122E-02
5.79662E+11	1.4290E-02
6.02110E+11	1.5457E-02
6.22670E+11	1.5394E-02
6.47006E+11	1.7793E-02
6.71304E+11	1.7718E-02
6.95641E+11	2.0117E-02
7.10593E+11	2.0070E-02
7.34930E+11	2.2469E-02
7.55508E+11	2.3643E-02
7.77956E+11	2.4810E-02
7.96647E+11	2.4753E-02
8.19115E+11	2.7157E-02
8.39713E+11	2.9568E-02
8.65938E+11	3.3198E-02
8.79041E+11	3.4395E-02
8.95920E+11	3.8054E-02
9.12780E+11	4.0476E-02
9.31529E+11	4.4129E-02
9.52108E+11	4.5303E-02
9.72668E+11	4.5239E-02
9.93246E+11	4.6413E-02
1.00820E+12	4.6366E-02
1.07646E+12	1.0210E-01
1.07737E+12	1.0216E-01
1.07994E+12	1.0222E-01
1.08403E+12	1.0240E-01
1.08982E+12	1.0264E-01
1.09687E+12	1.0289E-01
1.10520E+12	1.0319E-01
1.11484E+12	1.0361E-01
1.12567E+12	1.0397E-01
1.15022E+12	1.0488E-01
1.17828E+12	1.0591E-01
1.20922E+12	1.0700E-01
1.24184E+12	1.0815E-01
1.27534E+12	1.0930E-01
1.30883E+12	1.1039E-01
1.34076E+12	1.1142E-01
1.37000E+12	1.1233E-01
1.38331E+12	1.1270E-01
1.39538E+12	1.1312E-01
1.40598E+12	1.1343E-01
1.41507E+12	1.1367E-01
1.42263E+12	1.1391E-01
1.42802E+12	1.1410E-01
1.43142E+12	1.1416E-01
1.43263E+12	1.1422E-01
1.43363E+12	1.1428E-01
1.43665E+12	1.1434E-01
1.44149E+12	1.1452E-01
1.44796E+12	1.1477E-01
1.45590E+12	1.1501E-01
1.46552E+12	1.1532E-01
1.47665E+12	1.1574E-01
1.48890E+12	1.1611E-01
1.51691E+12	1.1703E-01
1.54891E+12	1.1807E-01
1.58380E+12	1.1917E-01
1.62061E+12	1.2033E-01
1.65828E+12	1.2150E-01
1.69564E+12	1.2260E-01
1.73141E+12	1.2364E-01
1.76398E+12	1.2456E-01
1.77862E+12	1.2493E-01
1.79213E+12	1.2536E-01
1.80397E+12	1.2567E-01
1.81385E+12	1.2592E-01
1.82200E+12	1.2616E-01
1.82814E+12	1.2635E-01
1.83198E+12	1.2641E-01
1.83327E+12	1.2647E-01
1.83455E+12	1.2653E-01
1.83841E+12	1.2672E-01
1.84460E+12	1.2696E-01
1.85289E+12	1.2734E-01
1.86304E+12	1.2777E-01
1.87535E+12	1.2833E-01
1.88959E+12	1.2888E-01
1.90527E+12	1.2956E-01
1.94111E+12	1.3105E-01
1.98205E+12	1.3273E-01
2.02669E+12	1.3453E-01
2.07380E+12	1.3639E-01
2.12199E+12	1.3826E-01
2.16979E+12	1.4007E-01
2.21556E+12	1.4176E-01
2.25723E+12	1.4326E-01
2.27596E+12	1.4395E-01
2.29324E+12	1.4451E-01
2.30839E+12	1.4507E-01
2.32104E+12	1.4551E-01
2.33147E+12	1.4589E-01
2.33932E+12	1.4614E-01
2.34424E+12	1.4633E-01
2.34588E+12	1.4639E-01
2.34720E+12	1.4652E-01
2.35115E+12	1.4689E-01
2.35774E+12	1.4746E-01
2.36634E+12	1.4822E-01
2.37696E+12	1.4923E-01
2.38998E+12	1.5036E-01
2.42097E+12	1.5308E-01
2.45820E+12	1.5638E-01
2.50055E+12	1.6000E-01
2.54649E+12	1.6395E-01
2.59472E+12	1.6798E-01
2.64386E+12	1.7202E-01
2.69243E+12	1.7600E-01
2.73882E+12	1.7968E-01
2.78094E+12	1.8304E-01
2.81700E+12	1.8583E-01
2.83242E+12	1.8700E-01
2.84514E+12	1.8804E-01
2.85552E+12	1.8882E-01
2.86353E+12	1.8940E-01
2.86834E+12	1.8979E-01
2.86995E+12	1.8992E-01
2.87115E+12	1.9005E-01
2.87517E+12	1.9044E-01
2.89011E+12	1.9181E-01
2.91326E+12	1.9403E-01
2.94360E+12	1.9684E-01
2.98009E+12	2.0025E-01
3.02125E+12	2.0399E-01
3.06599E+12	2.0808E-01
3.11270E+12	2.1224E-01
3.16012E+12	2.1642E-01
3.20692E+12	2.2054E-01
3.25122E+12	2.2435E-01
3.29152E+12	2.2782E-01
3.32579E+12	2.3071E-01
3.35244E+12	2.3299E-01
3.36985E+12	2.3441E-01
3.37457E+12	2.3481E-01
3.37599E+12	2.3494E-01
3.38119E+12	2.3542E-01
3.39542E+12	2.3670E-01
3.41831E+12	2.3865E-01
3.44762E+12	2.4129E-01
3.48304E+12	2.4434E-01
3.52275E+12	2.4780E-01
3.61062E+12	2.5530E-01
3.70068E+12	2.6285E-01
3.74288E+12	2.6636E-01
3.78133E+12	2.6947E-01
3.81376E+12	2.7216E-01
3.83947E+12	2.7417E-01
3.85563E+12	2.7549E-01
3.86157E+12	2.7598E-01
3.86590E+12	2.7612E-01
3.87729E+12	2.7660E-01
3.89579E+12	2.7723E-01
3.91933E+12	2.7813E-01
3.94798E+12	2.7917E-01
3.97962E+12	2.8035E-01
4.04991E+12	2.8293E-01
4.12144E+12	2.8551E-01
4.15448E+12	2.8669E-01
4.18485E+12	2.8774E-01
4.21013E+12	2.8865E-01
4.23023E+12	2.8928E-01
4.24269E+12	2.8977E-01
4.24745E+12	2.8991E-01
4.25220E+12	2.9054E-01
4.26590E+12	2.9223E-01
4.28684E+12	2.9484E-01
4.31451E+12	2.9830E-01
4.34783E+12	3.0233E-01
4.38509E+12	3.0688E-01
4.46681E+12	3.1687E-01
4.55006E+12	3.2695E-01
4.58905E+12	3.3158E-01
4.62384E+12	3.3571E-01
4.65434E+12	3.3928E-01
4.67718E+12	3.4198E-01
4.69226E+12	3.4373E-01
4.69751E+12	3.4439E-01
4.69816E+12	3.4461E-01
4.70079E+12	3.4527E-01
4.71130E+12	3.4769E-01
4.72645E+12	3.5144E-01
4.74696E+12	3.5638E-01
4.77087E+12	3.6215E-01
4.79826E+12	3.6870E-01
4.82715E+12	3.7573E-01
4.85758E+12	3.8302E-01
4.88819E+12	3.9035E-01
4.91763E+12	3.9749E-01
4.94586E+12	4.0421E-01
4.97078E+12	4.1027E-01
4.99234E+12	4.1536E-01
5.00840E+12	4.1931E-01
5.01960E+12	4.2186E-01
5.02240E+12	4.2256E-01
5.02310E+12	4.2279E-01
5.02380E+12	4.2318E-01
5.02449E+12	4.2419E-01
5.02657E+12	4.2598E-01
5.02936E+12	4.2824E-01
5.03213E+12	4.3121E-01
5.03561E+12	4.3458E-01
5.04049E+12	4.3850E-01
5.04466E+12	4.4283E-01
5.05513E+12	4.5265E-01
5.06701E+12	4.6373E-01
5.07963E+12	4.7564E-01
5.09299E+12	4.8806E-01
5.10638E+12	5.0060E-01
5.11909E+12	5.1285E-01
5.13113E+12	5.2445E-01
5.14177E+12	5.3489E-01
5.14603E+12	5.3954E-01
5.15102E+12	5.4379E-01
5.15458E+12	5.4745E-01
5.15742E+12	5.5070E-01
5.16027E+12	5.5318E-01
5.16242E+12	5.5515E-01
5.16312E+12	5.5627E-01
5.16384E+12	5.5669E-01
5.16456E+12	5.5712E-01
5.16671E+12	5.5850E-01
5.16958E+12	5.6065E-01
5.17388E+12	5.6367E-01
5.17891E+12	5.6730E-01
5.18538E+12	5.7164E-01
5.19185E+12	5.7668E-01
5.19978E+12	5.8219E-01
5.21712E+12	5.9467E-01
5.23670E+12	6.0880E-01
5.25781E+12	6.2407E-01
5.27974E+12	6.3997E-01
5.30176E+12	6.5607E-01
5.32313E+12	6.7189E-01
5.34310E+12	6.8686E-01
5.36092E+12	7.0037E-01
5.36911E+12	7.0641E-01
5.37581E+12	7.1200E-01
5.38253E+12	7.1683E-01
5.38776E+12	7.2090E-01
5.39225E+12	7.2431E-01
5.39524E+12	7.2675E-01
5.39749E+12	7.2831E-01
5.39824E+12	7.2880E-01
5.39898E+12	7.2968E-01
5.39971E+12	7.3212E-01
5.40192E+12	7.3615E-01
5.40488E+12	7.4166E-01
5.40782E+12	7.4839E-01
5.41150E+12	7.5654E-01
5.41670E+12	7.6576E-01
5.42112E+12	7.7604E-01
5.42706E+12	7.8733E-01
5.43223E+12	7.9954E-01
5.43892E+12	8.1259E-01
5.44485E+12	8.2629E-01
5.45824E+12	8.5541E-01
5.47242E+12	8.8629E-01
5.48663E+12	9.1789E-01
5.50013E+12	9.4911E-01
5.50612E+12	9.6430E-01
5.51291E+12	9.7907E-01
5.51816E+12	9.9318E-01
5.52420E+12	1.0065E+00
5.52871E+12	1.0188E+00
5.53402E+12	1.0300E+00
5.53779E+12	1.0401E+00
5.54080E+12	1.0485E+00
5.54383E+12	1.0555E+00
5.54611E+12	1.0606E+00
5.54685E+12	1.0638E+00
5.54761E+12	1.0659E+00
5.54762E+12	1.0649E+00
5.54836E+12	1.0687E+00
5.54908E+12	1.0732E+00
5.54980E+12	1.0794E+00
5.55127E+12	1.0872E+00
5.55273E+12	1.0963E+00
5.55496E+12	1.1069E+00
5.55640E+12	1.1187E+00
5.55860E+12	1.1316E+00
5.56158E+12	1.1455E+00
5.56595E+12	1.1760E+00
5.57187E+12	1.2095E+00
5.57701E+12	1.2450E+00
5.58214E+12	1.2815E+00
5.58808E+12	1.3178E+00
5.59248E+12	1.3526E+00
5.59547E+12	1.3691E+00
5.59691E+12	1.3847E+00
5.59914E+12	1.3991E+00
5.60138E+12	1.4125E+00
5.60286E+12	1.4241E+00
5.60435E+12	1.4342E+00
5.60507E+12	1.4423E+00
5.60580E+12	1.4483E+00
5.60654E+12	1.4544E+00
5.60655E+12	1.4534E+00
5.60656E+12	1.4520E+00
5.60731E+12	1.4571E+00
5.60806E+12	1.4613E+00
5.60879E+12	1.4674E+00
5.61031E+12	1.4748E+00
5.61181E+12	1.4835E+00
5.61409E+12	1.4935E+00
5.61558E+12	1.5049E+00
5.62090E+12	1.5305E+00
5.62540E+12	1.5598E+00
5.63148E+12	1.5918E+00
5.63676E+12	1.6256E+00
5.64205E+12	1.6603E+00
5.64815E+12	1.6950E+00
5.65268E+12	1.7281E+00
5.65723E+12	1.7584E+00
5.65953E+12	1.7722E+00
5.66183E+12	1.7847E+00
5.66334E+12	1.7957E+00
5.66487E+12	1.8053E+00
5.66562E+12	1.8130E+00
5.66638E+12	1.8185E+00
5.66714E+12	1.8234E+00
5.66715E+12	1.8221E+00
5.66918E+12	1.2031E+00
5.67150E+12	1.2076E+00
5.67263E+12	1.2118E+00
5.67268E+12	1.2090E+00
5.67489E+12	1.2198E+00
5.67707E+12	1.2325E+00
5.67917E+12	1.2500E+00
5.68239E+12	1.2719E+00
5.68675E+12	1.2979E+00
5.69227E+12	1.3275E+00
5.69652E+12	1.3605E+00
5.70315E+12	1.3967E+00
5.70852E+12	1.4359E+00
5.71508E+12	1.4778E+00
5.72161E+12	1.5220E+00
5.73583E+12	1.6161E+00
5.75127E+12	1.7154E+00
5.76553E+12	1.8173E+00
5.77987E+12	1.9188E+00
5.78647E+12	1.9681E+00
5.79312E+12	2.0160E+00
5.79858E+12	2.0618E+00
5.80532E+12	2.1050E+00
5.80966E+12	2.1451E+00
5.81529E+12	2.1820E+00
5.81975E+12	2.2144E+00
5.82306E+12	2.2423E+00
5.82521E+12	2.2648E+00
5.82745E+12	2.2813E+00
5.82969E+12	2.2973E+00
5.82972E+12	2.2954E+00
5.82977E+12	2.2917E+00
5.83074E+12	2.3108E+00
5.83086E+12	2.3025E+00
5.83182E+12	2.3220E+00
5.83285E+12	2.3363E+00
5.83386E+12	2.3528E+00
5.83607E+12	2.3718E+00
5.83702E+12	2.3929E+00
5.84132E+12	2.4411E+00
5.84554E+12	2.4954E+00
5.85094E+12	2.5547E+00
5.85510E+12	2.6162E+00
5.85926E+12	2.6790E+00
5.86468E+12	2.7411E+00
5.86892E+12	2.7997E+00
5.87199E+12	2.8531E+00
5.87419E+12	2.8768E+00
5.87641E+12	2.8986E+00
5.87743E+12	2.9176E+00
5.87847E+12	2.9341E+00
5.87945E+12	2.9569E+00
5.87956E+12	2.9472E+00
5.88057E+12	2.9671E+00
5.88059E+12	2.9653E+00
5.88062E+12	2.9631E+00
5.88164E+12	2.9821E+00
5.88175E+12	2.9729E+00
5.88274E+12	2.9945E+00
5.88380E+12	3.0099E+00
5.88483E+12	3.0284E+00
5.88708E+12	3.0491E+00
5.88805E+12	3.0726E+00
5.89243E+12	3.1256E+00
5.89675E+12	3.1855E+00
5.90226E+12	3.2506E+00
5.90651E+12	3.3191E+00
5.91075E+12	3.3888E+00
5.91629E+12	3.4574E+00
5.92062E+12	3.5225E+00
5.92199E+12	4.9240E+00
5.92203E+12	4.9187E+00
5.92206E+12	4.9145E+00
5.92215E+12	4.9027E+00
5.92229E+12	4.8838E+00
5.92248E+12	4.8581E+00
5.92272E+12	4.8267E+00
5.92300E+12	4.7903E+00
5.92332E+12	4.7486E+00
5.92367E+12	4.7035E+00
5.92376E+12	3.5818E+00
5.92405E+12	4.6549E+00
5.92440E+12	4.9389E+00
5.92447E+12	4.6031E+00
5.92535E+12	4.4945E+00
5.92600E+12	3.6087E+00
5.92630E+12	4.3809E+00
5.92672E+12	4.9639E+00
5.92728E+12	4.2670E+00
5.92826E+12	4.1568E+00
5.92827E+12	3.6327E+00
5.92900E+12	4.9971E+00
5.92921E+12	4.0523E+00
5.92930E+12	3.6542E+00
5.93010E+12	3.9575E+00
5.93038E+12	3.6724E+00
5.93051E+12	3.9139E+00
5.93090E+12	3.8740E+00
5.93125E+12	3.8377E+00
5.93137E+12	3.6981E+00
5.93148E+12	3.6872E+00
5.93157E+12	3.8048E+00
5.93185E+12	3.7766E+00
5.93208E+12	3.7526E+00
5.93228E+12	3.7332E+00
5.93242E+12	3.7191E+00
5.93246E+12	5.0390E+00
5.93251E+12	3.7103E+00
5.93254E+12	3.7073E+00
5.93256E+12	3.7051E+00
5.93714E+12	5.0894E+00
5.94302E+12	5.1473E+00
5.94761E+12	5.2118E+00
5.95469E+12	5.2839E+00
5.96047E+12	5.3626E+00
5.96750E+12	5.4469E+00
5.97451E+12	5.5372E+00
5.98978E+12	5.7328E+00
6.00631E+12	5.9454E+00
6.02162E+12	6.1691E+00
6.03700E+12	6.3992E+00
6.04410E+12	6.5141E+00
6.05122E+12	6.6270E+00
6.05710E+12	6.7375E+00
6.06431E+12	6.8435E+00
6.06900E+12	6.9425E+00
6.07501E+12	7.0350E+00
6.07980E+12	7.1184E+00
6.08335E+12	7.1899E+00
6.08569E+12	7.2478E+00
6.08808E+12	7.2926E+00
6.09051E+12	7.3293E+00
6.09053E+12	7.3238E+00
6.09055E+12	7.3195E+00
6.09189E+12	7.3076E+00
6.09329E+12	7.2808E+00
6.09603E+12	7.2457E+00
6.09880E+12	7.2024E+00
6.10290E+12	7.1524E+00
6.10703E+12	7.0958E+00
6.11119E+12	7.0339E+00
6.12090E+12	6.8975E+00
6.13199E+12	6.7514E+00
6.14444E+12	6.6006E+00
6.15696E+12	6.4509E+00
6.16949E+12	6.3066E+00
6.18202E+12	6.1713E+00
6.19322E+12	6.0492E+00
6.20306E+12	5.9421E+00
6.20729E+12	5.8956E+00
6.21149E+12	5.8542E+00
6.21566E+12	5.8184E+00
6.21849E+12	5.7881E+00
6.22128E+12	5.7639E+00
6.22272E+12	5.7456E+00
6.22410E+12	5.7347E+00
6.22413E+12	5.7311E+00
6.22415E+12	5.7274E+00
6.22554E+12	5.7158E+00
6.22566E+12	5.6971E+00
6.22715E+12	5.6720E+00
6.22866E+12	5.6413E+00
6.23022E+12	5.6052E+00
6.23314E+12	5.5646E+00
6.23475E+12	5.5203E+00
6.24072E+12	5.4216E+00
6.24676E+12	5.3148E+00
6.25286E+12	5.2032E+00
6.26032E+12	5.0915E+00
6.26646E+12	4.9828E+00
6.27258E+12	4.8799E+00
6.27866E+12	4.7865E+00
6.28466E+12	4.7042E+00
6.28629E+12	4.6684E+00
6.28923E+12	4.6362E+00
6.29080E+12	4.6082E+00
6.29233E+12	4.5847E+00
6.29383E+12	4.5656E+00
6.29395E+12	4.5515E+00
6.29536E+12	4.5429E+00
6.29539E+12	4.5402E+00
6.29542E+12	4.5370E+00
6.29684E+12	4.5267E+00
6.29698E+12	4.5106E+00
6.29851E+12	4.4888E+00
6.30008E+12	4.4617E+00
6.30170E+12	4.4301E+00
6.30469E+12	4.3946E+00
6.30638E+12	4.3558E+00
6.30943E+12	4.3138E+00
6.31252E+12	4.2692E+00
6.31877E+12	4.1746E+00
6.32642E+12	4.0764E+00
6.33277E+12	3.9772E+00
6.33913E+12	3.8801E+00
6.34681E+12	3.7888E+00
6.35309E+12	3.7047E+00
6.35620E+12	3.6664E+00
6.35794E+12	3.6310E+00
6.36099E+12	3.5989E+00
6.36401E+12	3.5701E+00
6.36564E+12	3.5448E+00
6.36723E+12	3.5234E+00
6.36878E+12	3.5063E+00
6.36892E+12	3.4938E+00
6.37036E+12	3.4859E+00
6.37039E+12	3.4834E+00
6.37042E+12	3.4809E+00
6.37186E+12	3.4731E+00
6.37335E+12	3.4607E+00
6.37625E+12	3.4439E+00
6.37919E+12	3.4230E+00
6.38354E+12	3.3986E+00
6.38792E+12	3.3711E+00
6.39234E+12	3.3407E+00
6.39680E+12	3.3080E+00
6.40264E+12	3.2737E+00
6.41442E+12	3.1997E+00
6.42764E+12	3.1222E+00
6.44092E+12	3.0439E+00
6.45285E+12	2.9671E+00
6.46615E+12	2.8939E+00
6.47804E+12	2.8266E+00
6.48396E+12	2.7961E+00
6.48848E+12	2.7676E+00
6.49298E+12	2.7414E+00
6.49743E+12	2.7181E+00
6.50186E+12	2.6976E+00
6.50486E+12	2.6803E+00
6.50782E+12	2.6664E+00
6.50934E+12	2.6563E+00
6.51082E+12	2.6499E+00
6.51084E+12	2.6479E+00
6.51086E+12	2.6469E+00
6.51229E+12	2.6436E+00
6.51385E+12	2.6315E+00
6.51688E+12	2.6125E+00
6.52138E+12	2.5882E+00
6.52734E+12	2.5595E+00
6.53335E+12	2.5278E+00
6.54078E+12	2.4943E+00
6.54685E+12	2.4599E+00
6.55292E+12	2.4257E+00
6.56038E+12	2.3931E+00
6.56642E+12	2.3626E+00
6.57102E+12	2.3355E+00
6.57695E+12	2.3129E+00
6.58002E+12	2.2953E+00
6.58159E+12	2.2843E+00
6.58303E+12	2.2812E+00
6.58305E+12	2.2803E+00
6.58447E+12	2.2784E+00
6.58875E+12	2.2732E+00
6.59447E+12	2.2650E+00
6.60304E+12	2.2540E+00
6.61447E+12	2.2400E+00
6.62737E+12	2.2240E+00
6.64174E+12	2.2056E+00
6.65758E+12	2.1854E+00
6.69372E+12	2.1402E+00
6.73585E+12	2.0905E+00
6.77975E+12	2.0376E+00
6.82540E+12	1.9840E+00
6.87137E+12	1.9314E+00
6.91615E+12	1.8806E+00
6.95968E+12	1.8340E+00
6.99746E+12	1.7925E+00
7.01415E+12	1.7744E+00
7.02935E+12	1.7579E+00
7.04305E+12	1.7437E+00
7.05525E+12	1.7314E+00
7.06443E+12	1.7218E+00
7.07056E+12	1.7146E+00
7.07515E+12	1.7100E+00
7.07668E+12	1.7084E+00
7.07819E+12	1.7076E+00
7.07975E+12	1.7050E+00
7.08593E+12	1.6960E+00
7.09825E+12	1.6814E+00
7.11218E+12	1.6630E+00
7.13075E+12	1.6410E+00
7.15093E+12	1.6165E+00
7.17424E+12	1.5904E+00
7.19765E+12	1.5636E+00
7.24777E+12	1.5109E+00
7.27292E+12	1.4864E+00
7.29656E+12	1.4646E+00
7.32022E+12	1.4457E+00
7.34076E+12	1.4308E+00
7.35968E+12	1.4204E+00
7.36757E+12	1.4169E+00
7.37542E+12	1.4152E+00
7.39108E+12	1.4147E+00
7.40985E+12	1.4174E+00
7.43019E+12	1.4228E+00
7.45368E+12	1.4305E+00
7.47880E+12	1.4399E+00
7.50396E+12	1.4511E+00
7.55450E+12	1.4758E+00
7.60052E+12	1.5014E+00
7.62122E+12	1.5135E+00
7.64040E+12	1.5242E+00
7.65479E+12	1.5333E+00
7.66762E+12	1.5404E+00
7.67403E+12	1.5453E+00
7.67723E+12	1.5476E+00
7.67724E+12	1.5468E+00
7.67880E+12	1.5499E+00
7.68350E+12	1.5583E+00
7.69135E+12	1.5716E+00
7.70076E+12	1.5889E+00
7.71175E+12	1.6095E+00
7.72433E+12	1.6324E+00
7.73854E+12	1.6572E+00
7.75276E+12	1.6830E+00
7.76700E+12	1.7090E+00
7.78129E+12	1.7343E+00
7.79399E+12	1.7579E+00
7.80510E+12	1.7794E+00
7.81465E+12	1.7976E+00
7.82263E+12	1.8117E+00
7.82742E+12	1.8207E+00
7.82901E+12	1.8240E+00
7.82902E+12	1.8232E+00
7.83064E+12	1.8254E+00
7.83387E+12	1.8295E+00
7.84038E+12	1.8361E+00
7.84852E+12	1.8448E+00
7.85994E+12	1.8559E+00
7.87134E+12	1.8688E+00
7.88605E+12	1.8838E+00
7.90245E+12	1.9002E+00
7.93692E+12	1.9377E+00
7.97653E+12	1.9798E+00
8.01968E+12	2.0252E+00
8.06473E+12	2.0730E+00
8.11004E+12	2.1212E+00
8.15391E+12	2.1683E+00
8.19460E+12	2.2130E+00
8.23035E+12	2.2535E+00
8.24746E+12	2.2715E+00
8.26288E+12	2.2881E+00
8.27487E+12	2.3025E+00
8.28691E+12	2.3149E+00
8.29551E+12	2.3248E+00
8.30239E+12	2.3322E+00
8.30582E+12	2.3369E+00
8.30755E+12	2.3384E+00
8.30757E+12	2.3375E+00
8.30939E+12	2.3347E+00
8.31135E+12	2.3245E+00
8.31520E+12	2.3084E+00
8.32091E+12	2.2877E+00
8.32846E+12	2.2633E+00
8.33607E+12	2.2365E+00
8.34550E+12	2.2078E+00
8.35319E+12	2.1784E+00
8.36090E+12	2.1492E+00
8.37036E+12	2.1211E+00
8.37800E+12	2.0953E+00
8.38384E+12	2.0720E+00
8.39137E+12	2.0525E+00
8.39525E+12	2.0375E+00
8.39724E+12	2.0280E+00
8.39907E+12	2.0254E+00
8.39910E+12	2.0245E+00
8.40441E+12	2.0257E+00
8.41684E+12	2.0285E+00
8.46492E+12	2.0395E+00
8.53487E+12	2.0551E+00
8.61447E+12	2.0727E+00
8.69298E+12	2.0905E+00
8.76481E+12	2.1063E+00
8.81488E+12	2.1174E+00
8.82791E+12	2.1204E+00
8.83350E+12	2.1215E+00
8.83540E+12	2.1204E+00
8.83734E+12	2.1174E+00
8.84696E+12	2.1063E+00
8.86234E+12	2.0904E+00
8.87966E+12	2.0726E+00
8.89514E+12	2.0549E+00
8.91060E+12	2.0393E+00
8.92030E+12	2.0284E+00
8.92226E+12	2.0255E+00
8.92418E+12	2.0243E+00
8.94308E+12	2.0260E+00
8.99432E+12	2.0306E+00
9.06885E+12	2.0372E+00
9.15173E+12	2.0450E+00
9.23733E+12	2.0525E+00
9.31387E+12	2.0591E+00
9.36723E+12	2.0637E+00
9.38707E+12	2.0655E+00
9.39112E+12	2.0629E+00
9.39925E+12	2.0559E+00
9.41348E+12	2.0449E+00
9.43180E+12	2.0311E+00
9.45423E+12	2.0144E+00
9.47877E+12	1.9958E+00
9.53418E+12	1.9560E+00
9.58788E+12	1.9166E+00
9.61277E+12	1.8984E+00
9.63564E+12	1.8823E+00
9.65438E+12	1.8690E+00
9.66899E+12	1.8585E+00
9.67737E+12	1.8519E+00
9.68154E+12	1.8494E+00
9.68983E+12	1.8467E+00
9.71060E+12	1.8387E+00
9.74600E+12	1.8263E+00
9.78991E+12	1.8105E+00
9.84244E+12	1.7920E+00
9.90372E+12	1.7711E+00
1.00339E+13	1.7266E+00
1.01657E+13	1.6825E+00
1.02290E+13	1.6622E+00
1.02839E+13	1.6443E+00
1.03303E+13	1.6292E+00
1.03679E+13	1.6175E+00
1.03901E+13	1.6100E+00
1.03990E+13	1.6074E+00
1.04034E+13	1.6087E+00
1.04165E+13	1.6125E+00
1.04384E+13	1.6188E+00
1.04648E+13	1.6268E+00
1.05310E+13	1.6466E+00
1.06110E+13	1.6694E+00
1.06893E+13	1.6926E+00
1.07569E+13	1.7128E+00
1.07841E+13	1.7210E+00
1.08068E+13	1.7274E+00
1.08204E+13	1.7314E+00
1.08250E+13	1.7327E+00
1.08272E+13	1.7338E+00
1.08294E+13	1.7373E+00
1.08362E+13	1.7429E+00
1.08428E+13	1.7504E+00
1.08540E+13	1.7595E+00
1.08652E+13	1.7706E+00
1.08921E+13	1.7971E+00
1.09236E+13	1.8285E+00
1.09596E+13	1.8639E+00
1.10004E+13	1.9022E+00
1.10413E+13	1.9420E+00
1.10800E+13	1.9824E+00
1.11212E+13	2.0219E+00
1.11580E+13	2.0591E+00
1.11902E+13	2.0926E+00
1.12179E+13	2.1213E+00
1.12294E+13	2.1334E+00
1.12411E+13	2.1435E+00
1.12480E+13	2.1518E+00
1.12549E+13	2.1580E+00
1.12572E+13	2.1619E+00
1.12595E+13	2.1649E+00
1.12596E+13	2.1631E+00
1.12618E+13	2.1705E+00
1.12639E+13	2.1795E+00
1.12683E+13	2.1917E+00
1.12727E+13	2.2071E+00
1.12794E+13	2.2252E+00
1.12860E+13	2.2458E+00
1.12925E+13	2.2689E+00
1.13014E+13	2.2941E+00
1.13079E+13	2.3209E+00
1.13255E+13	2.3802E+00
1.13454E+13	2.4444E+00
1.13653E+13	2.5117E+00
1.13852E+13	2.5802E+00
1.14053E+13	2.6478E+00
1.14230E+13	2.7121E+00
1.14295E+13	2.7420E+00
1.14385E+13	2.7703E+00
1.14452E+13	2.7967E+00
1.14519E+13	2.8205E+00
1.14587E+13	2.8416E+00
1.14631E+13	2.8596E+00
1.14676E+13	2.8741E+00
1.14698E+13	2.8848E+00
1.14720E+13	2.8937E+00
1.14769E+13	2.8898E+00
1.14870E+13	2.8784E+00
1.15044E+13	2.8610E+00
1.15270E+13	2.8380E+00
1.15545E+13	2.8117E+00
1.15847E+13	2.7820E+00
1.16528E+13	2.7186E+00
1.17188E+13	2.6561E+00
1.17494E+13	2.6276E+00
1.17775E+13	2.6026E+00
1.18006E+13	2.5810E+00
1.18185E+13	2.5649E+00
1.18288E+13	2.5544E+00
1.18340E+13	2.5507E+00
1.18364E+13	2.5517E+00
1.18389E+13	2.5547E+00
1.18536E+13	2.5662E+00
1.18783E+13	2.5840E+00
1.19079E+13	2.6075E+00
1.19426E+13	2.6352E+00
1.19824E+13	2.6661E+00
1.20273E+13	2.7000E+00
1.20724E+13	2.7349E+00
1.21150E+13	2.7700E+00
1.21605E+13	2.8048E+00
1.22010E+13	2.8371E+00
1.22365E+13	2.8664E+00
1.22670E+13	2.8917E+00
1.22925E+13	2.9110E+00
1.23079E+13	2.9236E+00
1.23104E+13	2.9268E+00
1.23130E+13	2.9279E+00
1.23155E+13	2.9304E+00
1.23180E+13	2.9376E+00
1.23255E+13	2.9496E+00
1.23329E+13	2.9659E+00
1.23455E+13	2.9859E+00
1.23580E+13	3.0098E+00
1.23704E+13	3.0367E+00
1.23881E+13	3.0672E+00
1.24056E+13	3.1005E+00
1.24232E+13	3.1368E+00
1.24635E+13	3.2154E+00
1.25091E+13	3.3015E+00
1.25548E+13	3.3923E+00
1.25980E+13	3.4852E+00
1.26442E+13	3.5774E+00
1.26852E+13	3.6652E+00
1.27031E+13	3.7070E+00
1.27212E+13	3.7461E+00
1.27393E+13	3.7825E+00
1.27521E+13	3.8152E+00
1.27650E+13	3.8446E+00
1.27780E+13	3.8696E+00
1.27857E+13	3.8902E+00
1.27935E+13	3.9053E+00
1.27961E+13	3.9145E+00
1.27986E+13	3.9210E+00
1.27987E+13	3.9177E+00
1.28039E+13	3.9311E+00
1.28090E+13	3.9474E+00
1.28139E+13	3.9693E+00
1.28216E+13	3.9965E+00
1.28318E+13	4.0291E+00
1.28446E+13	4.0663E+00
1.28547E+13	4.1082E+00
1.28702E+13	4.1539E+00
1.28829E+13	4.2037E+00
1.29136E+13	4.3132E+00
1.29470E+13	4.4337E+00
1.29832E+13	4.5617E+00
1.30167E+13	4.6940E+00
1.30504E+13	4.8267E+00
1.30815E+13	4.9550E+00
1.30944E+13	5.0159E+00
1.31101E+13	5.0733E+00
1.31204E+13	5.1273E+00
1.31336E+13	5.1763E+00
1.31440E+13	5.2201E+00
1.31518E+13	5.2574E+00
1.31569E+13	5.2878E+00
1.31622E+13	5.3106E+00
1.31674E+13	5.3329E+00
1.31675E+13	5.3296E+00
1.31676E+13	5.3250E+00
1.31701E+13	5.3428E+00
1.31726E+13	5.3586E+00
1.31779E+13	5.3799E+00
1.31831E+13	5.4066E+00
1.31910E+13	5.4381E+00
1.31989E+13	5.4748E+00
1.32067E+13	5.5151E+00
1.32250E+13	5.6084E+00
1.32460E+13	5.7147E+00
1.32697E+13	5.8314E+00
1.32935E+13	5.9562E+00
1.33172E+13	6.0850E+00
1.33411E+13	6.2131E+00
1.33622E+13	6.3371E+00
1.33808E+13	6.4519E+00
1.33887E+13	6.5035E+00
1.33967E+13	6.5514E+00
1.34047E+13	6.5935E+00
1.34100E+13	6.6297E+00
1.34154E+13	6.6589E+00
1.34180E+13	6.6809E+00
1.34206E+13	6.6994E+00
1.34207E+13	6.6948E+00
1.34234E+13	6.7031E+00
1.34262E+13	6.7152E+00
1.34345E+13	6.7338E+00
1.34428E+13	6.7590E+00
1.34539E+13	6.7901E+00
1.34706E+13	6.8281E+00
1.35040E+13	6.9189E+00
1.35430E+13	7.0299E+00
1.35877E+13	7.1575E+00
1.36354E+13	7.2989E+00
1.36862E+13	7.4500E+00
1.37371E+13	7.6070E+00
1.37853E+13	7.7656E+00
1.38309E+13	7.9194E+00
1.38709E+13	8.0625E+00
1.39052E+13	8.1866E+00
1.39225E+13	8.2406E+00
1.39340E+13	8.2857E+00
1.39426E+13	8.3231E+00
1.39512E+13	8.3509E+00
1.39541E+13	8.3691E+00
1.39569E+13	8.3818E+00
1.39570E+13	8.3747E+00
1.39597E+13	8.4015E+00
1.39625E+13	8.4328E+00
1.39681E+13	8.4773E+00
1.39736E+13	8.5325E+00
1.39820E+13	8.5974E+00
1.39904E+13	8.6739E+00
1.39987E+13	8.7597E+00
1.40182E+13	8.9613E+00
1.40405E+13	9.1977E+00
1.40658E+13	9.4675E+00
1.40910E+13	9.7647E+00
1.41163E+13	1.0088E+01
1.41417E+13	1.0428E+01
1.41642E+13	1.0774E+01
1.41839E+13	1.1113E+01
1.41923E+13	1.1272E+01
1.42008E+13	1.1423E+01
1.42094E+13	1.1558E+01
1.42150E+13	1.1678E+01
1.42207E+13	1.1779E+01
1.42235E+13	1.1852E+01
1.42263E+13	1.1916E+01
1.42264E+13	1.1899E+01
1.42414E+13	1.1916E+01
1.42807E+13	1.1916E+01
1.43475E+13	1.1916E+01
1.44299E+13	1.1915E+01
1.46425E+13	1.1915E+01
1.48899E+13	1.1914E+01
1.51414E+13	1.1914E+01
1.53645E+13	1.1913E+01
1.54527E+13	1.1913E+01
1.55250E+13	1.1913E+01
1.55678E+13	1.1913E+01
1.55844E+13	1.1913E+01
1.56108E+13	1.1916E+01
1.56871E+13	1.1919E+01
1.58039E+13	1.1926E+01
1.59588E+13	1.1936E+01
1.61425E+13	1.1949E+01
1.63526E+13	1.1962E+01
1.68131E+13	1.1989E+01
1.72865E+13	1.2019E+01
1.75115E+13	1.2032E+01
1.77131E+13	1.2046E+01
1.78867E+13	1.2056E+01
1.80199E+13	1.2063E+01
1.81079E+13	1.2066E+01
1.81387E+13	1.2070E+01
1.81695E+13	1.2070E+01
1.82583E+13	1.2070E+01
1.83943E+13	1.2069E+01
1.85746E+13	1.2069E+01
1.87885E+13	1.2068E+01
1.90330E+13	1.2068E+01
1.95691E+13	1.2067E+01
2.01203E+13	1.2066E+01
2.03822E+13	1.2065E+01
2.06169E+13	1.2065E+01
2.08190E+13	1.2064E+01
2.09741E+13	1.2064E+01
2.10766E+13	1.2064E+01
2.11124E+13	1.2064E+01
2.11260E+13	1.2032E+01
2.11667E+13	1.1942E+01
2.12303E+13	1.1807E+01
2.13168E+13	1.1638E+01
2.14129E+13	1.1448E+01
2.15232E+13	1.1244E+01
2.17689E+13	1.0836E+01
2.20173E+13	1.0468E+01
2.21308E+13	1.0307E+01
2.22305E+13	1.0170E+01
2.23211E+13	1.0057E+01
2.23882E+13	9.9725E+00
2.24313E+13	9.9183E+00
2.24458E+13	9.8997E+00
2.24552E+13	9.9100E+00
2.24740E+13	9.9369E+00
2.25071E+13	9.9829E+00
2.25496E+13	1.0040E+01
2.26587E+13	1.0190E+01
2.27874E+13	1.0369E+01
2.29121E+13	1.0556E+01
2.30229E+13	1.0726E+01
2.30664E+13	1.0795E+01
2.31003E+13	1.0852E+01
2.31197E+13	1.0886E+01
2.31294E+13	1.0889E+01
2.31395E+13	1.0855E+01
2.31496E+13	1.0803E+01
2.31599E+13	1.0734E+01
2.31752E+13	1.0651E+01
2.31956E+13	1.0553E+01
2.32415E+13	1.0331E+01
2.32977E+13	1.0082E+01
2.33592E+13	9.8213E+00
2.34260E+13	9.5595E+00
2.34981E+13	9.3066E+00
2.35654E+13	9.0688E+00
2.36328E+13	8.8506E+00
2.36952E+13	8.6573E+00
2.37525E+13	8.4917E+00
2.37995E+13	8.3578E+00
2.38204E+13	8.3022E+00
2.38361E+13	8.2569E+00
2.38467E+13	8.2202E+00
2.38572E+13	8.1932E+00
2.38676E+13	8.1757E+00
2.38677E+13	8.1637E+00
2.38730E+13	8.1464E+00
2.38785E+13	8.1173E+00
2.38891E+13	8.0779E+00
2.38999E+13	8.0299E+00
2.39159E+13	7.9748E+00
2.39532E+13	7.8458E+00
2.39961E+13	7.6982E+00
2.40443E+13	7.5398E+00
2.40980E+13	7.3776E+00
2.41569E+13	7.2165E+00
2.42211E+13	7.0626E+00
2.42803E+13	6.9203E+00
2.43446E+13	6.7923E+00
2.44087E+13	6.6811E+00
2.44407E+13	6.6335E+00
2.44727E+13	6.5919E+00
2.45046E+13	6.5560E+00
2.45312E+13	6.5258E+00
2.45577E+13	6.5028E+00
2.45841E+13	6.4870E+00
2.46103E+13	6.4782E+00
2.46364E+13	6.4782E+00
2.47513E+13	6.4921E+00
2.48985E+13	6.5026E+00
2.52330E+13	6.5149E+00
2.53940E+13	6.5174E+00
2.55289E+13	6.5192E+00
2.56211E+13	6.5200E+00
2.56537E+13	6.5200E+00
2.56592E+13	6.5156E+00
2.56704E+13	6.5041E+00
2.56926E+13	6.4848E+00
2.57204E+13	6.4585E+00
2.57593E+13	6.4264E+00
2.57984E+13	6.3894E+00
2.59045E+13	6.3013E+00
2.60225E+13	6.2004E+00
2.61579E+13	6.0892E+00
2.63054E+13	5.9749E+00
2.64594E+13	5.8592E+00
2.66143E+13	5.7475E+00
2.67643E+13	5.6424E+00
2.69036E+13	5.5455E+00
2.70261E+13	5.4618E+00
2.71373E+13	5.3917E+00
2.71785E+13	5.3625E+00
2.72196E+13	5.3387E+00
2.72491E+13	5.3190E+00
2.72727E+13	5.3046E+00
2.72845E+13	5.2961E+00
2.72904E+13	5.2929E+00
2.72960E+13	5.2987E+00
2.73128E+13	5.3157E+00
2.73410E+13	5.3420E+00
2.73747E+13	5.3764E+00
2.74142E+13	5.4171E+00
2.74593E+13	5.4637E+00
2.75612E+13	5.5661E+00
2.76636E+13	5.6713E+00
2.77091E+13	5.7210E+00
2.77490E+13	5.7654E+00
2.77833E+13	5.8037E+00
2.78119E+13	5.8333E+00
2.78291E+13	5.8528E+00
2.78348E+13	5.8595E+00
2.78407E+13	5.8572E+00
2.78468E+13	5.8505E+00
2.78830E+13	5.8259E+00
2.79432E+13	5.7874E+00
2.80158E+13	5.7383E+00
2.81008E+13	5.6805E+00
2.81981E+13	5.6172E+00
2.83019E+13	5.5513E+00
2.84122E+13	5.4831E+00
2.85229E+13	5.4168E+00
2.86279E+13	5.3541E+00
2.87271E+13	5.2957E+00
2.88142E+13	5.2439E+00
2.88891E+13	5.2011E+00
2.89515E+13	5.1681E+00
2.89891E+13	5.1473E+00
2.89954E+13	5.1417E+00
2.90016E+13	5.1398E+00
2.90077E+13	5.1436E+00
2.90258E+13	5.1542E+00
2.90560E+13	5.1706E+00
2.90984E+13	5.1921E+00
2.91469E+13	5.2182E+00
2.91954E+13	5.2471E+00
2.93111E+13	5.3106E+00
2.94273E+13	5.3751E+00
2.94763E+13	5.4051E+00
2.95254E+13	5.4327E+00
2.95685E+13	5.4556E+00
2.95993E+13	5.4733E+00
2.96178E+13	5.4849E+00
2.96240E+13	5.4890E+00
2.96363E+13	5.4944E+00
2.96610E+13	5.5095E+00
2.97043E+13	5.5336E+00
2.97537E+13	5.5655E+00
2.98220E+13	5.6026E+00
2.98903E+13	5.6450E+00
3.00526E+13	5.7385E+00
3.02094E+13	5.8341E+00
3.02786E+13	5.8791E+00
3.03481E+13	5.9192E+00
3.03986E+13	5.9543E+00
3.04430E+13	5.9813E+00
3.04683E+13	5.9983E+00
3.04810E+13	6.0069E+00
3.04811E+13	6.0045E+00
3.04872E+13	6.0139E+00
3.05058E+13	6.0413E+00
3.05370E+13	6.0838E+00
3.05742E+13	6.1406E+00
3.06178E+13	6.2079E+00
3.06676E+13	6.2838E+00
3.07239E+13	6.3681E+00
3.07803E+13	6.4559E+00
3.08368E+13	6.5457E+00
3.08934E+13	6.6357E+00
3.09437E+13	6.7203E+00
3.09877E+13	6.7982E+00
3.10256E+13	6.8661E+00
3.10572E+13	6.9185E+00
3.10762E+13	6.9529E+00
3.10824E+13	6.9687E+00
3.10825E+13	6.9647E+00
3.10826E+13	6.9617E+00
3.10887E+13	6.9816E+00
3.10948E+13	7.0015E+00
3.11074E+13	7.0285E+00
3.11198E+13	7.0618E+00
3.11387E+13	7.1014E+00
3.11762E+13	7.1998E+00
3.12199E+13	7.3190E+00
3.12700E+13	7.4563E+00
3.13266E+13	7.6089E+00
3.13832E+13	7.7713E+00
3.14333E+13	7.9417E+00
3.14902E+13	8.1145E+00
3.15407E+13	8.2827E+00
3.15849E+13	8.4396E+00
3.16229E+13	8.5777E+00
3.16421E+13	8.6358E+00
3.16548E+13	8.6857E+00
3.16675E+13	8.7269E+00
3.16738E+13	8.7578E+00
3.16801E+13	8.7841E+00
3.16802E+13	8.7779E+00
3.16867E+13	8.7904E+00
3.16932E+13	8.8091E+00
3.17129E+13	8.8374E+00
3.17325E+13	8.8771E+00
3.17654E+13	8.9284E+00
3.17982E+13	8.9886E+00
3.18772E+13	9.1355E+00
3.19694E+13	9.3182E+00
3.20753E+13	9.5320E+00
3.21949E+13	9.7739E+00
3.23150E+13	1.0040E+01
3.24285E+13	1.0327E+01
3.25495E+13	1.0624E+01
3.26573E+13	1.0924E+01
3.27518E+13	1.1213E+01
3.28331E+13	1.1473E+01
3.28670E+13	1.1587E+01
3.29011E+13	1.1686E+01
3.29214E+13	1.1770E+01
3.29419E+13	1.1830E+01
3.29486E+13	1.1870E+01
3.29555E+13	1.1884E+01
3.30184E+13	1.1884E+01
3.32010E+13	1.1883E+01
3.34838E+13	1.1883E+01
3.38550E+13	1.1883E+01
3.42957E+13	1.1882E+01
3.48011E+13	1.1882E+01
3.59181E+13	1.1880E+01
3.70710E+13	1.1879E+01
3.76173E+13	1.1879E+01
3.81070E+13	1.1878E+01
3.85295E+13	1.1878E+01
3.88577E+13	1.1877E+01
3.90725E+13	1.1877E+01
3.91471E+13	1.1877E+01
3.91557E+13	1.1850E+01
3.91812E+13	1.1780E+01
3.92237E+13	1.1673E+01
3.92749E+13	1.1537E+01
3.93347E+13	1.1385E+01
3.94031E+13	1.1219E+01
3.95574E+13	1.0881E+01
3.97039E+13	1.0572E+01
3.97729E+13	1.0435E+01
3.98335E+13	1.0319E+01
3.98855E+13	1.0222E+01
3.99288E+13	1.0149E+01
3.99548E+13	1.0103E+01
3.99635E+13	1.0086E+01
3.99637E+13	1.0075E+01
3.99640E+13	1.0048E+01
3.99647E+13	1.0001E+01
3.99656E+13	9.9379E+00
3.99667E+13	9.8618E+00
3.99680E+13	9.7750E+00
3.99710E+13	9.5726E+00
3.99747E+13	9.3476E+00
3.99788E+13	9.1075E+00
3.99831E+13	8.8682E+00
3.99876E+13	8.6334E+00
3.99921E+13	8.4130E+00
3.99964E+13	8.2109E+00
4.00005E+13	8.0288E+00
4.00042E+13	7.8745E+00
4.00072E+13	7.7474E+00
4.00086E+13	7.6949E+00
4.00096E+13	7.6524E+00
4.00105E+13	7.6173E+00
4.00112E+13	7.5918E+00
4.00116E+13	7.5768E+00
4.00117E+13	7.5711E+00
4.00119E+13	7.5653E+00
4.00293E+13	7.5470E+00
4.00470E+13	7.5185E+00
4.00650E+13	7.4801E+00
4.00918E+13	7.4331E+00
4.01273E+13	7.3779E+00
4.01715E+13	7.3170E+00
4.02075E+13	7.2495E+00
4.03056E+13	7.1025E+00
4.04130E+13	6.9450E+00
4.05296E+13	6.7830E+00
4.06553E+13	6.6219E+00
4.07728E+13	6.4679E+00
4.08904E+13	6.3239E+00
4.09994E+13	6.1937E+00
4.10994E+13	6.0804E+00
4.11362E+13	6.0308E+00
4.11815E+13	5.9872E+00
4.12180E+13	5.9486E+00
4.12455E+13	5.9165E+00
4.12641E+13	5.8908E+00
4.12823E+13	5.8719E+00
4.13003E+13	5.8599E+00
4.13005E+13	5.8561E+00
4.13264E+13	5.8644E+00
4.13869E+13	5.8870E+00
4.14909E+13	5.9226E+00
4.16212E+13	5.9693E+00
4.17781E+13	6.0252E+00
4.19620E+13	6.0889E+00
4.23498E+13	6.2303E+00
4.27321E+13	6.3768E+00
4.29202E+13	6.4465E+00
4.30821E+13	6.5095E+00
4.32173E+13	6.5637E+00
4.33259E+13	6.6059E+00
4.33893E+13	6.6331E+00
4.34166E+13	6.6431E+00
4.34167E+13	6.6394E+00
4.34262E+13	6.6303E+00
4.34360E+13	6.6149E+00
4.34551E+13	6.5950E+00
4.34940E+13	6.5404E+00
4.35427E+13	6.4708E+00
4.36011E+13	6.3895E+00
4.36693E+13	6.3006E+00
4.37471E+13	6.2078E+00
4.38158E+13	6.1148E+00
4.38939E+13	6.0239E+00
4.39721E+13	5.9373E+00
4.40408E+13	5.8578E+00
4.41000E+13	5.7880E+00
4.41494E+13	5.7302E+00
4.41888E+13	5.6862E+00
4.42083E+13	5.6704E+00
4.42182E+13	5.6582E+00
4.42279E+13	5.6511E+00
4.42280E+13	5.6483E+00
4.42282E+13	5.6447E+00
4.42380E+13	5.6355E+00
4.42575E+13	5.6199E+00
4.42773E+13	5.5988E+00
4.42973E+13	5.5729E+00
4.43269E+13	5.5429E+00
4.43961E+13	5.4715E+00
4.44756E+13	5.3887E+00
4.45651E+13	5.2984E+00
4.46645E+13	5.2037E+00
4.47644E+13	5.1080E+00
4.48644E+13	5.0147E+00
4.49646E+13	4.9264E+00
4.50551E+13	4.8458E+00
4.51357E+13	4.7749E+00
4.52062E+13	4.7158E+00
4.52364E+13	4.6917E+00
4.52569E+13	4.6710E+00
4.52771E+13	4.6543E+00
4.52970E+13	4.6421E+00
4.53070E+13	4.6349E+00
4.53072E+13	4.6322E+00
4.53263E+13	4.6338E+00
4.53645E+13	4.6388E+00
4.55175E+13	4.6571E+00
4.57385E+13	4.6826E+00
4.59993E+13	4.7118E+00
4.62518E+13	4.7417E+00
4.64763E+13	4.7678E+00
4.66331E+13	4.7867E+00
4.66723E+13	4.7918E+00
4.66920E+13	4.7936E+00
4.66921E+13	4.7913E+00
4.67024E+13	4.7855E+00
4.67129E+13	4.7758E+00
4.67335E+13	4.7632E+00
4.67852E+13	4.7280E+00
4.68475E+13	4.6836E+00
4.69204E+13	4.6314E+00
4.70037E+13	4.5739E+00
4.70974E+13	4.5134E+00
4.71914E+13	4.4518E+00
4.72856E+13	4.3910E+00
4.73799E+13	4.3333E+00
4.74640E+13	4.2799E+00
4.75378E+13	4.2326E+00
4.76011E+13	4.1934E+00
4.76538E+13	4.1628E+00
4.76748E+13	4.1520E+00
4.76855E+13	4.1437E+00
4.76960E+13	4.1389E+00
4.76961E+13	4.1369E+00
4.76962E+13	4.1354E+00
4.77168E+13	4.1306E+00
4.77586E+13	4.1131E+00
4.78316E+13	4.0855E+00
4.79255E+13	4.0506E+00
4.80405E+13	4.0092E+00
4.81664E+13	3.9642E+00
4.83030E+13	3.9159E+00
4.84505E+13	3.8668E+00
4.85880E+13	3.8188E+00
4.87259E+13	3.7722E+00
4.88535E+13	3.7297E+00
4.89708E+13	3.6916E+00
4.90670E+13	3.6598E+00
4.91419E+13	3.6353E+00
4.91850E+13	3.6198E+00
4.92062E+13	3.6155E+00
4.92063E+13	3.6142E+00
4.92166E+13	3.6159E+00
4.92371E+13	3.6202E+00
4.92677E+13	3.6279E+00
4.93087E+13	3.6378E+00
4.94320E+13	3.6654E+00
4.95864E+13	3.7011E+00
4.97724E+13	3.7442E+00
4.99799E+13	3.7926E+00
5.02092E+13	3.8448E+00
5.04395E+13	3.8995E+00
5.06708E+13	3.9555E+00
5.09033E+13	4.0099E+00
5.11155E+13	4.0617E+00
5.13072E+13	4.1088E+00
5.14675E+13	4.1487E+00
5.15962E+13	4.1801E+00
5.16391E+13	4.1914E+00
5.16712E+13	4.2003E+00
5.16928E+13	4.2053E+00
5.17036E+13	4.2073E+00
5.17143E+13	4.2107E+00
5.17245E+13	4.2202E+00
5.17562E+13	4.2356E+00
5.17876E+13	4.2562E+00
5.18405E+13	4.2824E+00
5.18932E+13	4.3133E+00
5.19455E+13	4.3491E+00
5.20197E+13	4.3889E+00
5.20937E+13	4.4328E+00
5.21676E+13	4.4797E+00
5.23374E+13	4.5841E+00
5.25294E+13	4.6986E+00
5.27219E+13	4.8199E+00
5.29039E+13	4.9455E+00
5.30980E+13	5.0710E+00
5.32708E+13	5.1922E+00
5.33464E+13	5.2491E+00
5.34223E+13	5.3035E+00
5.34986E+13	5.3541E+00
5.35526E+13	5.4006E+00
5.36069E+13	5.4416E+00
5.36617E+13	5.4769E+00
5.36942E+13	5.5049E+00
5.37272E+13	5.5262E+00
5.37378E+13	5.5394E+00
5.37489E+13	5.5442E+00
5.37491E+13	5.5414E+00
5.37723E+13	5.5338E+00
5.37958E+13	5.5214E+00
5.38196E+13	5.5049E+00
5.39022E+13	5.4598E+00
5.40086E+13	5.4019E+00
5.41388E+13	5.3349E+00
5.42928E+13	5.2612E+00
5.44475E+13	5.1838E+00
5.46029E+13	5.1054E+00
5.47586E+13	5.0291E+00
5.49147E+13	4.9560E+00
5.50709E+13	4.8890E+00
5.51919E+13	4.8300E+00
5.53126E+13	4.7804E+00
5.53975E+13	4.7428E+00
5.54220E+13	4.7292E+00
5.54462E+13	4.7190E+00
5.54702E+13	4.7128E+00
5.54704E+13	4.7106E+00
5.54943E+13	4.7055E+00
5.55424E+13	4.6909E+00
5.56266E+13	4.6686E+00
5.57350E+13	4.6397E+00
5.58676E+13	4.6061E+00
5.60128E+13	4.5685E+00
5.63407E+13	4.4883E+00
5.66583E+13	4.4103E+00
5.68056E+13	4.3744E+00
5.69408E+13	4.3430E+00
5.70518E+13	4.3164E+00
5.71382E+13	4.2960E+00
5.71878E+13	4.2828E+00
5.72124E+13	4.2783E+00
5.72372E+13	4.2732E+00
5.72869E+13	4.2586E+00
5.73739E+13	4.2361E+00
5.74860E+13	4.2072E+00
5.76232E+13	4.1736E+00
5.77733E+13	4.1358E+00
5.81122E+13	4.0552E+00
5.84406E+13	3.9767E+00
5.85928E+13	3.9408E+00
5.87326E+13	3.9093E+00
5.88473E+13	3.8827E+00
5.89367E+13	3.8622E+00
5.89880E+13	3.8490E+00
5.90135E+13	3.8444E+00
5.90136E+13	3.8426E+00
5.90266E+13	3.8381E+00
5.90273E+13	3.8304E+00
5.90408E+13	3.8205E+00
5.90686E+13	3.7927E+00
5.91096E+13	3.7575E+00
5.91639E+13	3.7160E+00
5.92187E+13	3.6702E+00
5.92865E+13	3.6219E+00
5.93419E+13	3.5725E+00
5.93973E+13	3.5241E+00
5.94653E+13	3.4775E+00
5.95203E+13	3.4343E+00
5.95624E+13	3.3961E+00
5.96164E+13	3.3642E+00
5.96445E+13	3.3393E+00
5.96581E+13	3.3306E+00
5.96588E+13	3.3238E+00
5.96719E+13	3.3198E+00
5.96721E+13	3.3182E+00
5.96723E+13	3.3162E+00
5.96982E+13	3.3111E+00
5.97245E+13	3.3024E+00
5.97512E+13	3.2905E+00
5.97908E+13	3.2759E+00
5.98435E+13	3.2591E+00
5.99624E+13	3.2186E+00
6.01079E+13	3.1715E+00
6.02672E+13	3.1190E+00
6.04401E+13	3.0642E+00
6.06266E+13	3.0079E+00
6.08008E+13	2.9528E+00
6.09752E+13	2.9002E+00
6.11368E+13	2.8511E+00
6.12851E+13	2.8082E+00
6.14069E+13	2.7720E+00
6.14610E+13	2.7568E+00
6.15018E+13	2.7443E+00
6.15292E+13	2.7340E+00
6.15564E+13	2.7265E+00
6.15831E+13	2.7220E+00
6.15833E+13	2.7203E+00
6.15962E+13	2.7213E+00
6.16350E+13	2.7244E+00
6.17904E+13	2.7364E+00
6.20373E+13	2.7550E+00
6.23638E+13	2.7795E+00
6.27445E+13	2.8084E+00
6.31674E+13	2.8407E+00
6.36197E+13	2.8761E+00
6.41023E+13	2.9125E+00
6.45886E+13	2.9493E+00
6.50510E+13	2.9856E+00
6.54895E+13	3.0194E+00
6.58893E+13	3.0501E+00
6.62360E+13	3.0765E+00
6.65007E+13	3.0968E+00
6.66684E+13	3.1099E+00
6.67104E+13	3.1133E+00
6.67242E+13	3.1160E+00
6.67244E+13	3.1144E+00
6.67377E+13	3.1205E+00
6.67510E+13	3.1273E+00
6.67781E+13	3.1368E+00
6.68048E+13	3.1489E+00
6.68455E+13	3.1631E+00
6.69262E+13	3.1968E+00
6.70204E+13	3.2375E+00
6.71283E+13	3.2833E+00
6.72503E+13	3.3328E+00
6.73723E+13	3.3846E+00
6.74802E+13	3.4370E+00
6.76028E+13	3.4885E+00
6.77117E+13	3.5373E+00
6.78070E+13	3.5816E+00
6.78480E+13	5.4162E+00
6.78483E+13	5.4122E+00
6.78486E+13	5.4089E+00
6.78616E+13	5.4277E+00
6.78638E+13	5.3982E+00
6.78650E+13	5.3815E+00
6.78745E+13	5.4466E+00
6.78811E+13	5.3589E+00
6.78889E+13	3.6191E+00
6.78976E+13	5.3312E+00
6.79014E+13	5.4717E+00
6.79146E+13	5.2985E+00
6.79279E+13	5.5038E+00
6.79302E+13	3.6350E+00
6.79462E+13	5.2622E+00
6.79574E+13	3.6487E+00
6.79638E+13	5.2217E+00
6.79684E+13	5.5410E+00
6.79850E+13	3.6595E+00
6.79985E+13	3.6673E+00
6.80084E+13	5.5848E+00
6.80119E+13	3.6760E+00
6.80121E+13	3.6743E+00
6.80123E+13	3.6725E+00
6.80248E+13	3.6891E+00
6.80257E+13	3.6812E+00
6.80286E+13	5.1325E+00
6.80379E+13	3.7000E+00
6.80482E+13	5.6334E+00
6.80508E+13	3.7140E+00
6.80633E+13	3.7303E+00
6.80942E+13	5.0355E+00
6.81022E+13	5.6869E+00
6.81415E+13	5.7448E+00
6.81546E+13	3.8162E+00
6.81750E+13	4.9343E+00
6.82065E+13	3.8691E+00
6.82416E+13	4.8321E+00
6.82483E+13	5.8736E+00
6.82725E+13	3.9265E+00
6.83084E+13	4.7324E+00
6.83239E+13	3.9866E+00
6.83693E+13	6.0153E+00
6.83754E+13	4.0477E+00
6.83893E+13	4.6384E+00
6.84415E+13	4.1077E+00
6.84553E+13	4.5526E+00
6.84901E+13	6.1671E+00
6.84937E+13	4.1647E+00
6.85061E+13	4.4770E+00
6.85319E+13	4.2166E+00
6.85384E+13	4.4437E+00
6.85703E+13	4.4144E+00
6.85855E+13	4.2606E+00
6.85874E+13	4.3883E+00
6.85982E+13	4.2793E+00
6.86040E+13	4.3666E+00
6.86111E+13	4.2955E+00
6.86112E+13	6.3257E+00
6.86203E+13	4.3491E+00
6.86216E+13	4.3362E+00
6.86235E+13	4.3173E+00
6.86244E+13	4.3082E+00
6.86370E+13	4.3280E+00
6.86372E+13	4.3255E+00
6.86374E+13	4.3234E+00
6.87328E+13	6.4846E+00
6.88406E+13	6.6402E+00
6.88803E+13	6.7137E+00
6.89349E+13	6.7840E+00
6.89752E+13	6.8497E+00
6.90159E+13	6.9107E+00
6.90570E+13	6.9637E+00
6.90839E+13	7.0104E+00
6.91113E+13	7.0476E+00
6.91245E+13	7.0759E+00
6.91378E+13	7.1045E+00
6.91380E+13	7.0994E+00
6.91383E+13	7.0932E+00
6.91517E+13	7.1188E+00
6.91652E+13	7.1415E+00
6.91930E+13	7.1737E+00
6.92204E+13	7.2134E+00
6.92621E+13	7.2600E+00
6.93036E+13	7.3146E+00
6.93448E+13	7.3755E+00
6.94413E+13	7.5171E+00
6.95519E+13	7.6804E+00
6.96769E+13	7.8630E+00
6.98020E+13	8.0595E+00
6.99124E+13	8.2675E+00
7.00380E+13	8.4798E+00
7.01496E+13	8.6887E+00
7.02472E+13	8.8867E+00
7.02889E+13	8.9772E+00
7.03310E+13	9.0614E+00
7.03735E+13	9.1356E+00
7.04013E+13	9.2007E+00
7.04296E+13	9.2547E+00
7.04433E+13	9.2934E+00
7.04573E+13	9.3272E+00
7.04575E+13	9.3201E+00
7.04879E+13	9.3023E+00
7.05187E+13	9.2705E+00
7.05499E+13	9.2302E+00
7.06580E+13	9.1202E+00
7.07973E+13	8.9836E+00
7.09677E+13	8.8262E+00
7.11694E+13	8.6581E+00
7.13720E+13	8.4867E+00
7.15754E+13	8.3154E+00
7.17794E+13	8.1524E+00
7.19837E+13	8.0010E+00
7.21882E+13	7.8637E+00
7.23467E+13	7.7442E+00
7.25047E+13	7.6468E+00
7.26158E+13	7.5725E+00
7.26479E+13	7.5461E+00
7.26797E+13	7.5256E+00
7.27110E+13	7.5142E+00
7.27112E+13	7.5097E+00
7.27114E+13	7.5063E+00
7.27273E+13	7.4961E+00
7.27754E+13	7.4590E+00
7.28554E+13	7.4013E+00
7.29518E+13	7.3280E+00
7.30644E+13	7.2423E+00
7.31933E+13	7.1491E+00
7.33382E+13	7.0529E+00
7.34837E+13	6.9541E+00
7.36139E+13	6.8586E+00
7.37596E+13	6.7691E+00
7.38897E+13	6.6862E+00
7.40039E+13	6.6131E+00
7.41017E+13	6.5528E+00
7.41832E+13	6.5067E+00
7.42322E+13	6.4777E+00
7.42485E+13	6.4699E+00
7.42486E+13	6.4672E+00
7.42492E+13	6.4577E+00
7.42510E+13	6.4299E+00
7.42537E+13	6.3877E+00
7.42573E+13	6.3325E+00
7.42614E+13	6.2697E+00
7.42661E+13	6.1997E+00
7.42763E+13	6.0522E+00
7.42864E+13	5.9100E+00
7.42911E+13	5.8459E+00
7.42952E+13	5.7903E+00
7.42988E+13	5.7426E+00
7.43015E+13	5.7071E+00
7.43033E+13	5.6841E+00
7.43039E+13	5.6762E+00
7.43201E+13	5.6705E+00
7.43371E+13	5.6540E+00
7.43706E+13	5.6292E+00
7.44205E+13	5.5967E+00
7.44866E+13	5.5590E+00
7.45532E+13	5.5168E+00
7.47028E+13	5.4276E+00
7.48528E+13	5.3404E+00
7.49197E+13	5.3004E+00
7.49704E+13	5.2653E+00
7.50366E+13	5.2357E+00
7.50703E+13	5.2133E+00
7.50875E+13	5.1986E+00
7.51039E+13	5.1936E+00
7.51362E+13	5.1891E+00
7.52010E+13	5.1764E+00
7.53144E+13	5.1575E+00
7.54605E+13	5.1324E+00
7.56393E+13	5.1031E+00
7.58350E+13	5.0709E+00
7.62769E+13	5.0007E+00
7.67050E+13	4.9323E+00
7.69034E+13	4.9015E+00
7.70857E+13	4.8738E+00
7.72352E+13	4.8504E+00
7.73516E+13	4.8330E+00
7.74184E+13	4.8214E+00
7.74517E+13	4.8173E+00
7.74519E+13	4.8150E+00
7.74689E+13	4.8093E+00
7.74863E+13	4.7995E+00
7.75204E+13	4.7868E+00
7.76062E+13	4.7514E+00
7.77096E+13	4.7067E+00
7.78304E+13	4.6542E+00
7.79687E+13	4.5964E+00
7.81241E+13	4.5356E+00
7.82801E+13	4.4736E+00
7.84196E+13	4.4131E+00
7.85760E+13	4.3550E+00
7.87155E+13	4.3013E+00
7.88379E+13	4.2538E+00
7.89429E+13	4.2143E+00
7.90303E+13	4.1836E+00
7.90651E+13	4.1728E+00
7.90829E+13	4.1644E+00
7.91002E+13	4.1595E+00
7.91005E+13	4.1576E+00
7.91006E+13	4.1561E+00
7.91347E+13	4.1517E+00
7.92038E+13	4.1356E+00
7.93245E+13	4.1103E+00
7.94800E+13	4.0780E+00
7.96703E+13	4.0397E+00
7.98954E+13	3.9980E+00
8.01216E+13	3.9535E+00
8.03486E+13	3.9082E+00
8.05763E+13	3.8633E+00
8.08044E+13	3.8202E+00
8.10327E+13	3.7808E+00
8.12095E+13	3.7453E+00
8.13859E+13	3.7157E+00
8.15100E+13	3.6930E+00
8.15811E+13	3.6786E+00
8.16163E+13	3.6747E+00
8.16164E+13	3.6734E+00
8.16852E+13	3.6769E+00
8.18746E+13	3.6864E+00
8.21336E+13	3.6995E+00
8.24280E+13	3.7152E+00
8.27410E+13	3.7306E+00
8.30028E+13	3.7438E+00
8.31952E+13	3.7535E+00
8.32653E+13	3.7571E+00
8.32828E+13	3.7584E+00
8.33352E+13	3.7624E+00
8.35453E+13	3.7780E+00
8.38792E+13	3.8021E+00
8.43206E+13	3.8340E+00
8.48354E+13	3.8717E+00
8.54072E+13	3.9138E+00
8.60187E+13	3.9602E+00
8.66712E+13	4.0080E+00
8.73287E+13	4.0564E+00
8.79540E+13	4.1044E+00
8.85467E+13	4.1491E+00
8.90874E+13	4.1899E+00
8.95562E+13	4.2251E+00
8.99141E+13	4.2520E+00
9.01408E+13	4.2696E+00
9.01975E+13	4.2742E+00
9.02163E+13	4.2772E+00
9.02165E+13	4.2757E+00
9.02347E+13	4.2822E+00
9.02528E+13	4.2903E+00
9.02896E+13	4.3015E+00
9.03814E+13	4.3316E+00
9.04913E+13	4.3706E+00
9.06197E+13	4.4180E+00
9.07668E+13	4.4706E+00
9.09328E+13	4.5282E+00
9.10990E+13	4.5883E+00
9.12461E+13	4.6499E+00
9.14130E+13	4.7102E+00
9.15614E+13	4.7669E+00
9.16912E+13	4.8191E+00
9.18027E+13	4.8633E+00
9.18961E+13	4.8979E+00
9.19336E+13	4.9109E+00
9.19520E+13	4.9204E+00
9.19706E+13	4.9281E+00
9.19708E+13	4.9263E+00
9.20489E+13	4.9257E+00
9.22842E+13	4.9186E+00
9.26581E+13	4.9073E+00
9.31523E+13	4.8925E+00
9.43692E+13	4.8567E+00
9.57852E+13	4.8159E+00
9.72225E+13	4.7756E+00
9.84926E+13	4.7408E+00
9.90179E+13	4.7266E+00
9.94191E+13	4.7159E+00
9.96732E+13	4.7091E+00
9.97581E+13	4.7068E+00
9.98008E+13	4.7040E+00
9.99288E+13	4.6967E+00
1.00143E+14	4.6844E+00
1.00400E+14	4.6693E+00
1.01046E+14	4.6310E+00
1.01826E+14	4.5876E+00
1.02590E+14	4.5453E+00
1.03250E+14	4.5081E+00
1.03515E+14	4.4937E+00
1.03737E+14	4.4820E+00
1.03870E+14	4.4751E+00
1.03914E+14	4.4724E+00
1.03959E+14	4.4692E+00
1.04048E+14	4.4602E+00
1.04205E+14	4.4470E+00
1.04406E+14	4.4292E+00
1.04653E+14	4.4082E+00
1.04923E+14	4.3853E+00
1.05533E+14	4.3353E+00
1.06124E+14	4.2864E+00
1.06398E+14	4.2641E+00
1.06650E+14	4.2441E+00
1.06856E+14	4.2271E+00
1.07017E+14	4.2146E+00
1.07109E+14	4.2062E+00
1.07155E+14	4.2032E+00
1.07381E+14	4.2081E+00
1.07996E+14	4.2215E+00
1.08889E+14	4.2404E+00
1.09883E+14	4.2625E+00
1.10910E+14	4.2846E+00
1.11827E+14	4.3038E+00
1.12467E+14	4.3175E+00
1.12705E+14	4.3226E+00
1.12849E+14	4.3196E+00
1.13234E+14	4.3114E+00
1.13789E+14	4.2997E+00
1.14420E+14	4.2864E+00
1.15080E+14	4.2728E+00
1.15644E+14	4.2612E+00
1.16039E+14	4.2531E+00
1.16187E+14	4.2501E+00
