# icm    alpha [1/mm]
1 0.000000
2 0.000000
3 0.000000
4 0.000000
5 0.000000
6 0.000000
7 0.000000
8 0.000000
9 0.005223
10 0.005402
11 0.005402
12 0.005402
13 0.005402
14 0.005402
15 0.005402
16 0.010486
17 0.010803
18 0.010803
19 0.010803
20 0.010803
21 0.010803
22 0.015769
23 0.015749
24 0.016205
25 0.016205
26 0.016205
27 0.021072
28 0.021606
29 0.021606
30 0.021606
31 0.021606
32 0.027008
33 0.027008
34 0.027008
35 0.031716
36 0.032410
37 0.032410
38 0.037811
39 0.033182
40 0.038323
41 0.038921
42 0.039519
43 0.040117
44 0.040715
45 0.041313
46 0.041911
47 0.042509
48 0.043107
49 0.039288
50 0.041082
51 0.042876
52 0.042183
53 0.038295
54 0.038893
55 0.039491
56 0.040089
57 0.040687
58 0.041285
59 0.041883
60 0.042481
61 0.043079
62 0.048614
63 0.048614
64 0.048614
65 0.043213
66 0.044520
67 0.043213
68 0.048614
69 0.048614
70 0.043213
71 0.043213
72 0.048614
73 0.043213
74 0.047149
75 0.048614
76 0.048614
77 0.048614
78 0.052471
79 0.048614
80 0.057833
81 0.059418
82 0.059418
83 0.059418
84 0.063156
85 0.064819
86 0.073919
87 0.075623
88 0.075623
89 0.075623
90 0.084643
91 0.090025
92 0.095407
93 0.106190
94 0.108032
95 0.108032
96 0.114601
97 0.116394
98 0.118188
99 0.116875
100 0.115414
101 0.113434
102 0.113434
103 0.118835
104 0.113434
105 0.118835
106 0.124237
107 0.122118
108 0.124237
109 0.126396
110 0.126416
111 0.121034
112 0.117870
113 0.108032
114 0.108032
115 0.108032
116 0.102631
117 0.097229
118 0.094164
119 0.088783
120 0.091827
121 0.091827
122 0.088842
123 0.086426
124 0.088882
125 0.090364
126 0.087674
127 0.091827
128 0.091827
129 0.086426
130 0.097229
131 0.108032
132 0.113434
133 0.113434
134 0.113434
135 0.113434
136 0.116142
137 0.121549
138 0.110765
139 0.102631
140 0.102631
141 0.102631
142 0.105220
143 0.106748
144 0.104057
145 0.106767
146 0.104076
147 0.108032
148 0.110503
149 0.113434
150 0.113434
151 0.108032
152 0.113434
153 0.120548
154 0.128241
155 0.142774
156 0.156647
157 0.163194
158 0.165885
159 0.164301
160 0.171915
161 0.182679
162 0.193442
163 0.194521
164 0.209568
165 0.221466
166 0.234383
167 0.245166
168 0.248474
169 0.248474
170 0.241038
171 0.222838
172 0.225371
173 0.221335
174 0.217299
175 0.213262
176 0.212233
177 0.187160
178 0.181779
179 0.165594
180 0.163777
181 0.160280
182 0.162037
183 0.167450
184 0.169337
185 0.153172
186 0.150816
187 0.149470
188 0.148125
189 0.146779
190 0.138803
191 0.133422
192 0.132836
193 0.134376
194 0.140754
195 0.141830
196 0.142906
197 0.143983
198 0.145059
199 0.151245
200 0.162048
201 0.167450
202 0.167450
203 0.156647
204 0.156647
205 0.162719
206 0.165410
207 0.164001
208 0.172074
209 0.168081
210 0.170772
211 0.173463
212 0.176154
213 0.183655
214 0.190219
215 0.194458
216 0.193334
217 0.189056
218 0.189056
219 0.190120
220 0.206305
221 0.216064
222 0.218074
223 0.224421
224 0.233717
225 0.241790
226 0.248474
227 0.253876
228 0.254762
229 0.264679
230 0.270927
231 0.277135
232 0.294913
233 0.300236
234 0.324864
235 0.330993
236 0.356506
237 0.357214
238 0.362596
239 0.384182
240 0.424567
241 0.430497
242 0.461571
243 0.546740
244 0.575415
245 0.601226
246 0.637919
247 0.648193
248 0.636900
249 0.597229
250 0.586975
251 0.566308
252 0.534759
253 0.501959
254 0.485403
255 0.474991
256 0.437199
257 0.426416
258 0.419867
259 0.414565
260 0.383262
261 0.372479
262 0.356506
263 0.350912
264 0.339956
265 0.329345
266 0.318562
267 0.318468
268 0.302397
269 0.286285
270 0.286285
271 0.286285
272 0.286285
273 0.286285
274 0.270106
275 0.253966
276 0.259277
277 0.259277
278 0.259173
279 0.264555
280 0.264679
281 0.264679
282 0.254243
283 0.248881
284 0.243296
285 0.232512
286 0.232269
287 0.226868
288 0.226868
289 0.226868
290 0.226868
291 0.221828
292 0.216446
293 0.216064
294 0.216064
295 0.210663
296 0.216064
297 0.221466
298 0.231769
299 0.237150
300 0.232809
301 0.222026
302 0.205841
303 0.199860
304 0.199860
305 0.210024
306 0.215405
307 0.226189
308 0.237671
309 0.243072
310 0.233746
311 0.233027
312 0.236893
313 0.242275
314 0.263044
315 0.290850
316 0.332329
317 0.333146
318 0.329498
319 0.319611
320 0.318695
321 0.318695
322 0.318695
323 0.314289
324 0.288316
325 0.280771
326 0.267317
327 0.253876
328 0.249569
329 0.253876
330 0.248474
331 0.248474
332 0.248474
333 0.248474
334 0.248474
335 0.248474
336 0.244326
337 0.233542
338 0.221466
339 0.217377
340 0.216064
341 0.221466
342 0.222838
343 0.217456
344 0.212074
345 0.202506
346 0.206094
347 0.209682
348 0.203770
349 0.209152
350 0.209132
351 0.210663
352 0.216064
353 0.212253
354 0.205261
355 0.188800
356 0.180727
357 0.176190
358 0.177016
359 0.175222
360 0.173428
361 0.183655
362 0.189056
363 0.189056
364 0.185462
365 0.174679
366 0.171145
367 0.167450
368 0.178253
369 0.190644
370 0.197933
371 0.205261
372 0.205261
373 0.201846
374 0.197854
375 0.208637
376 0.210663
377 0.216064
378 0.216064
379 0.212768
380 0.207386
381 0.189056
382 0.194458
383 0.204111
384 0.206255
385 0.219242
386 0.235013
387 0.241684
388 0.267797
389 0.267778
390 0.273159
391 0.276199
392 0.313970
393 0.390191
394 0.535955
395 0.620438
396 0.658111
397 0.753218
398 0.763384
399 0.804840
400 0.655035
401 0.588088
402 0.516027
403 0.424797
404 0.392301
405 0.353238
406 0.321335
407 0.318695
408 0.318695
409 0.310591
410 0.305209
411 0.286361
412 0.286285
413 0.286285
414 0.286091
415 0.288869
416 0.299652
417 0.302490
418 0.302490
419 0.299986
420 0.297089
421 0.297089
422 0.302490
423 0.302490
424 0.302490
425 0.310277
426 0.317355
427 0.319868
428 0.322559
429 0.325250
430 0.327941
431 0.324097
432 0.326344
433 0.344756
434 0.360921
435 0.377086
436 0.382448
437 0.395360
438 0.400702
439 0.423434
440 0.457912
441 0.495684
442 0.530103
443 0.564511
444 0.583244
445 0.656152
446 0.770522
447 0.908367
448 1.104276
449 1.150676
450 1.358235
451 1.437696
452 1.727118
453 1.881775
454 1.968127
455 1.994823
456 2.054038
457 2.108234
458 2.185715
459 2.141279
460 2.114370
461 1.911648
462 1.670869
463 1.401026
464 1.338058
465 1.065981
466 0.860217
467 0.712199
468 0.631254
469 0.575803
470 0.551882
471 0.498903
472 0.490711
473 0.456267
474 0.417080
475 0.376717
476 0.356506
477 0.355150
478 0.352441
479 0.384830
480 0.390212
481 0.390192
482 0.387659
483 0.364836
484 0.354072
485 0.307892
486 0.309069
487 0.314451
488 0.318695
489 0.318695
490 0.314302
491 0.303587
492 0.284168
493 0.273404
494 0.275482
495 0.286035
496 0.284690
497 0.283345
498 0.281999
499 0.285365
500 0.279983
501 0.270080
502 0.264679
503 0.259277
504 0.259277
505 0.254677
506 0.265460
507 0.270842
508 0.280884
509 0.280162
510 0.275482
511 0.275482
512 0.281546
513 0.286285
514 0.297089
515 0.307892
516 0.313877
517 0.320386
518 0.390003
519 0.428823
520 0.455392
521 0.486966
522 0.548058
523 0.696743
524 0.761749
525 1.038730
526 1.086109
527 1.089298
528 1.088360
529 0.992593
530 0.894831
531 0.700205
532 0.557770
533 0.530073
534 0.430541
535 0.356299
536 0.318695
537 0.306720
538 0.296055
539 0.248346
540 0.242856
541 0.226779
542 0.216064
543 0.210663
544 0.205232
545 0.189056
546 0.189056
547 0.183685
548 0.183655
549 0.178253
550 0.178253
551 0.178253
552 0.178253
553 0.178253
554 0.172852
555 0.172852
556 0.167450
557 0.162277
558 0.156647
559 0.140978
560 0.140730
561 0.135348
562 0.135040
563 0.135040
564 0.140442
565 0.145843
566 0.140849
567 0.135467
568 0.130085
569 0.125170
570 0.124723
571 0.129639
572 0.124763
573 0.124237
574 0.116417
575 0.113726
576 0.109242
577 0.108032
578 0.108032
579 0.108032
580 0.108032
581 0.103335
582 0.102631
583 0.097229
584 0.097229
585 0.102631
586 0.098032
587 0.092650
588 0.087268
589 0.086426
590 0.086426
591 0.096327
592 0.097229
593 0.097229
594 0.092789
595 0.091827
596 0.086426
597 0.085405
598 0.089746
599 0.090767
600 0.076703
601 0.063719
602 0.073383
603 0.091827
604 0.091827
605 0.091827
606 0.082223
607 0.075623
608 0.066058
609 0.064819
610 0.064819
611 0.074324
612 0.073581
613 0.070890
614 0.067535
615 0.060795
616 0.054016
617 0.054016
618 0.057981
619 0.064819
620 0.064819
621 0.060914
622 0.059418
623 0.050150
624 0.047059
625 0.052441
626 0.050826
627 0.059418
628 0.059418
629 0.059418
630 0.044887
631 0.043213
632 0.046900
633 0.059418
634 0.068467
635 0.073849
636 0.075623
637 0.072034
638 0.070221
639 0.064819
640 0.064819
641 0.070221
642 0.073710
643 0.075623
644 0.072173
645 0.066791
646 0.059418
647 0.054016
648 0.059418
649 0.059418
650 0.066890
651 0.066910
652 0.058237
653 0.056146
654 0.051866
655 0.057248
656 0.055039
657 0.068012
658 0.070221
659 0.075623
660 0.070221
661 0.064819
662 0.064819
663 0.075623
664 0.078676
665 0.084058
666 0.091827
667 0.091827
668 0.086426
669 0.086426
670 0.083959
671 0.091827
672 0.100513
673 0.098667
674 0.101358
675 0.096689
676 0.099815
677 0.094433
678 0.089051
679 0.091939
680 0.097301
681 0.099946
682 0.105328
683 0.099953
684 0.102631
685 0.102631
686 0.102465
687 0.107827
688 0.113189
689 0.113434
690 0.113434
691 0.109711
692 0.113299
693 0.116887
694 0.115411
695 0.123715
696 0.135040
697 0.138042
698 0.135040
699 0.135040
700 0.135040
701 0.142763
702 0.147345
703 0.147364
704 0.150952
705 0.154540
706 0.151245
707 0.145843
708 0.145843
709 0.148006
710 0.162048
711 0.162048
712 0.162048
713 0.165367
714 0.156647
715 0.151245
716 0.151245
717 0.162048
718 0.169434
719 0.174816
720 0.172852
721 0.172852
722 0.177301
723 0.174610
724 0.178253
725 0.178253
726 0.178253
727 0.178253
728 0.178253
729 0.178253
730 0.178253
731 0.178253
732 0.179960
733 0.194458
734 0.199860
735 0.205810
736 0.207604
737 0.209398
738 0.206849
739 0.213799
740 0.222258
741 0.223759
742 0.231832
743 0.236182
744 0.230800
745 0.225418
746 0.221466
747 0.221466
748 0.232269
749 0.233639
750 0.244423
751 0.243516
752 0.245310
753 0.247104
754 0.249745
755 0.265930
756 0.280884
757 0.282095
758 0.287477
759 0.295203
760 0.300546
761 0.347968
762 0.359844
763 0.396503
764 0.427800
765 0.450440
766 0.461204
767 0.459137
768 0.468946
769 0.463564
770 0.452781
771 0.436596
772 0.426727
773 0.424937
774 0.411397
775 0.416779
776 0.422161
777 0.437530
778 0.449925
779 0.463017
780 0.469076
781 0.537705
782 0.559232
783 0.612472
784 0.665752
785 0.712211
786 0.749246
787 0.888334
788 0.948868
789 0.981159
790 1.066350
791 1.148353
792 1.169643
793 1.251762
794 1.465752
795 1.544050
796 1.598307
797 1.741835
798 1.877157
799 2.025190
800 2.130035
801 2.467688
802 2.781876
803 3.318103
804 3.890174
805 4.035227
806 4.686238
807 6.256393
808 6.291420
809 6.232312
810 5.287582
811 4.505650
812 3.831715
813 3.044455
814 2.647801
815 2.573417
816 2.306098
817 2.090283
818 1.982348
819 1.917766
820 1.891032
821 1.896132
822 1.917496
823 1.971110
824 2.003306
825 2.089883
826 2.391192
827 2.434018
828 2.634041
829 2.871085
830 2.935667
831 3.328985
832 4.076011
833 4.207861
834 5.180608
835 5.982463
836 6.824567
837 7.233868
838 9.833375
839 10.029473
840 11.407984
841 11.762920
842 10.655795
843 9.100762
844 8.782470
845 7.264715
846 6.289008
847 5.296779
848 4.504683
849 3.826722
850 3.519959
851 3.454812
852 3.109231
853 2.859636
854 2.549833
855 2.376411
856 2.235200
857 2.169870
858 2.040350
859 1.932417
860 1.795387
861 1.659364
862 1.642568
863 1.576307
864 1.549398
865 1.492699
866 1.453980
867 1.379744
868 1.372527
869 1.340606
870 1.314644
871 1.312591
872 1.276912
873 1.254259
874 1.222975
875 1.200283
876 1.170183
877 1.162511
878 1.135523
879 1.119338
880 1.103153
881 1.110243
882 1.118479
883 1.129203
884 1.154828
885 1.209069
886 1.237055
887 1.273366
888 1.346254
889 1.439216
890 1.561911
891 1.599584
892 1.843533
893 2.488995
894 2.595149
895 3.223014
896 3.828258
897 3.984330
898 4.942084
899 4.927258
900 4.435802
901 4.303614
902 3.476505
903 2.903171
904 2.774007
905 2.218603
906 1.618009
907 1.453177
908 1.416223
909 1.251364
910 1.174076
911 1.139967
912 1.030022
913 0.988727
914 0.969078
915 0.930994
916 0.897078
917 0.891736
918 0.865316
919 0.864846
920 0.848701
921 0.833884
922 0.823101
923 0.815643
924 0.815643
925 0.821045
926 0.829712
927 0.835094
928 0.860959
929 0.875902
930 0.899584
931 0.919206
932 1.065903
933 1.174996
934 1.251175
935 1.473109
936 1.727521
937 1.986561
938 2.214682
939 2.245714
940 2.343146
941 2.315681
942 2.096289
943 1.885805
944 1.708147
945 1.533301
946 1.473962
947 1.458136
948 1.442230
949 1.450442
950 1.475000
951 1.493756
952 1.615283
953 1.685547
954 1.734025
955 1.909244
956 1.981238
957 2.097018
958 2.567882
959 2.634187
960 3.071787
961 3.165615
962 3.704809
963 4.471847
964 4.633342
965 6.103432
966 7.076022
967 8.194179
968 9.037901
969 9.264825
970 11.434019
971 11.547630
972 12.539362
973 12.884728
974 12.927600
975 12.920785
976 12.281806
977 11.148186
978 9.519635
979 8.641591
980 7.932876
981 7.786539
982 7.174479
983 6.868944
984 6.693761
985 6.719548
986 6.964756
987 7.322530
988 7.434243
989 8.116486
990 8.858802
991 10.511956
992 10.790976
993 12.871906
994 13.214422
995 14.754470
996 15.766413
997 15.815045
998 15.764983
999 14.841268
1000 13.410396
1001 12.901597
1002 11.148469
1003 9.713740
1004 8.259421
1005 7.054961
1006 6.244819
1007 5.557014
1008 5.400486
1009 4.508986
1010 4.404419
1011 3.822206
1012 3.447516
1013 3.196984
1014 2.989586
1015 2.894543
1016 2.818344
1017 2.551580
1018 2.401898
1019 2.300790
1020 2.231837
1021 2.194164
1022 2.113337
1023 2.043218
1024 2.031308
1025 1.948676
1026 1.927089
1027 1.917571
1028 1.918817
1029 1.940404
1030 2.056861
1031 2.102288
1032 2.237865
1033 2.355435
1034 2.446270
1035 2.496921
1036 2.631707
1037 2.936214
1038 2.981364
1039 3.286741
1040 3.598408
1041 3.755140
1042 3.971465
1043 4.261940
1044 4.502155
1045 4.242829
1046 3.873149
1047 3.560763
1048 3.329624
1049 3.241041
1050 2.485551
1051 2.384087
1052 2.171454
1053 2.032653
1054 1.937269
1055 1.884162
1056 1.682537
1057 1.621855
1058 1.589564
1059 1.515956
1060 1.462612
1061 1.423655
1062 1.395830
1063 1.375073
1064 1.305591
1065 1.268865
1066 1.246785
1067 1.225218
1068 1.214455
1069 1.177117
1070 1.166334
1071 1.160557
1072 1.144392
1073 1.139681
1074 1.138784
1075 1.137887
1076 1.136990
1077 1.136093
1078 1.135196
1079 1.145141
1080 1.150759
1081 1.166748
1082 1.193932
1083 1.215519
1084 1.237242
1085 1.248006
1086 1.291276
1087 1.323704
1088 1.345289
1089 1.485556
1090 1.539603
1091 1.582657
1092 1.625712
1093 1.733668
1094 1.969935
1095 2.012451
1096 2.316282
1097 2.712305
1098 2.855410
1099 2.941474
1100 3.330272
1101 3.605877
1102 3.779809
1103 3.744752
1104 3.535764
1105 3.250275
1106 3.169827
1107 2.598542
1108 2.534075
1109 2.304310
1110 2.054880
1111 1.948161
1112 1.904708
1113 1.837422
1114 1.788847
1115 1.761402
1116 1.744223
1117 1.749088
1118 1.752018
1119 1.760090
1120 1.771728
1121 1.771728
1122 1.781915
1123 1.798100
1124 1.808884
1125 1.839923
1126 1.856069
1127 1.910025
1128 1.979452
1129 2.164899
1130 2.194548
1131 2.318722
1132 2.437163
1133 2.501745
1134 2.646216
1135 2.785808
1136 3.152077
1137 3.274521
1138 3.354360
1139 3.510432
1140 3.759628
1141 4.016704
1142 4.443188
1143 4.790925
1144 5.145012
1145 5.513216
1146 5.634754
1147 6.420065
1148 6.530784
1149 7.236499
1150 7.655791
1151 8.187011
1152 8.254351
1153 8.364369
1154 8.621776
1155 8.912359
1156 9.060458
1157 9.154601
1158 9.202031
1159 9.316442
1160 9.344713
1161 9.447113
1162 9.453764
1163 9.465048
1164 9.443461
1165 9.432678
1166 9.415553
1167 9.373300
1168 9.275270
1169 9.257597
1170 9.112678
1171 8.908499
1172 8.574256
1173 8.469832
1174 7.039875
1175 7.274348
1176 6.563950
1177 5.377663
1178 5.022276
1179 4.784794
1180 4.116243
1181 3.915180
1182 3.630044
1183 3.387863
1184 3.343697
1185 3.127910
1186 3.078028
1187 2.956892
1188 2.813050
1189 2.796518
1190 2.742541
1191 2.713590
1192 2.694006
1193 2.690002
1194 2.679198
1195 2.679198
1196 2.679198
1197 2.684600
1198 2.684600
1199 2.684600
1200 2.687841
1201 2.684600
1202 2.684600
1203 2.684600
1204 2.690002
1205 2.696285
1206 2.717258
1207 2.754931
1208 2.762484
1209 2.811008
1210 2.885828
1211 2.972175
1212 3.074142
1213 3.118425
1214 3.480740
1215 3.639172
1216 3.772066
1217 3.800531
1218 3.913650
1219 3.874836
1220 3.847927
1221 3.488446
1222 3.299548
1223 3.253708
1224 3.056922
1225 2.932894
1226 2.862702
1227 2.784524
1228 2.762938
1229 2.760223
1230 2.760223
1231 2.760223
1232 2.760223
1233 2.760223
1234 2.752253
1235 2.741470
1236 2.736088
1237 2.725305
1238 2.722411
1239 2.739691
1240 2.747403
1241 2.816124
1242 2.874315
1243 2.914377
1244 3.081107
1245 3.178793
1246 3.287031
1247 3.748649
1248 4.100124
1249 4.540959
1250 4.664740
1251 5.581948
1252 5.742811
1253 6.922572
1254 7.532069
1255 7.487909
1256 7.221434
1257 7.071868
1258 6.086357
1259 5.491498
1260 4.731918
1261 4.222262
1262 4.141090
1263 3.911862
1264 3.604746
1265 3.414393
1266 3.229363
1267 3.064499
1268 3.028056
1269 2.973748
1270 2.929203
1271 2.877121
1272 2.871798
1273 2.846648
1274 2.846648
1275 2.859207
1276 2.871726
1277 2.891069
1278 2.905439
1279 2.952259
1280 3.039018
1281 3.100032
1282 3.162073
1283 3.205128
1284 3.338908
1285 3.405994
1286 3.550039
1287 3.686712
1288 4.019071
1289 4.264882
1290 4.336304
1291 4.733222
1292 5.092249
1293 5.578037
1294 6.050264
1295 6.380768
1296 6.613990
1297 6.736760
1298 7.094309
1299 7.809323
1300 8.035435
1301 8.151573
1302 9.067747
1303 9.201936
1304 9.220562
1305 8.277481
1306 6.922109
1307 5.833411
1308 5.149290
1309 4.604291
1310 4.483696
1311 3.950370
1312 3.890859
1313 3.593460
1314 3.520866
1315 3.522813
1316 3.557090
1317 3.573235
1318 3.683919
1319 4.023121
1320 4.083185
1321 4.495857
1322 4.581800
1323 5.118095
1324 5.303092
1325 6.173995
1326 6.246313
1327 6.383251
1328 6.230361
1329 6.161346
1330 5.916239
1331 5.538404
1332 4.978167
1333 4.914799
1334 4.674272
1335 4.562659
1336 4.520600
1337 4.515746
1338 4.631718
1339 4.756832
1340 4.794505
1341 5.022130
1342 5.244704
1343 5.520357
1344 5.590709
1345 6.407921
1346 6.867729
1347 6.986788
1348 7.700189
1349 7.862617
1350 8.525631
1351 9.171872
1352 10.669231
1353 10.819500
1354 11.389265
1355 11.630863
1356 11.699887
1357 11.699624
1358 11.450743
1359 11.321407
1360 11.299879
1361 11.186473
1362 11.062043
1363 11.035262
1364 10.938389
1365 10.900637
1366 10.776352
1367 10.706457
1368 10.674099
1369 10.614482
1370 10.630116
1371 10.640442
1372 10.662778
1373 10.662778
1374 10.673375
1375 10.673581
1376 10.726617
1377 10.726803
1378 10.732714
1379 10.806795
1380 10.822233
1381 10.834941
1382 10.835993
1383 10.819808
1384 10.740417
1385 10.457192
1386 10.119786
1387 9.694804
1388 9.586705
1389 9.004732
1390 8.540107
1391 7.685641
1392 7.366197
1393 7.115321
1394 6.961537
1395 6.815535
1396 6.580169
1397 6.385248
1398 6.056058
1399 5.966985
1400 5.902879
1401 5.841139
1402 5.749592
1403 5.674809
1404 5.616270
1405 5.529943
1406 5.520078
1407 5.511360
1408 5.509642
1409 5.515043
1410 5.530330
1411 5.581512
1412 5.621160
1413 5.679560
1414 5.743323
1415 5.773619
1416 5.855561
1417 5.947289
1418 6.082231
1419 6.243083
1420 6.451971
1421 6.532001
1422 6.602323
1423 6.868717
1424 7.244884
1425 7.779128
1426 7.872580
1427 8.351542
1428 8.551223
1429 9.055732
1430 9.897009
1431 10.267180
1432 10.459936
1433 10.744988
1434 10.818031
1435 10.823412
1436 10.820857
1437 10.808621
1438 10.800763
1439 10.803219
1440 10.819424
1441 10.820956
1442 10.819424
1443 10.804791
1444 10.794634
1445 10.847089
1446 10.874348
1447 10.908846
1448 10.936978
1449 10.987204
1450 11.118493
1451 11.129257
1452 11.168779
1453 11.204800
1454 11.260631
1455 11.301896
1456 11.411685
1457 11.620420
1458 11.647329
1459 11.767954
1460 11.850808
1461 11.888559
1462 11.904705
1463 11.908581
1464 11.848280
1465 11.826752
1466 11.772135
1467 11.728375
1468 11.719757
1469 11.745066
1470 11.752606
1471 11.799413
1472 11.801480
1473 11.798212
1474 11.693581
1475 11.470543
1476 10.898201
1477 10.547754
1478 9.888947
1479 9.194982
1480 8.588271
1481 8.077445
1482 7.877081
1483 6.772286
1484 6.348973
1485 6.042862
1486 5.813342
1487 5.563899
1488 5.181829
1489 4.808864
1490 4.661409
1491 4.376454
1492 4.255201
1493 3.985900
1494 3.923405
1495 3.806748
1496 3.515973
1497 3.405061
1498 3.345861
1499 3.219280
1500 3.092422
1501 3.057668
1502 2.992729
1503 2.784708
1504 2.712242
1505 2.671789
1506 2.585027
1507 2.491528
1508 2.465352
1509 2.328450
1510 2.266569
1511 2.205164
1512 2.172873
1513 2.099298
1514 2.015150
1515 1.999163
1516 1.883412
1517 1.835530
1518 1.808621
1519 1.748550
1520 1.702299
1521 1.639394
1522 1.624840
1523 1.558820
1524 1.529606
1525 1.518843
1526 1.472328
1527 1.459477
1528 1.436900
1529 1.391489
1530 1.375304
1531 1.357032
1532 1.346268
1533 1.338859
1534 1.332170
1535 1.317993
1536 1.312591
1537 1.312591
1538 1.312591
1539 1.312591
1540 1.312591
1541 1.317993
1542 1.317993
1543 1.317993
1544 1.317993
1545 1.317993
1546 1.317993
1547 1.317993
1548 1.317993
1549 1.312591
1550 1.312591
1551 1.310900
1552 1.305519
1553 1.300137
1554 1.289353
1555 1.273168
1556 1.256983
1557 1.239226
1558 1.233864
1559 1.223101
1560 1.203047
1561 1.179967
1562 1.152999
1563 1.127073
1564 1.121770
1565 1.093700
1566 1.082936
1567 1.062743
1568 1.034401
1569 1.019570
1570 0.997983
1571 0.991307
1572 0.981818
1573 0.965633
1574 0.956085
1575 0.944066
1576 0.933283
1577 0.933303
1578 0.923675
1579 0.923675
1580 0.923675
1581 0.923675
1582 0.923675
1583 0.934478
1584 0.935516
1585 0.945282
1586 0.947277
1587 0.951661
1588 0.972290
1589 0.973228
1590 0.988495
1591 0.993896
1592 0.994775
1593 1.000157
1594 1.021743
1595 1.026306
1596 1.037109
1597 1.047912
1598 1.054834
1599 1.064117
1600 1.077801
1601 1.083124
1602 1.104651
1603 1.114714
1604 1.135620
1605 1.135580
1606 1.146344
1607 1.172149
1608 1.172711
1609 1.178093
1610 1.188354
1611 1.194258
1612 1.193997
1613 1.196688
1614 1.205002
1615 1.209961
1616 1.220764
1617 1.221147
1618 1.231931
1619 1.238344
1620 1.238265
1621 1.264281
1622 1.269663
1623 1.285583
1624 1.296386
1625 1.302013
1626 1.308011
1627 1.313148
1628 1.334198
1629 1.334198
1630 1.339599
1631 1.345001
1632 1.345001
1633 1.345001
1634 1.350402
1635 1.350398
1636 1.349501
1637 1.348604
1638 1.347707
1639 1.346810
1640 1.345913
1641 1.345016
1642 1.348639
1643 1.346845
1644 1.345051
1645 1.339599
1646 1.328987
1647 1.323605
1648 1.302018
1649 1.285833
1650 1.275320
1651 1.253753
1652 1.236969
1653 1.216021
1654 1.168145
1655 1.167855
1656 1.151321
1657 1.140557
1658 1.129365
1659 1.118582
1660 1.097931
1661 1.104054
1662 1.100466
1663 1.096878
1664 1.091125
1665 1.085724
1666 1.085724
1667 1.093523
1668 1.096213
1669 1.092710
1670 1.094504
1671 1.096298
1672 1.107330
1673 1.112006
1674 1.128936
1675 1.134338
1676 1.148973
1677 1.155140
1678 1.166748
1679 1.191222
1680 1.205639
1681 1.213594
1682 1.225262
1683 1.236969
1684 1.241427
1685 1.257612
1686 1.277232
1687 1.278176
1688 1.284560
1689 1.295344
1690 1.296386
1691 1.307190
1692 1.312591
1693 1.312591
1694 1.312591
1695 1.317993
1696 1.312591
1697 1.312591
1698 1.312591
1699 1.312591
1700 1.303048
1701 1.288143
1702 1.288183
1703 1.281501
1704 1.276119
1705 1.274780
1706 1.259954
1707 1.254572
1708 1.243789
1709 1.236969
1710 1.229082
1711 1.223720
1712 1.204559
1713 1.191390
1714 1.179089
1715 1.162904
1716 1.159099
1717 1.152140
1718 1.141357
1719 1.132456
1720 1.129765
1721 1.134338
1722 1.130789
1723 1.133480
1724 1.138004
1725 1.143386
1726 1.170374
1727 1.179362
1728 1.202744
1729 1.224331
1730 1.244063
1731 1.258354
1732 1.287196
1733 1.354783
1734 1.369276
1735 1.433956
1736 1.448049
1737 1.477470
1738 1.530031
1739 1.617753
1740 1.639281
1741 1.686559
1742 1.721021
1743 1.748010
1744 1.753391
1745 1.765228
1746 1.765268
1747 1.754504
1748 1.716732
1749 1.673559
1750 1.629486
1751 1.604827
1752 1.476109
1753 1.421371
1754 1.360673
1755 1.322476
1756 1.285302
1757 1.236866
1758 1.166164
1759 1.057628
1760 1.039054
1761 0.956695
1762 0.943582
1763 0.893388
1764 0.874369
1765 0.799132
1766 0.772164
1767 0.758586
1768 0.720647
1769 0.709795
1770 0.693837
1771 0.677868
1772 0.640076
1773 0.629293
1774 0.621236
1775 0.607726
1776 0.599708
1777 0.594346
1778 0.572571
1779 0.569994
1780 0.567169
1781 0.562095
1782 0.559250
1783 0.550964
1784 0.548487
1785 0.534759
1786 0.526920
1787 0.521538
1788 0.510755
1789 0.499971
1790 0.494589
1791 0.480743
1792 0.473023
1793 0.462239
1794 0.459137
1795 0.456877
1796 0.442932
1797 0.440712
1798 0.429929
1799 0.426727
1800 0.419165
1801 0.415924
1802 0.405121
1803 0.403019
1804 0.397638
1805 0.388916
1806 0.388916
1807 0.388916
1808 0.388916
1809 0.388916
1810 0.388916
1811 0.388916
1812 0.394318
1813 0.399719
1814 0.399719
1815 0.405121
1816 0.410522
1817 0.415924
1818 0.421326
1819 0.426727
1820 0.433893
1821 0.439275
1822 0.459137
1823 0.466244
1824 0.492886
1825 0.501945
1826 0.525602
1827 0.538011
1828 0.547169
1829 0.567169
1830 0.568735
1831 0.583374
1832 0.583374
1833 0.581867
1834 0.577972
1835 0.571103
1836 0.565721
1837 0.548109
1838 0.534759
1839 0.519791
1840 0.514449
1841 0.501001
1842 0.495619
1843 0.484836
1844 0.468651
1845 0.463269
1846 0.459137
1847 0.459137
1848 0.459137
1849 0.453735
1850 0.452565
1851 0.448334
1852 0.442932
1853 0.436419
1854 0.432129
1855 0.426727
1856 0.420274
1857 0.403057
1858 0.397695
1859 0.387924
1860 0.378113
1861 0.377160
1862 0.366377
1863 0.351105
1864 0.349318
1865 0.343956
1866 0.339448
1867 0.334066
1868 0.329498
1869 0.329498
1870 0.329498
1871 0.329498
1872 0.334900
1873 0.334900
1874 0.340301
1875 0.340301
1876 0.345703
1877 0.345703
1878 0.351720
1879 0.351701
1880 0.357659
1881 0.368422
1882 0.379186
1883 0.374778
1884 0.396802
1885 0.407984
1886 0.429471
1887 0.444682
1888 0.466627
1889 0.476933
1890 0.513531
1891 0.518913
1892 0.523956
1893 0.517917
1894 0.512705
1895 0.504632
1896 0.475082
1897 0.458897
1898 0.453516
1899 0.431929
1900 0.431769
1901 0.421165
1902 0.415784
1903 0.399719
1904 0.399719
1905 0.394318
1906 0.394318
1907 0.394318
1908 0.394318
1909 0.394316
1910 0.388934
1911 0.388916
1912 0.388916
1913 0.388916
1914 0.388916
1915 0.378230
1916 0.378113
1917 0.367309
1918 0.356683
1919 0.356506
1920 0.356506
1921 0.345703
1922 0.340557
1923 0.329498
1924 0.318990
1925 0.318695
1926 0.303160
1927 0.297798
1928 0.286660
1929 0.286285
1930 0.265507
1931 0.265113
1932 0.259731
1933 0.254823
1934 0.248967
1935 0.248474
1936 0.248474
1937 0.248474
1938 0.243072
1939 0.243072
1940 0.243072
1941 0.243072
1942 0.243072
1943 0.243072
1944 0.243072
1945 0.237671
1946 0.237671
1947 0.237671
1948 0.243072
1949 0.248474
1950 0.248474
1951 0.248474
1952 0.253026
1953 0.253876
1954 0.259277
1955 0.259277
1956 0.259277
1957 0.253876
1958 0.249443
1959 0.248474
1960 0.248474
1961 0.243072
1962 0.237671
1963 0.227935
1964 0.222554
1965 0.221466
1966 0.221466
1967 0.216064
1968 0.216064
1969 0.210663
1970 0.206468
1971 0.205261
1972 0.201106
1973 0.199860
1974 0.199860
1975 0.199860
1976 0.199860
1977 0.199860
1978 0.205261
1979 0.205261
1980 0.210663
1981 0.210663
1982 0.216064
1983 0.216064
1984 0.221466
1985 0.228817
1986 0.231508
1987 0.234585
1988 0.236108
1989 0.246891
1990 0.248474
1991 0.248474
1992 0.248474
1993 0.248474
1994 0.248474
1995 0.248474
1996 0.248474
1997 0.243072
1998 0.237671
1999 0.237671
2000 0.228668
2001 0.223286
2002 0.214877
2003 0.213083
2004 0.211289
2005 0.215564
2006 0.214795
2007 0.214026
2008 0.213258
2009 0.212489
2010 0.211720
2011 0.210951
2012 0.216064
2013 0.216064
2014 0.216064
2015 0.216064
2016 0.216064
2017 0.216064
2018 0.221466
2019 0.226868
2020 0.226868
2021 0.246258
2022 0.248474
2023 0.259277
2024 0.270080
2025 0.278588
2026 0.287056
2027 0.289352
2028 0.297089
2029 0.297089
2030 0.294082
2031 0.288700
2032 0.286285
2033 0.283338
2034 0.264225
2035 0.258863
2036 0.250988
2037 0.248474
2038 0.243072
2039 0.240244
2040 0.234862
2041 0.237361
2042 0.236763
2043 0.236165
2044 0.235567
2045 0.234969
2046 0.234371
2047 0.233773
2048 0.233175
2049 0.232577
2050 0.229658
2051 0.224277
2052 0.225582
2053 0.222891
2054 0.216064
2055 0.213553
2056 0.210663
2057 0.202789
2058 0.200357
2059 0.197427
2060 0.186644
2061 0.181262
2062 0.178253
2063 0.178253
2064 0.178253
2065 0.178253
2066 0.178253
2067 0.183655
2068 0.189056
2069 0.191291
2070 0.196673
2071 0.210663
2072 0.216064
2073 0.228996
2074 0.232143
2075 0.261393
2076 0.268871
2077 0.288361
2078 0.315350
2079 0.328169
2080 0.365941
2081 0.396903
2082 0.404202
2083 0.431111
2084 0.440289
2085 0.463323
2086 0.479429
2087 0.486520
2088 0.487597
2089 0.488673
2090 0.489750
2091 0.490826
2092 0.493390
2093 0.489787
2094 0.484406
2095 0.480743
2096 0.480743
2097 0.473662
2098 0.473682
2099 0.468300
2100 0.459137
2101 0.459137
2102 0.459137
2103 0.459137
2104 0.459137
2105 0.459137
2106 0.459137
2107 0.459137
2108 0.464538
2109 0.465981
2110 0.471362
2111 0.482146
2112 0.483509
2113 0.503713
2114 0.525299
2115 0.537406
2116 0.548170
2117 0.575138
2118 0.611646
2119 0.658571
2120 0.711284
2121 0.769438
2122 0.830001
2123 0.860125
2124 0.883401
2125 0.981067
2126 1.046933
2127 1.097612
2128 1.124601
2129 1.134338
2130 1.134338
2131 1.127293
2132 1.119069
2133 1.072020
2134 1.025359
2135 0.978457
2136 0.965030
2137 0.925526
2138 0.878727
2139 0.825912
2140 0.811502
2141 0.771622
2142 0.755437
2143 0.749286
2144 0.744673
2145 0.745422
2146 0.746132
2147 0.763696
2148 0.768368
2149 0.789935
2150 0.800699
2151 0.830109
2152 0.835982
2153 0.871371
2154 0.877816
2155 0.892328
2156 0.908493
2157 0.918765
2158 0.924147
2159 0.956537
2160 0.964079
2161 0.974351
2162 1.016288
2163 1.027051
2164 1.064823
2165 1.124201
2166 1.134965
2167 1.161640
2168 1.172149
2169 1.177805
2170 1.182953
2171 1.182953
2172 1.171955
2173 1.166748
2174 1.161191
2175 1.150408
2176 1.139624
2177 1.134338
2178 1.123535
2179 1.118133
2180 1.118133
2181 1.118117
2182 1.112735
2183 1.112732
2184 1.107373
2185 1.096653
2186 1.096692
2187 1.085826
2188 1.085724
2189 1.075063
2190 1.064279
2191 1.064117
2192 1.042914
2193 1.045322
2194 1.042631
2195 1.037109
2196 1.031707
2197 1.026306
2198 1.026306
2199 1.015503
2200 1.010461
2201 1.005079
2202 0.994296
2203 0.983512
2204 0.972729
2205 0.941257
2206 0.935915
2207 0.924174
2208 0.923675
2209 0.913410
2210 0.902069
2211 0.897245
2212 0.891266
2213 0.891266
2214 0.891266
2215 0.891266
2216 0.891266
2217 0.896667
2218 0.906754
2219 0.906734
2220 0.917517
2221 0.922899
2222 0.929077
2223 0.939880
2224 0.949848
2225 0.971434
2226 0.982218
2227 0.993896
2228 0.998383
2229 1.004699
2230 1.004699
2231 0.995844
2232 0.994890
2233 0.984107
2234 0.967922
2235 0.962540
2236 0.950683
2237 0.945282
2238 0.939880
2239 0.939880
2240 0.944129
2241 0.949511
2242 0.956085
2243 0.976480
2244 1.026025
2245 1.036650
2246 1.099703
2247 1.110387
2248 1.142678
2249 1.200567
2250 1.245071
2251 1.301709
2252 1.340831
2253 1.346173
2254 1.355804
2255 1.355804
2256 1.346470
2257 1.330285
2258 1.295511
2259 1.265505
2260 1.241614
2261 1.213969
2262 1.210911
2263 1.173179
2264 1.167857
2265 1.152190
2266 1.134338
2267 1.130624
2268 1.125242
2269 1.109057
2270 1.096527
2271 1.056744
2272 1.051441
2273 1.022710
2274 0.997548
2275 0.990340
2276 0.965217
2277 0.927446
2278 0.916682
2279 0.902814
2280 0.897099
2281 0.884145
2282 0.881454
2283 0.882466
2284 0.883840
2285 0.887543
2286 0.890234
2287 0.892501
2288 0.896667
2289 0.902069
2290 0.916131
2291 0.921513
2292 0.923675
2293 0.932276
2294 0.932257
2295 0.937638
2296 0.937619
2297 0.934478
2298 0.934478
2299 0.929077
2300 0.923675
2301 0.923675
2302 0.920654
2303 0.904469
2304 0.896667
2305 0.896667
2306 0.888324
2307 0.886838
2308 0.888632
2309 0.890426
2310 0.892220
2311 0.894014
2312 0.895808
2313 0.891471
2314 0.902069
2315 0.904833
2316 0.934478
2317 0.950730
2318 0.958789
2319 0.985778
2320 1.015359
2321 1.020681
2322 1.036958
2323 1.088329
2324 1.101698
2325 1.109896
2326 1.131482
2327 1.144792
2328 1.152660
2329 1.163833
2330 1.196222
2331 1.201604
2332 1.220764
2333 1.236969
2334 1.239356
2335 1.244738
2336 1.260923
2337 1.269378
2338 1.271687
2339 1.274780
2340 1.282450
2341 1.298635
2342 1.304017
2343 1.341808
2344 1.360183
2345 1.373116
2346 1.406568
2347 1.430285
2348 1.459364
2349 1.514541
2350 1.538198
2351 1.567218
2352 1.581332
2353 1.611691
2354 1.629867
2355 1.640631
2356 1.698057
2357 1.710773
2358 1.725361
2359 1.732300
2360 1.750122
2361 1.755523
2362 1.739221
2363 1.733879
2364 1.708724
2365 1.699734
2366 1.672745
2367 1.656560
2368 1.640375
2369 1.624190
2370 1.613407
2371 1.602623
2372 1.598876
2373 1.593475
2374 1.586478
2375 1.570293
2376 1.559510
2377 1.554128
2378 1.548746
2379 1.543364
2380 1.539459
2381 1.539459
2382 1.550262
2383 1.551679
2384 1.557061
2385 1.562443
2386 1.578628
2387 1.593475
2388 1.617717
2389 1.643388
2390 1.670376
2391 1.693221
2392 1.705223
2393 1.740537
2394 1.777724
2395 1.778804
2396 1.814941
2397 1.820342
2398 1.813821
2399 1.808439
2400 1.797656
2401 1.758804
2402 1.749081
2403 1.722093
2404 1.698003
2405 1.679167
2406 1.685896
2407 1.646549
2408 1.624963
2409 1.602474
2410 1.603837
2411 1.601146
2412 1.598455
2413 1.595764
2414 1.605081
2415 1.626668
2416 1.658237
2417 1.670388
2418 1.701172
2419 1.740253
2420 1.755595
2421 1.860147
2422 1.876937
2423 1.929624
2424 1.961994
2425 1.994364
2426 2.006824
2427 2.016983
2428 2.052612
2429 2.052612
2430 2.046724
2431 2.029606
2432 2.013461
2433 1.970307
2434 1.872324
2435 1.845415
2436 1.773089
2437 1.755365
2438 1.698230
2439 1.646259
2440 1.589730
2441 1.579184
2442 1.511705
2443 1.478898
2444 1.473804
2445 1.441852
2446 1.431088
2447 1.393466
2448 1.382682
2449 1.377191
2450 1.361116
2451 1.345001
2452 1.344900
2453 1.339538
2454 1.312580
2455 1.307199
2456 1.296444
2457 1.280230
2458 1.269447
2459 1.247948
2460 1.242478
2461 1.204687
2462 1.193903
2463 1.167585
2464 1.167309
2465 1.161553
2466 1.150770
2467 1.145388
2468 1.139740
2469 1.145141
2470 1.145141
2471 1.166096
2472 1.171112
2473 1.181856
2474 1.204559
2475 1.225355
2476 1.236119
2477 1.252729
2478 1.268914
2479 1.284614
2480 1.295378
2481 1.328796
2482 1.344457
2483 1.369191
2484 1.370259
2485 1.387611
2486 1.414599
2487 1.441587
2488 1.457772
2489 1.473957
2490 1.484038
2491 1.490122
2492 1.490102
2493 1.481564
2494 1.476202
2495 1.459236
2496 1.443872
2497 1.433108
2498 1.416082
2499 1.405299
2500 1.393615
2501 1.393615
2502 1.393615
2503 1.402499
2504 1.413263
2505 1.413223
2506 1.419604
2507 1.436828
2508 1.447631
2509 1.455195
2510 1.457885
2511 1.457316
2512 1.462698
2513 1.473482
2514 1.485443
2515 1.505852
2516 1.522037
2517 1.531583
2518 1.559808
2519 1.592198
2520 1.642305
2521 1.682670
2522 1.717769
2523 1.735251
2524 1.803936
2525 1.814581
2526 1.861881
2527 1.930906
2528 1.972625
2529 2.010376
2530 2.034336
2531 2.081993
2532 2.119764
2533 2.172187
2534 2.217595
2535 2.222897
2536 2.243843
2537 2.254607
2538 2.268676
2539 2.288610
2540 2.315922
2541 2.321245
2542 2.353370
2543 2.382256
2544 2.398401
2545 2.443346
2546 2.513495
2547 2.576476
2548 2.626882
2549 2.669845
2550 2.693243
2551 2.748760
2552 2.755973
2553 2.792632
2554 2.803435
2555 2.808837
2556 2.808837
2557 2.808837
2558 2.808837
2559 2.817571
2560 2.822953
2561 2.833737
2562 2.860725
2563 2.886671
2564 2.904964
2565 2.953519
2566 3.068867
2567 3.106540
2568 3.197321
2569 3.283116
2570 3.336934
2571 3.579317
2572 3.632402
2573 3.852604
2574 3.903938
2575 4.110130
2576 4.246803
2577 4.316767
2578 4.545022
2579 4.568500
2580 4.645816
2581 4.647496
2582 4.588138
2583 4.496057
2584 4.321590
2585 4.271989
2586 4.031038
2587 3.961074
2588 3.810548
2589 3.694474
2590 3.602694
2591 3.554274
2592 3.378858
2593 3.357556
2594 3.316833
2595 3.276157
2596 3.254571
2597 3.249189
2598 3.243526
2599 3.272414
2600 3.302184
2601 3.389413
2602 3.405340
2603 3.514532
2604 3.562470
2605 3.817264
2606 3.928785
2607 3.995749
2608 4.157208
2609 4.292130
2610 4.413925
2611 4.454652
2612 4.668215
2613 4.691887
2614 4.735382
2615 4.779470
2616 4.807433
2617 4.812834
2618 4.807433
2619 4.784794
2620 4.768649
2621 4.725496
2622 4.666137
2623 4.609321
2624 4.571649
2625 4.394209
2626 4.316045
2627 4.251144
2628 4.196511
2629 4.142793
2630 4.050451
2631 3.962875
2632 3.930485
2633 3.923436
2634 3.928818
2635 3.936189
2636 3.950428
2637 4.007919
2638 4.106894
2639 4.196424
2640 4.210663
2641 4.271571
2642 4.284161
2643 4.340831
2644 4.376953
2645 4.387737
2646 4.405531
2647 4.416295
2648 4.468889
2649 4.478782
2650 4.564270
2651 4.710845
2652 4.814887
2653 4.904638
2654 4.962387
2655 5.088640
2656 5.184379
2657 5.280322
2658 5.336790
2659 5.358397
2660 5.351663
2661 5.347594
2662 5.323402
2663 5.291032
2664 5.252007
2665 5.227525
2666 5.217955
2667 5.219149
2668 5.235334
2669 5.262322
2670 5.320856
2671 5.388748
2672 5.447012
2673 5.489083
2674 5.519264
2675 5.571130
2676 5.602485
2677 5.623076
2678 5.623076
2679 5.623076
2680 5.617674
2681 5.617674
2682 5.611376
2683 5.607748
2684 5.623076
2685 5.633879
2686 5.639281
2687 5.633081
2688 5.627699
2689 5.605355
2690 5.562182
2691 5.519727
2692 5.492738
2693 5.476553
2694 5.471831
2695 5.477871
2696 5.500077
2697 5.569049
2698 5.599942
2699 5.744711
2700 5.853184
2701 5.884955
2702 6.042003
2703 6.271636
2704 6.344976
2705 6.411495
2706 6.635705
2707 6.741429
2708 6.816774
2709 7.003019
2710 7.320279
2711 7.433814
2712 7.487063
2713 7.910187
2714 8.052079
2715 8.446362
2716 9.055064
2717 9.240598
2718 9.319829
2719 9.875617
2720 10.009615
2721 10.025512
2722 9.992456
2723 9.650645
2724 9.518889
2725 9.385657
2726 8.896149
2727 8.696467
2728 8.572686
2729 8.448904
2730 7.941717
2731 7.850975
2732 7.652144
2733 7.614158
2734 7.455287
2735 7.294469
2736 7.213742
2737 6.861778
2738 6.782207
2739 6.602625
2740 6.435082
2741 6.275347
2742 6.199730
2743 5.902919
2744 5.855907
2745 5.829741
2746 5.743024
2747 5.693687
2748 5.656717
2749 5.605773
2750 5.627727
2751 5.615170
2752 5.602612
2753 5.611763
2754 5.627948
2755 5.660338
2756 5.729970
2757 5.812235
2758 5.837847
2759 5.873181
2760 5.939826
2761 6.007984
2762 6.040274
2763 6.189985
2764 6.215380
2765 6.250581
2766 6.306779
2767 6.360736
2768 6.418481
2769 6.449965
2770 6.637534
2771 6.677871
2772 6.737752
2773 6.854610
2774 6.989532
2775 7.315805
2776 7.368156
2777 7.607406
2778 7.816637
2779 7.934032
2780 8.181710
2781 8.548123
2782 8.961922
2783 9.210364
2784 9.360169
2785 9.596968
2786 10.116898
2787 10.360158
2788 10.705731
2789 10.914655
2790 11.105926
2791 11.170122
2792 11.281211
2793 11.331140
2794 11.362574
2795 11.381192
2796 11.359585
2797 11.375790
2798 11.375790
2799 11.379771
2800 11.351663
2801 11.343380
2802 11.312451
2803 11.272855
2804 11.267592
2805 11.250014
2806 11.255395
2807 11.273159
2808 11.247750
2809 11.221290
2810 11.213922
2811 11.153897
2812 11.137752
2813 11.064195
2814 10.995214
2815 10.984569
2816 10.959866
2817 10.974294
2818 10.995880
2819 11.001262
2820 11.010209
2821 11.017260
2822 11.051693
2823 11.030087
2824 11.001509
2825 10.960271
2826 10.930341
2827 10.914275
2828 10.773971
2829 10.739686
2830 10.679685
2831 10.634477
2832 10.624534
2833 10.607548
2834 10.556859
2835 10.550343
2836 10.526571
2837 10.507312
2838 10.426446
2839 10.380203
2840 10.277391
2841 10.044304
2842 9.952556
2843 9.912290
2844 9.789251
2845 9.710618
2846 9.686040
2847 9.584957
2848 9.566078
2849 9.514066
2850 9.476854
2851 9.455267
2852 9.441553
2853 9.419143
2854 9.416752
2855 9.415006
2856 9.417858
2857 9.425809
2858 9.428621
2859 9.445174
2860 9.447847
2861 9.471670
2862 9.469022
2863 9.474423
2864 9.479825
2865 9.485227
2866 9.485227
2867 9.477191
2868 9.458219
2869 9.460813
2870 9.452817
2871 9.457927
2872 9.465824
2873 9.476939
2874 9.525533
2875 9.541718
2876 9.547100
2877 9.574088
2878 9.582456
2879 9.574657
2880 9.559769
2881 9.552109
2882 9.531504
2883 9.523038
2884 9.517636
2885 9.509957
2886 9.506833
2887 9.541481
2888 9.546863
2889 9.550046
2890 9.544644
2891 9.537084
2892 9.518760
2893 9.507996
2894 9.424016
2895 9.407092
2896 9.368955
2897 9.311657
2898 9.255680
2899 9.207145
2900 9.126740
2901 9.088948
2902 9.063480
2903 9.047334
2904 9.007984
2905 8.975594
2906 8.968350
2907 8.932420
2908 8.909012
2909 8.896446
2910 8.856965
2911 8.846301
2912 8.795909
2913 8.698547
2914 8.632647
2915 8.612412
2916 8.550521
2917 8.528908
2918 8.446493
2919 8.423303
2920 8.381714
2921 8.363256
2922 8.368638
2923 8.374020
2924 8.367713
2925 8.411792
2926 8.447113
2927 8.495668
2928 8.559002
2929 8.573984
2930 8.639947
2931 8.684487
2932 8.735735
2933 8.831445
2934 8.843397
2935 8.882821
2936 8.893585
2937 8.918058
2938 8.936718
2939 8.936679
2940 8.972074
2941 8.973242
2942 8.978624
2943 8.985135
2944 9.015287
2945 9.025000
2946 9.025020
2947 9.032541
2948 9.042295
2949 9.048706
2950 9.054088
2951 9.062931
2952 9.058499
2953 9.047696
2954 9.031491
2955 9.036893
2956 9.036893
2957 9.031491
2958 9.032323
2959 9.077140
2960 9.131097
2961 9.194318
2962 9.207973
2963 9.266692
2964 9.324604
2965 9.378581
2966 9.433231
2967 9.485707
2968 9.501734
2969 9.575336
2970 9.605845
2971 9.728177
2972 9.743827
2973 9.882218
2974 9.943081
2975 9.953726
2976 9.993929
2977 10.009183
2978 10.003781
2979 9.997964
2980 9.971371
2981 9.976773
2982 9.971371
2983 9.968678
2984 9.953265
2985 9.912548
2986 9.924975
2987 9.934848
2988 9.970896
2989 9.971807
2990 9.982769
2991 10.009183
2992 9.992344
2993 9.970956
2994 9.895511
2995 9.840644
2996 9.824181
2997 9.733166
2998 9.528043
2999 9.474305
3000 9.317777
3001 9.280104
3002 9.112832
3003 8.940615
3004 8.843861
3005 8.654270
3006 8.250516
3007 8.148262
3008 7.936549
3009 7.726084
3010 7.522804
3011 7.420550
3012 7.008264
3013 6.810663
3014 6.754785
3015 6.517015
3016 6.251866
3017 6.163545
3018 5.794231
3019 5.684461
3020 5.585949
3021 5.504662
3022 5.350644
3023 5.146042
3024 4.931281
3025 4.890077
3026 4.758566
3027 4.724215
3028 4.588739
3029 4.491035
3030 4.401664
3031 4.358609
3032 4.215791
3033 4.157106
3034 4.134925
3035 4.056753
3036 4.043256
3037 4.003326
3038 3.988646
3039 3.913855
3040 3.903923
3041 3.877014
3042 3.867142
3043 3.841396
3044 3.819810
3045 3.782018
3046 3.746960
3047 3.736236
3048 3.723610
3049 3.695672
3050 3.675075
3051 3.659920
3052 3.594130
3053 3.557408
3054 3.541263
3055 3.501332
3056 3.463541
3057 3.422606
3058 3.356697
3059 3.317757
3060 3.276941
3061 3.256602
3062 3.190144
3063 3.179479
3064 3.136736
3065 3.055520
3066 3.050257
3067 3.010024
3068 2.980313
3069 2.956177
3070 2.945408
3071 2.902071
3072 2.875082
3073 2.858897
3074 2.849580
3075 2.830443
3076 2.815744
3077 2.799559
3078 2.784919
3079 2.779557
3080 2.771026
3081 2.771026
3082 2.765624
3083 2.765624
3084 2.765624
3085 2.771026
3086 2.771026
3087 2.776427
3088 2.776427
3089 2.781829
3090 2.781829
3091 2.787231
3092 2.792632
3093 2.792632
3094 2.792632
3095 2.792632
3096 2.798034
3097 2.806916
3098 2.812298
3099 2.815719
3100 2.817660
3101 2.823041
3102 2.830443
3103 2.830443
3104 2.841247
3105 2.852050
3106 2.858654
3107 2.862375
3108 2.870448
3109 2.869339
3110 2.898486
3111 2.900664
3112 2.920053
3113 2.936238
3114 2.957824
3115 2.966330
3116 2.987897
3117 3.041873
3118 3.052637
3119 3.095810
3120 3.128828
3121 3.147351
3122 3.187519
3123 3.254416
3124 3.270912
3125 3.336169
3126 3.387220
3127 3.419961
3128 3.444354
3129 3.495133
3130 3.568141
3131 3.587094
3132 3.635456
3133 3.673228
3134 3.705598
3135 3.716361
3136 3.748717
3137 3.791905
3138 3.800000
3139 3.817614
3140 3.814923
3141 3.812232
3142 3.809541
3143 3.811230
3144 3.797634
3145 3.778597
3146 3.754500
3147 3.735845
3148 3.722170
3149 3.684398
3150 3.625560
3151 3.594390
3152 3.583125
3153 3.526198
3154 3.513142
3155 3.485515
3156 3.414595
3157 3.390736
3158 3.374591
3159 3.346746
3160 3.317525
3161 3.315351
3162 3.301399
3163 3.278777
3164 3.278777
3165 3.278777
3166 3.284179
3167 3.286273
3168 3.291655
3169 3.324044
3170 3.356119
3171 3.374955
3172 3.371771
3173 3.417768
3174 3.443245
3175 3.462837
3176 3.547287
3177 3.578048
3178 3.608956
3179 3.632408
3180 3.658942
3181 3.710954
3182 3.768516
3183 3.800886
3184 3.827725
3185 3.854634
3186 3.859936
3187 3.894253
3188 3.906307
3189 3.921142
3190 3.939412
3191 3.943175
3192 3.943175
3193 3.940017
3194 3.931536
3195 3.916194
3196 3.904687
3197 3.868455
3198 3.855269
3199 3.807256
3200 3.789409
3201 3.746735
3202 3.636482
3203 3.577124
3204 3.524485
3205 3.492195
3206 3.409853
3207 3.325177
3208 3.304042
3209 3.144090
3210 3.057743
3211 2.998916
3212 2.955862
3213 2.843926
3214 2.818398
3215 2.660392
3216 2.566672
3217 2.498621
3218 2.459864
3219 2.361649
3220 2.285061
3221 2.205252
3222 2.161908
3223 2.066816
3224 1.970234
3225 1.933506
3226 1.855377
3227 1.785216
3228 1.715054
3229 1.644893
3230 1.585012
3231 1.569006
3232 1.520027
3233 1.467664
3234 1.419856
3235 1.373674
3236 1.321940
3237 1.289569
3238 1.265939
3239 1.239030
3240 1.233728
3241 1.187097
3242 1.166139
3243 1.149954
3244 1.139171
3245 1.133789
3246 1.123005
3247 1.107330
3248 1.101439
3249 1.101886
3250 1.101396
3251 1.100907
3252 1.100418
3253 1.099929
3254 1.099439
3255 1.098950
3256 1.098461
3257 1.097972
3258 1.097482
3259 1.096993
3260 1.101928
3261 1.107330
3262 1.107330
3263 1.112732
3264 1.112732
3265 1.112885
3266 1.118133
3267 1.112732
3268 1.112732
3269 1.112658
3270 1.107276
3271 1.101894
3272 1.096527
3273 1.096527
3274 1.096527
3275 1.085724
3276 1.075050
3277 1.075005
3278 1.069519
3279 1.064117
3280 1.064117
3281 1.058879
3282 1.058715
3283 1.058715
3284 1.058715
3285 1.058715
3286 1.058715
3287 1.063834
3288 1.064117
3289 1.064117
3290 1.069519
3291 1.074920
3292 1.074920
3293 1.074920
3294 1.074920
3295 1.069519
3296 1.069519
3297 1.064117
3298 1.053814
3299 1.043031
3300 1.037649
3301 1.015503
3302 1.000457
3303 0.994496
3304 0.983712
3305 0.962765
3306 0.959774
3307 0.951702
3308 0.923675
3309 0.918992
3310 0.913610
3311 0.902827
3312 0.892043
3313 0.886662
3314 0.875878
3315 0.870496
3316 0.869659
3317 0.865389
3318 0.866734
3319 0.868080
3320 0.869425
3321 0.873149
3322 0.880462
3323 0.884868
3324 0.890250
3325 0.907470
3326 0.921565
3327 0.944207
3328 0.960392
3329 0.987295
3330 1.006131
3331 1.010886
3332 1.035935
3333 1.061730
3334 1.100715
3335 1.125236
3336 1.137233
3337 1.164202
3338 1.204789
3339 1.210112
3340 1.241038
3341 1.262624
3342 1.274780
3343 1.278790
3344 1.290985
3345 1.296386
3346 1.296386
3347 1.296386
3348 1.292476
3349 1.285583
3350 1.281712
3351 1.274780
3352 1.270948
3353 1.254763
3354 1.243980
3355 1.236969
3356 1.225939
3357 1.217866
3358 1.213338
3359 1.204559
3360 1.195484
3361 1.184701
3362 1.177551
3363 1.173937
3364 1.166748
3365 1.166748
3366 1.161346
3367 1.155944
3368 1.147028
3369 1.136245
3370 1.134338
3371 1.125481
3372 1.109296
3373 1.082864
3374 1.072140
3375 1.056015
3376 1.048647
3377 1.035838
3378 1.022989
3379 1.012206
3380 0.993896
3381 0.977691
3382 0.969052
3383 0.960453
3384 0.952887
3385 0.942104
3386 0.925919
3387 0.923675
3388 0.915155
3389 0.916724
3390 0.914033
3391 0.907470
3392 0.907470
3393 0.910490
3394 0.918274
3395 0.921254
3396 0.926635
3397 0.934957
3398 0.948202
3399 0.978091
3400 0.988855
3401 1.007560
3402 1.026306
3403 1.042752
3404 1.053516
3405 1.066899
3406 1.083084
3407 1.096527
3408 1.096527
3409 1.096527
3410 1.099210
3411 1.101928
3412 1.101928
3413 1.101928
3414 1.101928
3415 1.096527
3416 1.096527
3417 1.088894
3418 1.072749
3419 1.075705
3420 1.059148
3421 1.040046
3422 1.026306
3423 1.010652
3424 0.999888
3425 0.969904
3426 0.956085
3427 0.951393
3428 0.932152
3429 0.919062
3430 0.913700
3431 0.902937
3432 0.883617
3433 0.876008
3434 0.862050
3435 0.845865
3436 0.844801
3437 0.836728
3438 0.810241
3439 0.802731
3440 0.795261
3441 0.779096
3442 0.768332
3443 0.768372
3444 0.757608
3445 0.729217
3446 0.721846
3447 0.716464
3448 0.707611
3449 0.700299
3450 0.689515
3451 0.675201
3452 0.671499
3453 0.666137
3454 0.657185
3455 0.646402
3456 0.637390
3457 0.637390
3458 0.615784
3459 0.614071
3460 0.608689
3461 0.599579
3462 0.597926
3463 0.583876
3464 0.583936
3465 0.570977
3466 0.567169
3467 0.564838
3468 0.556766
3469 0.553337
3470 0.546481
3471 0.538686
3472 0.533305
3473 0.527923
3474 0.522541
3475 0.515764
3476 0.510402
3477 0.506396
3478 0.496948
3479 0.491546
3480 0.491546
3481 0.484868
3482 0.479486
3483 0.475342
3484 0.468723
3485 0.464538
3486 0.459137
3487 0.459137
3488 0.459137
3489 0.458019
3490 0.452637
3491 0.453196
3492 0.450505
3493 0.442932
3494 0.442932
3495 0.442932
3496 0.437530
3497 0.437530
3498 0.436591
3499 0.432129
3500 0.432129
3501 0.432129
3502 0.431268
3503 0.426727
3504 0.426727
3505 0.426727
3506 0.426727
3507 0.426727
3508 0.425985
3509 0.421326
3510 0.421326
3511 0.421326
3512 0.415924
3513 0.415924
3514 0.415924
3515 0.415924
3516 0.415924
3517 0.415924
3518 0.410522
3519 0.410522
3520 0.410522
3521 0.410522
3522 0.410522
3523 0.410522
3524 0.410522
3525 0.410522
3526 0.410522
3527 0.410522
3528 0.410522
3529 0.410196
3530 0.405121
3531 0.399719
3532 0.399719
3533 0.394318
3534 0.394318
3535 0.388916
3536 0.388916
3537 0.388916
3538 0.388768
3539 0.383514
3540 0.378113
3541 0.378113
3542 0.372643
3543 0.372614
3544 0.361908
3545 0.356506
3546 0.356506
3547 0.356506
3548 0.351155
3549 0.345773
3550 0.340481
3551 0.337656
3552 0.334965
3553 0.338551
3554 0.336757
3555 0.334963
3556 0.329498
3557 0.324097
3558 0.324097
3559 0.318963
3560 0.318695
3561 0.318695
3562 0.318695
3563 0.318695
3564 0.318695
3565 0.318695
3566 0.313293
3567 0.313293
3568 0.313293
3569 0.313293
3570 0.313293
3571 0.313293
3572 0.313293
3573 0.313293
3574 0.313293
3575 0.313293
3576 0.313293
3577 0.313293
3578 0.313293
3579 0.313293
3580 0.313293
3581 0.318695
3582 0.318695
3583 0.318695
3584 0.318695
3585 0.318695
3586 0.318695
3587 0.318695
3588 0.318695
3589 0.323234
3590 0.329498
3591 0.329498
3592 0.329498
3593 0.334900
3594 0.340301
3595 0.340301
3596 0.345703
3597 0.353295
3598 0.355986
3599 0.353275
3600 0.355966
3601 0.366209
3602 0.371591
3603 0.374693
3604 0.376953
3605 0.382335
3606 0.382315
3607 0.391007
3608 0.393698
3609 0.401345
3610 0.398441
3611 0.403823
3612 0.413288
3613 0.418650
3614 0.419968
3615 0.426727
3616 0.437530
3617 0.448334
3618 0.457700
3619 0.459137
3620 0.469940
3621 0.480743
3622 0.500834
3623 0.524750
3624 0.530092
3625 0.542412
3626 0.565574
3627 0.587160
3628 0.608747
3629 0.641137
3630 0.662723
3631 0.678909
3632 0.695353
3633 0.702409
3634 0.718414
3635 0.738247
3636 0.750824
3637 0.767029
3638 0.781400
3639 0.790331
3640 0.813771
3641 0.843993
3642 0.852785
3643 0.883932
3644 0.896667
3645 0.910900
3646 0.916282
3647 0.918274
3648 0.909501
3649 0.885864
3650 0.857596
3651 0.824440
3652 0.794840
3653 0.770983
3654 0.755069
3655 0.697915
3656 0.671989
3657 0.645001
3658 0.634217
3659 0.625683
3660 0.610382
3661 0.607269
3662 0.604980
3663 0.604980
3664 0.608034
3665 0.615784
3666 0.618798
3667 0.638564
3668 0.646861
3669 0.661951
3670 0.678136
3671 0.691835
3672 0.699703
3673 0.715888
3674 0.732073
3675 0.751094
3676 0.769845
3677 0.783424
3678 0.786161
3679 0.796793
3680 0.812978
3681 0.814317
3682 0.822390
3683 0.831848
3684 0.831848
3685 0.837250
3686 0.837250
3687 0.842651
3688 0.848053
3689 0.848053
3690 0.848053
3691 0.853454
3692 0.858856
3693 0.858856
3694 0.864258
3695 0.864258
3696 0.864258
3697 0.864258
3698 0.864258
3699 0.864258
3700 0.864258
3701 0.864258
3702 0.864258
3703 0.869659
3704 0.869659
3705 0.875061
3706 0.875061
3707 0.885864
3708 0.885864
3709 0.885864
3710 0.885864
3711 0.891266
3712 0.891266
3713 0.891266
3714 0.891266
3715 0.891266
3716 0.891266
3717 0.891266
3718 0.891266
3719 0.891266
3720 0.891266
3721 0.891266
3722 0.891266
3723 0.896667
3724 0.896667
3725 0.903914
3726 0.909296
3727 0.905681
3728 0.918274
3729 0.918274
3730 0.923675
3731 0.923675
3732 0.930784
3733 0.936166
3734 0.956085
3735 0.957732
3736 0.963114
3737 0.968496
3738 0.983093
3739 0.990063
3740 0.995445
3741 1.004699
3742 1.009226
3743 1.013079
3744 1.022373
3745 1.027755
3746 1.033137
3747 1.058715
3748 1.064117
3749 1.066858
3750 1.081672
3751 1.097857
3752 1.100459
3753 1.134338
3754 1.145141
3755 1.153046
3756 1.162578
3757 1.177551
3758 1.190738
3759 1.196100
3760 1.209961
3761 1.215362
3762 1.220764
3763 1.220764
3764 1.214289
3765 1.208907
3766 1.192722
3767 1.171136
3768 1.159358
3769 1.148595
3770 1.127982
3771 1.105461
3772 1.100099
3773 1.064117
3774 1.057840
3775 1.041655
3776 1.036274
3777 1.026306
3778 1.019313
3779 1.020516
3780 1.017825
3781 1.015134
3782 1.012444
3783 1.010798
3784 1.016180
3785 1.026306
3786 1.037746
3787 1.053931
3788 1.054509
3789 1.065273
3790 1.070077
3791 1.085724
3792 1.096527
3793 1.101928
3794 1.101928
3795 1.107330
3796 1.107769
3797 1.118133
3798 1.123535
3799 1.123915
3800 1.134338
3801 1.134338
3802 1.140060
3803 1.145743
3804 1.146265
3805 1.156467
3806 1.166989
3807 1.182953
3808 1.193756
3809 1.199157
3810 1.199481
3811 1.204701
3812 1.215362
3813 1.220764
3814 1.226165
3815 1.226165
3816 1.226165
3817 1.226165
3818 1.226165
3819 1.226165
3820 1.220764
3821 1.215362
3822 1.210036
3823 1.204654
3824 1.204559
3825 1.204559
3826 1.199157
3827 1.199157
3828 1.199157
3829 1.199157
3830 1.199157
3831 1.199157
3832 1.194029
3833 1.193756
3834 1.193756
3835 1.188354
3836 1.183305
3837 1.177924
3838 1.172542
3839 1.166748
3840 1.156809
3841 1.146497
3842 1.146085
3843 1.140231
3844 1.139740
3845 1.134869
3846 1.134338
3847 1.134338
3848 1.134338
3849 1.134338
3850 1.134338
3851 1.134338
3852 1.139740
3853 1.145141
3854 1.149833
3855 1.161346
3856 1.166748
3857 1.181415
3858 1.187565
3859 1.204559
3860 1.214534
3861 1.219916
3862 1.225298
3863 1.231567
3864 1.231567
3865 1.236969
3866 1.236969
3867 1.236969
3868 1.242370
3869 1.242370
3870 1.247772
3871 1.252127
3872 1.269378
3873 1.273694
3874 1.274780
3875 1.280181
3876 1.285583
3877 1.285583
3878 1.295202
3879 1.292384
3880 1.294178
3881 1.295972
3882 1.301788
3883 1.307190
3884 1.307190
3885 1.313611
3886 1.314956
3887 1.316302
3888 1.317647
3889 1.314591
3890 1.317282
3891 1.323394
3892 1.323394
3893 1.323394
3894 1.323394
3895 1.323394
3896 1.323394
3897 1.323394
3898 1.317993
3899 1.314192
3900 1.312591
3901 1.312591
3902 1.312591
3903 1.308869
3904 1.307190
3905 1.307190
3906 1.307190
3907 1.312591
3908 1.312591
3909 1.321596
3910 1.332325
3911 1.337647
3912 1.343143
3913 1.353926
3914 1.359308
3915 1.372009
3916 1.382812
3917 1.393145
3918 1.391638
3919 1.397020
3920 1.404419
3921 1.404419
3922 1.404419
3923 1.404419
3924 1.404419
3925 1.399017
3926 1.399017
3927 1.399017
3928 1.399017
3929 1.399017
3930 1.399017
3931 1.393615
3932 1.390468
3933 1.385086
3934 1.382812
3935 1.376636
3936 1.371274
3937 1.352756
3938 1.345001
3939 1.336591
3940 1.325807
3941 1.317456
3942 1.315043
3943 1.303803
3944 1.301370
3945 1.290985
3946 1.285583
3947 1.285583
3948 1.285583
3949 1.285583
3950 1.293776
3951 1.301928
3952 1.307290
3953 1.326126
3954 1.339621
3955 1.347693
3956 1.377295
3957 1.390574
3958 1.404145
3959 1.423236
3960 1.434019
3961 1.439401
3962 1.453033
3963 1.459701
3964 1.462392
3965 1.459266
3966 1.461060
3967 1.462854
3968 1.466271
3969 1.469238
3970 1.469238
3971 1.471613
3972 1.474639
3973 1.480041
3974 1.485443
3975 1.485443
3976 1.513877
3977 1.516963
3978 1.527726
3979 1.552478
3980 1.574065
3981 1.588154
3982 1.596701
3983 1.653903
3984 1.667931
3985 1.694899
3986 1.719790
3987 1.735975
3988 1.743395
3989 1.782531
3990 1.789931
3991 1.797292
3992 1.799389
3993 1.801183
3994 1.802977
3995 1.802238
3996 1.780651
3997 1.771728
3998 1.768048
3999 1.753703
4000 1.742919
4001 1.733917
4002 1.732156
4003 1.723113
4004 1.724835
4005 1.730217
4006 1.739318
4007 1.748044
4008 1.757165
4009 1.787933
4010 1.800339
4011 1.812051
4012 1.821192
4013 1.847351
4014 1.870480
4015 1.875862
4016 1.912170
4017 1.920499
4018 1.931263
4019 1.944579
4020 1.956787
4021 1.962169
4022 1.982391
4023 1.982391
4024 1.982391
4025 1.985002
4026 1.990364
4027 1.993827
4028 1.996518
4029 2.014800
4030 2.014800
4031 2.015987
4032 2.036407
4033 2.042955
4034 2.059374
4035 2.063550
4036 2.102314
4037 2.124968
4038 2.140971
4039 2.156009
4040 2.211275
4041 2.241209
4042 2.330031
4043 2.401453
4044 2.415794
4045 2.481211
4046 2.585527
4047 2.682677
4048 2.817336
4049 2.964232
4050 3.083779
4051 3.179440
4052 3.238640
4053 3.385162
4054 3.469011
4055 3.621923
4056 3.680570
4057 3.712249
4058 3.722361
4059 3.721077
4060 3.704280
4061 3.643787
4062 3.618754
4063 3.525040
4064 3.475972
4065 3.450089
4066 3.374526
4067 3.321043
4068 3.256263
4069 3.196451
4070 3.145825
4071 3.128990
4072 3.074049
4073 3.048362
4074 2.899325
4075 2.877482
4076 2.802845
4077 2.748317
4078 2.724489
4079 2.698210
4080 2.597526
4081 2.532766
4082 2.472349
4083 2.455696
4084 2.408160
4085 2.370839
4086 2.322498
4087 2.295142
4088 2.284535
4089 2.230827
4090 2.209222
4091 2.198459
4092 2.193097
4093 2.187693
4094 2.187713
4095 2.192973
4096 2.193054
4097 2.209138
4098 2.230724
4099 2.257392
4100 2.268316
4101 2.306287
4102 2.396118
4103 2.407442
4104 2.457214
4105 2.504951
4106 2.521655
4107 2.565127
4108 2.640033
4109 2.656517
4110 2.690002
4111 2.722013
4112 2.743600
4113 2.768838
4114 2.774598
4115 2.802958
4116 2.808340
4117 2.819640
4118 2.819640
4119 2.814795
4120 2.809413
4121 2.772218
4122 2.750651
4123 2.744653
4124 2.692623
4125 2.682574
4126 2.665079
4127 2.636700
4128 2.584173
4129 2.577322
4130 2.550334
4131 2.534149
4132 2.517964
4133 2.512582
4134 2.501799
4135 2.500945
4136 2.505454
4137 2.510836
4138 2.511749
4139 2.521599
4140 2.526981
4141 2.549560
4142 2.568131
4143 2.584276
4144 2.589618
4145 2.618709
4146 2.668287
4147 2.675713
4148 2.708216
4149 2.737114
4150 2.743568
4151 2.764434
4152 2.784811
4153 2.812262
4154 2.817544
4155 2.825839
4156 2.833911
4157 2.854834
4158 2.877729
4159 2.904717
4160 2.957345
4161 2.995117
4162 3.030073
4163 3.047626
4164 3.090779
4165 3.090720
4166 3.105926
4167 3.096629
4168 3.067293
4169 3.058096
4170 3.036569
4171 2.980403
4172 2.965923
4173 2.943353
4174 2.864499
4175 2.833774
4176 2.823011
4177 2.779838
4178 2.736437
4179 2.725733
4180 2.670160
4181 2.648573
4182 2.623389
4183 2.612625
4184 2.583813
4185 2.578431
4186 2.567648
4187 2.569263
4188 2.580046
4189 2.594289
4190 2.608491
4191 2.642824
4192 2.680596
4193 2.735930
4194 2.805348
4195 2.814342
4196 2.849324
4197 2.912667
4198 2.964522
4199 3.005535
4200 3.076757
4201 3.117769
4202 3.153341
4203 3.172668
4204 3.209478
4205 3.241848
4206 3.285021
4207 3.321990
4208 3.357482
4209 3.388257
4210 3.406741
4211 3.446872
4212 3.496656
4213 3.516857
4214 3.539106
4215 3.565062
4216 3.570464
4217 3.570464
4218 3.567580
4219 3.545993
4220 3.526675
4221 3.521353
4222 3.497438
4223 3.492056
4224 3.478637
4225 3.478637
4226 3.494892
4227 3.516459
4228 3.556917
4229 3.610873
4230 3.634959
4231 3.716012
4232 3.880214
4233 3.928650
4234 4.039871
4235 4.131619
4236 4.211873
4237 4.252419
4238 4.328753
4239 4.407249
4240 4.415564
4241 4.410686
4242 4.389100
4243 4.343517
4244 4.325645
4245 4.191406
4246 4.153733
4247 4.063573
4248 3.962837
4249 3.936126
4250 3.875655
4251 3.788408
4252 3.646814
4253 3.609141
4254 3.529369
4255 3.455977
4256 3.403158
4257 3.380473
4258 3.310312
4259 3.216471
4260 3.194944
4261 3.147106
4262 3.114716
4263 3.082326
4264 3.072997
4265 3.013639
4266 3.002895
4267 2.988664
4268 2.974393
4269 2.969011
4270 2.963629
4271 2.958247
4272 2.960082
4273 2.961877
4274 2.970885
4275 2.978042
4276 2.994227
4277 3.006473
4278 3.010079
4279 3.031979
4280 3.035705
4281 3.041106
4282 3.041106
4283 3.039509
4284 3.035705
4285 3.023344
4286 3.012561
4287 3.008697
4288 3.001797
4289 2.987090
4290 2.987090
4291 2.987090
4292 2.995329
4293 3.003295
4294 3.026281
4295 3.060030
4296 3.105083
4297 3.188501
4298 3.169535
4299 3.332512
4300 3.352779
4301 3.460752
4302 3.548339
4303 3.619084
4304 3.769647
4305 3.862961
4306 3.879539
4307 3.936048
4308 4.038308
4309 4.103068
4310 4.149409
4311 4.248793
4312 4.307128
4313 4.367509
4314 4.393486
4315 4.424089
4316 4.479396
4317 4.644601
4318 4.740827
4319 4.815389
4320 4.864690
4321 4.989908
4322 5.085389
4323 5.147394
4324 5.171004
4325 5.205621
4326 5.177162
4327 5.154184
4328 5.058485
4329 4.955248
4330 4.786114
4331 4.725161
4332 4.478323
4333 4.344596
4334 4.262695
4335 4.040701
4336 3.857772
4337 3.612598
4338 3.521299
4339 3.270970
4340 3.185329
4341 2.994755
4342 2.849479
4343 2.749916
4344 2.542214
4345 2.440051
4346 2.353705
4347 2.327564
4348 2.312026
4349 2.181381
4350 2.115000
4351 2.094073
4352 2.041348
4353 2.014590
4354 2.009208
4355 1.987792
4356 1.982391
4357 1.982391
4358 1.982726
4359 1.988068
4360 1.998704
4361 2.006776
4362 2.025604
4363 2.047223
4364 2.052604
4365 2.090315
4366 2.111702
4367 2.122500
4368 2.138778
4369 2.171341
4370 2.203731
4371 2.262691
4372 2.300754
4373 2.364792
4374 2.385664
4375 2.408218
4376 2.456998
4377 2.574980
4378 2.607271
4379 2.672884
4380 2.778264
4381 2.814826
4382 2.905285
4383 2.932723
4384 3.102699
4385 3.205495
4386 3.228477
4387 3.313349
4388 3.351022
4389 3.417712
4390 3.472713
4391 3.448937
4392 3.433955
4393 3.309689
4394 3.283599
4395 3.254254
4396 3.109131
4397 2.880925
4398 2.831167
4399 2.725913
4400 2.638146
4401 2.555480
4402 2.517067
4403 2.379827
4404 2.316686
4405 2.284395
4406 2.217177
4407 2.152417
4408 2.049587
4409 1.968860
4410 1.985362
4411 1.904635
4412 1.838463
4413 1.774661
4414 1.722699
4415 1.616873
4416 1.581591
4417 1.539225
4418 1.507031
4419 1.454130
4420 1.406651
4421 1.356083
4422 1.341911
4423 1.211613
4424 1.188311
4425 1.127316
4426 1.089281
4427 1.068755
4428 1.019327
4429 0.999075
4430 0.915501
4431 0.879063
4432 0.858870
4433 0.811709
4434 0.796997
4435 0.780659
4436 0.719847
4437 0.699714
4438 0.688950
4439 0.671292
4440 0.644304
4441 0.629651
4442 0.599640
4443 0.592805
4444 0.570352
4445 0.567169
4446 0.552595
4447 0.534759
4448 0.531029
4449 0.514844
4450 0.504060
4451 0.496948
4452 0.489645
4453 0.484283
4454 0.471730
4455 0.464538
4456 0.451992
4457 0.452032
4458 0.444801
4459 0.439419
4460 0.439439
4461 0.432129
4462 0.426727
4463 0.426727
4464 0.421326
4465 0.421326
4466 0.412550
4467 0.410522
4468 0.405121
4469 0.396404
4470 0.396424
4471 0.391042
4472 0.388916
4473 0.388916
4474 0.388916
4475 0.383514
4476 0.383514
4477 0.380358
4478 0.378113
4479 0.378113
4480 0.378113
4481 0.372711
4482 0.372711
4483 0.372711
4484 0.372711
4485 0.372711
4486 0.372711
4487 0.372711
4488 0.367309
4489 0.367309
4490 0.367309
4491 0.367309
4492 0.367309
4493 0.364470
4494 0.361908
4495 0.361908
4496 0.361908
4497 0.361908
4498 0.361659
4499 0.361169
4500 0.360680
4501 0.360191
4502 0.359702
4503 0.359212
4504 0.358723
4505 0.358234
4506 0.357745
4507 0.357255
4508 0.356766
4509 0.361593
4510 0.360920
4511 0.360247
4512 0.359574
4513 0.358902
4514 0.358229
4515 0.357556
4516 0.356883
4517 0.354142
4518 0.351105
4519 0.351105
4520 0.351105
4521 0.345703
4522 0.345703
4523 0.345703
4524 0.345703
4525 0.345703
4526 0.345703
4527 0.345703
4528 0.345703
4529 0.345703
4530 0.345703
4531 0.340301
4532 0.340301
4533 0.340301
4534 0.340301
4535 0.340301
4536 0.340699
4537 0.341775
4538 0.342852
4539 0.343928
4540 0.345004
4541 0.340774
4542 0.342119
4543 0.343465
4544 0.344810
4545 0.351105
4546 0.351105
4547 0.351105
4548 0.351105
4549 0.352835
4550 0.356506
4551 0.356506
4552 0.356506
4553 0.356506
4554 0.356506
4555 0.356506
4556 0.356506
4557 0.356506
4558 0.356506
4559 0.356506
4560 0.356506
4561 0.356506
4562 0.356506
4563 0.356506
4564 0.356506
4565 0.356506
4566 0.356506
4567 0.356506
4568 0.356506
4569 0.356506
4570 0.356506
4571 0.356506
4572 0.355231
4573 0.351105
4574 0.351105
4575 0.351105
4576 0.351105
4577 0.351105
4578 0.349949
4579 0.345703
4580 0.344587
4581 0.340301
4582 0.340301
4583 0.339244
4584 0.334900
4585 0.333882
4586 0.329498
4587 0.329498
4588 0.328540
4589 0.324097
4590 0.324097
4591 0.318695
4592 0.318695
4593 0.318695
4594 0.318695
4595 0.318695
4596 0.318695
4597 0.318695
4598 0.318695
4599 0.318695
4600 0.318695
4601 0.318695
4602 0.318695
4603 0.318695
4604 0.318695
4605 0.318074
4606 0.313293
4607 0.313293
4608 0.313293
4609 0.313293
4610 0.313293
4611 0.313293
4612 0.313293
4613 0.313293
4614 0.313293
4615 0.313293
4616 0.313293
4617 0.307892
4618 0.307892
4619 0.307892
4620 0.307892
4621 0.307892
4622 0.307607
4623 0.302490
4624 0.302490
4625 0.302490
4626 0.302490
4627 0.302490
4628 0.302490
4629 0.302490
4630 0.302490
4631 0.302490
4632 0.302490
4633 0.302490
4634 0.302490
4635 0.302490
4636 0.302490
4637 0.302490
4638 0.297121
4639 0.297089
4640 0.297089
4641 0.297089
4642 0.297089
4643 0.297089
4644 0.297089
4645 0.297089
4646 0.297089
4647 0.297089
4648 0.297089
4649 0.297089
4650 0.297089
4651 0.291322
4652 0.290937
4653 0.290553
4654 0.290169
4655 0.289784
4656 0.289400
4657 0.289015
4658 0.288631
4659 0.288246
4660 0.287862
4661 0.287478
4662 0.287093
4663 0.286709
4664 0.286324
4665 0.291560
4666 0.291418
4667 0.291276
4668 0.291135
4669 0.290993
4670 0.290852
4671 0.290710
4672 0.290568
4673 0.290427
4674 0.290285
4675 0.290143
4676 0.290002
4677 0.289860
4678 0.289719
4679 0.289577
4680 0.289435
4681 0.289294
4682 0.289152
4683 0.289010
4684 0.288869
4685 0.288727
4686 0.288586
4687 0.288444
4688 0.288302
4689 0.288161
4690 0.288019
4691 0.287877
4692 0.287736
4693 0.287594
4694 0.287453
4695 0.287311
4696 0.287169
4697 0.287028
4698 0.286886
4699 0.286744
4700 0.286603
4701 0.286461
4702 0.286320
4703 0.286285
4704 0.286285
4705 0.286285
4706 0.292053
4707 0.292542
4708 0.293031
4709 0.293520
4710 0.294010
4711 0.294499
4712 0.294988
4713 0.295477
4714 0.295967
4715 0.296456
4716 0.296945
4717 0.293209
4718 0.295361
4719 0.297514
4720 0.299667
4721 0.301820
4722 0.298015
4723 0.299360
4724 0.300706
4725 0.302051
4726 0.297089
4727 0.297089
4728 0.297089
4729 0.297089
4730 0.297089
4731 0.291687
4732 0.291687
4733 0.297089
4734 0.297089
4735 0.297089
4736 0.297089
4737 0.297089
4738 0.297089
4739 0.297089
4740 0.297089
4741 0.297089
4742 0.297089
4743 0.297089
4744 0.297089
4745 0.297089
4746 0.297089
4747 0.297089
4748 0.297089
4749 0.302490
4750 0.302490
4751 0.302490
4752 0.302490
4753 0.302490
4754 0.302490
4755 0.307892
4756 0.302490
4757 0.302490
4758 0.302490
4759 0.302490
4760 0.302490
4761 0.302490
4762 0.307892
4763 0.307892
4764 0.307892
4765 0.307892
4766 0.313293
4767 0.313293
4768 0.313293
4769 0.313293
4770 0.313293
4771 0.313293
4772 0.313293
4773 0.313293
4774 0.313293
4775 0.307892
4776 0.307892
4777 0.313293
4778 0.313293
4779 0.313293
4780 0.313293
4781 0.313293
4782 0.319010
4783 0.319682
4784 0.320355
4785 0.321028
4786 0.321701
4787 0.322373
4788 0.323046
4789 0.323719
4790 0.319874
4791 0.322565
4792 0.321777
4793 0.318695
4794 0.318695
4795 0.318695
4796 0.318695
4797 0.318695
4798 0.318695
4799 0.318695
4800 0.318695
4801 0.318695
4802 0.318695
4803 0.324097
4804 0.324097
4805 0.324097
4806 0.324097
4807 0.324097
4808 0.324097
4809 0.329498
4810 0.329498
4811 0.329498
4812 0.327575
4813 0.324097
4814 0.324097
4815 0.324097
4816 0.324097
4817 0.324097
4818 0.324097
4819 0.324097
4820 0.324097
4821 0.324097
4822 0.329498
4823 0.329498
4824 0.329498
4825 0.329498
4826 0.329498
4827 0.329498
4828 0.329498
4829 0.329498
4830 0.329498
4831 0.329498
4832 0.334900
4833 0.334900
4834 0.334900
4835 0.334900
4836 0.334900
4837 0.334900
4838 0.334900
4839 0.334900
4840 0.334900
4841 0.334900
4842 0.340301
4843 0.340301
4844 0.340301
4845 0.345703
4846 0.345703
4847 0.345703
4848 0.345703
4849 0.345703
4850 0.345703
4851 0.345703
4852 0.345703
4853 0.345703
4854 0.345703
4855 0.345703
4856 0.345703
4857 0.351105
4858 0.351105
4859 0.345703
4860 0.345703
4861 0.345703
4862 0.345703
4863 0.345703
4864 0.345703
4865 0.345703
4866 0.345703
4867 0.345703
4868 0.345703
4869 0.351105
4870 0.351105
4871 0.351105
4872 0.351105
4873 0.351105
4874 0.351105
4875 0.350429
4876 0.345732
4877 0.345966
4878 0.346199
4879 0.346433
4880 0.346667
4881 0.346901
4882 0.347135
4883 0.347369
4884 0.347603
4885 0.347837
4886 0.348071
4887 0.348305
4888 0.348539
4889 0.348773
4890 0.349007
4891 0.349241
4892 0.349475
4893 0.349709
4894 0.349943
4895 0.350177
4896 0.350411
4897 0.350645
4898 0.350879
4899 0.345770
4900 0.347564
4901 0.349358
4902 0.351105
4903 0.351105
4904 0.351105
4905 0.351105
4906 0.351105
4907 0.356465
4908 0.351105
4909 0.351105
4910 0.351105
4911 0.351105
4912 0.351105
4913 0.351105
4914 0.351105
4915 0.351105
4916 0.351105
4917 0.356506
4918 0.356506
4919 0.356506
4920 0.356506
4921 0.356506
4922 0.356506
4923 0.356506
4924 0.356506
4925 0.356506
4926 0.356506
4927 0.356506
4928 0.356506
4929 0.356506
4930 0.356506
4931 0.356506
4932 0.356506
4933 0.356506
4934 0.361908
4935 0.361908
4936 0.361908
4937 0.361908
4938 0.361908
4939 0.361908
4940 0.367309
4941 0.367309
4942 0.367309
4943 0.367309
4944 0.367309
4945 0.372711
4946 0.372711
4947 0.372711
4948 0.372711
4949 0.372711
4950 0.372711
4951 0.372711
4952 0.372711
4953 0.372711
4954 0.372711
4955 0.372711
4956 0.372711
4957 0.378113
4958 0.378113
4959 0.378113
4960 0.378113
4961 0.378113
4962 0.378113
4963 0.378113
4964 0.378113
4965 0.383514
4966 0.383514
4967 0.383514
4968 0.389108
4969 0.389353
4970 0.389598
4971 0.389842
4972 0.390087
4973 0.390332
4974 0.390576
4975 0.390821
4976 0.391065
4977 0.391310
4978 0.391555
4979 0.391799
4980 0.392044
4981 0.392289
4982 0.392533
4983 0.392778
4984 0.393022
4985 0.393267
4986 0.393512
4987 0.393756
4988 0.394001
4989 0.394246
4990 0.390182
4991 0.391976
4992 0.393770
4993 0.398057
4994 0.399719
4995 0.405121
4996 0.405121
4997 0.405121
4998 0.405121
4999 0.405121
5000 0.405121
5001 0.405121
5002 0.405121
5003 0.405121
5004 0.406295
5005 0.408089
5006 0.409883
5007 0.406852
5008 0.409543
5009 0.413945
5010 0.417625
5011 0.420316
5012 0.419287
5013 0.426727
5014 0.426727
5015 0.426727
5016 0.426727
5017 0.426727
5018 0.426727
5019 0.426727
5020 0.426727
5021 0.426727
5022 0.432129
5023 0.432129
5024 0.432129
5025 0.437530
5026 0.437530
5027 0.437530
5028 0.442932
5029 0.442932
5030 0.442932
5031 0.442932
5032 0.448334
5033 0.448334
5034 0.448334
5035 0.448334
5036 0.448334
5037 0.453735
5038 0.453735
5039 0.456564
5040 0.459353
5041 0.459767
5042 0.460181
5043 0.460595
5044 0.461009
5045 0.461423
5046 0.461837
5047 0.462251
5048 0.462665
5049 0.463079
5050 0.463493
5051 0.463907
5052 0.464321
5053 0.459456
5054 0.460128
5055 0.460801
5056 0.461474
5057 0.462147
5058 0.462819
5059 0.463492
5060 0.464165
5061 0.462146
5062 0.459137
5063 0.459137
5064 0.459137
5065 0.459137
5066 0.459137
5067 0.459137
5068 0.464538
5069 0.464538
5070 0.464538
5071 0.464538
5072 0.464538
5073 0.464538
5074 0.464538
5075 0.464538
5076 0.464538
5077 0.464538
5078 0.464538
5079 0.464538
5080 0.464538
5081 0.464538
5082 0.464538
5083 0.464538
5084 0.464538
5085 0.461054
5086 0.464538
5087 0.464538
5088 0.464538
5089 0.464538
5090 0.464538
5091 0.464538
5092 0.459137
5093 0.459137
5094 0.459137
5095 0.459137
5096 0.459137
5097 0.459137
5098 0.459137
5099 0.453735
5100 0.453735
5101 0.459137
5102 0.459137
5103 0.459137
5104 0.459137
5105 0.459137
5106 0.459137
5107 0.459137
5108 0.459137
5109 0.459137
5110 0.459137
5111 0.459137
5112 0.459137
5113 0.459137
5114 0.459137
5115 0.459137
5116 0.459137
5117 0.459137
5118 0.459137
5119 0.459137
5120 0.459137
5121 0.459137
5122 0.459137
5123 0.459137
5124 0.459137
5125 0.459137
5126 0.459137
5127 0.459137
5128 0.459137
5129 0.459137
5130 0.460163
5131 0.464538
5132 0.464538
5133 0.465505
5134 0.468993
5135 0.469940
5136 0.469940
5137 0.469940
5138 0.469940
5139 0.475483
5140 0.476380
5141 0.477277
5142 0.478174
5143 0.479071
5144 0.479968
5145 0.475463
5146 0.476360
5147 0.477257
5148 0.478154
5149 0.479051
5150 0.479948
5151 0.475342
5152 0.475342
5153 0.475342
5154 0.475342
5155 0.475342
5156 0.475342
5157 0.475342
5158 0.475342
5159 0.475342
5160 0.475342
5161 0.469940
5162 0.469940
5163 0.469940
5164 0.464538
5165 0.464538
5166 0.464538
5167 0.464832
5168 0.469940
5169 0.469940
5170 0.470174
5171 0.475288
5172 0.473943
5173 0.472597
5174 0.471252
5175 0.475342
5176 0.469957
5177 0.470725
5178 0.471494
5179 0.472263
5180 0.473032
5181 0.473801
5182 0.474569
5183 0.475338
5184 0.476107
5185 0.476876
5186 0.477645
5187 0.478414
5188 0.479182
5189 0.479951
5190 0.480720
5191 0.477082
5192 0.478876
5193 0.480669
5194 0.486145
5195 0.486145
5196 0.486145
5197 0.491546
5198 0.491546
5199 0.491546
5200 0.491546
5201 0.491546
5202 0.491546
5203 0.491546
5204 0.491546
5205 0.486604
5206 0.486145
5207 0.486145
5208 0.486145
5209 0.486145
5210 0.493161
5211 0.494955
5212 0.496749
5213 0.491546
5214 0.491546
5215 0.491546
5216 0.491546
5217 0.491546
5218 0.491546
5219 0.491546
5220 0.491546
5221 0.491546
5222 0.491546
5223 0.491546
5224 0.491546
5225 0.491546
5226 0.491546
5227 0.491546
5228 0.491546
5229 0.491546
5230 0.491546
5231 0.491546
5232 0.491546
5233 0.495851
5234 0.494506
5235 0.493160
5236 0.491815
5237 0.486145
5238 0.490434
5239 0.491546
5240 0.490394
5241 0.493661
5242 0.496352
5243 0.492943
5244 0.494737
5245 0.496531
5246 0.491546
5247 0.496948
5248 0.496948
5249 0.496948
5250 0.496948
5251 0.496948
5252 0.496583
5253 0.496094
5254 0.495605
5255 0.495116
5256 0.494626
5257 0.494137
5258 0.493648
5259 0.493159
5260 0.492669
5261 0.492180
5262 0.491691
5263 0.496948
5264 0.496948
5265 0.496948
5266 0.491546
5267 0.496948
5268 0.491898
5269 0.492411
5270 0.492923
5271 0.493436
5272 0.493949
5273 0.494461
5274 0.494974
5275 0.495486
5276 0.495999
5277 0.496511
5278 0.497024
5279 0.497536
5280 0.498049
5281 0.498562
5282 0.499074
5283 0.499587
5284 0.500099
5285 0.500612
5286 0.501124
5287 0.501637
5288 0.502149
5289 0.498587
5290 0.501278
5291 0.496948
5292 0.496948
5293 0.496948
5294 0.496948
5295 0.496948
5296 0.491546
5297 0.491546
5298 0.491546
5299 0.491546
5300 0.491546
5301 0.491546
5302 0.491546
5303 0.496948
5304 0.496948
5305 0.496948
5306 0.496948
5307 0.496948
5308 0.496948
5309 0.496948
5310 0.494085
5311 0.491546
5312 0.491546
5313 0.488743
5314 0.486145
5315 0.486145
5316 0.480743
5317 0.480743
5318 0.480743
5319 0.480743
5320 0.480743
5321 0.480743
5322 0.480743
5323 0.480743
5324 0.480743
5325 0.480743
5326 0.480743
5327 0.486145
5328 0.486145
5329 0.483658
5330 0.480743
5331 0.480743
5332 0.480743
5333 0.480743
5334 0.480743
5335 0.480743
5336 0.480743
5337 0.478415
5338 0.474572
5339 0.472778
5340 0.470984
5341 0.473093
5342 0.467711
5343 0.469388
5344 0.468042
5345 0.466697
5346 0.465351
5347 0.469940
5348 0.469940
5349 0.469940
5350 0.467869
5351 0.464538
5352 0.464538
5353 0.464538
5354 0.462547
5355 0.459137
5356 0.459137
5357 0.459137
5358 0.459137
5359 0.459137
5360 0.459137
5361 0.459137
5362 0.459137
5363 0.464085
5364 0.462740
5365 0.461394
5366 0.460049
5367 0.464346
5368 0.463748
5369 0.463150
5370 0.462552
5371 0.461954
5372 0.461356
5373 0.460758
5374 0.460160
5375 0.459562
5376 0.464538
5377 0.464538
5378 0.464538
5379 0.464538
5380 0.470432
5381 0.472226
5382 0.474020
5383 0.470069
5384 0.470558
5385 0.471047
5386 0.471537
5387 0.472026
5388 0.472515
5389 0.473004
5390 0.473494
5391 0.473983
5392 0.474472
5393 0.474961
5394 0.480743
5395 0.480743
5396 0.480743
5397 0.480743
5398 0.486145
5399 0.486145
5400 0.486145
5401 0.491546
5402 0.491546
5403 0.491546
5404 0.491546
5405 0.491546
5406 0.491546
5407 0.497136
5408 0.498213
5409 0.499289
5410 0.500366
5411 0.501442
5412 0.497369
5413 0.500060
5414 0.507751
5415 0.507751
5416 0.507751
5417 0.507751
5418 0.507751
5419 0.507751
5420 0.507751
5421 0.513153
5422 0.513153
5423 0.513153
5424 0.513153
5425 0.518555
5426 0.518555
5427 0.523956
5428 0.523956
5429 0.523956
5430 0.523956
5431 0.523956
5432 0.529358
5433 0.529358
5434 0.534759
5435 0.534759
5436 0.534759
5437 0.540161
5438 0.545563
5439 0.545563
5440 0.545563
5441 0.550991
5442 0.551529
5443 0.552067
5444 0.552606
5445 0.553144
5446 0.553682
5447 0.554220
5448 0.554758
5449 0.555296
5450 0.555835
5451 0.551034
5452 0.556416
5453 0.556381
5454 0.559072
5455 0.561763
5456 0.567169
5457 0.567169
5458 0.567169
5459 0.567169
5460 0.567169
5461 0.567169
5462 0.572571
5463 0.572571
5464 0.572571
5465 0.572571
5466 0.583147
5467 0.579003
5468 0.580080
5469 0.581156
5470 0.582232
5471 0.583309
5472 0.583720
5473 0.586761
5474 0.584608
5475 0.582456
5476 0.580303
5477 0.578150
5478 0.583374
5479 0.583374
5480 0.583374
5481 0.583374
5482 0.583374
5483 0.583374
5484 0.583374
5485 0.583374
5486 0.581158
5487 0.584746
5488 0.588334
5489 0.583374
5490 0.583374
5491 0.583374
5492 0.583374
5493 0.588195
5494 0.587523
5495 0.586850
5496 0.586177
5497 0.585505
5498 0.584832
5499 0.584159
5500 0.583486
5501 0.583374
5502 0.583374
5503 0.583374
5504 0.583374
5505 0.583374
5506 0.583374
5507 0.583374
5508 0.583374
5509 0.577972
5510 0.583374
5511 0.583374
5512 0.577972
5513 0.577972
5514 0.583374
5515 0.588075
5516 0.587178
5517 0.586281
5518 0.585384
5519 0.584487
5520 0.583590
5521 0.584690
5522 0.579308
5523 0.577972
5524 0.577972
5525 0.572571
5526 0.572571
5527 0.572571
5528 0.577972
5529 0.577972
5530 0.583374
5531 0.583374
5532 0.583374
5533 0.583374
5534 0.583374
5535 0.579566
5536 0.577972
5537 0.577972
5538 0.571321
5539 0.569527
5540 0.567733
5541 0.572571
5542 0.572571
5543 0.572571
5544 0.572571
5545 0.567169
5546 0.567169
5547 0.567169
5548 0.567169
5549 0.567169
5550 0.567169
5551 0.572072
5552 0.571303
5553 0.570534
5554 0.569765
5555 0.568997
5556 0.568228
5557 0.567459
5558 0.573688
5559 0.575482
5560 0.577276
5561 0.572937
5562 0.573535
5563 0.574132
5564 0.574730
5565 0.575328
5566 0.575926
5567 0.576524
5568 0.577122
5569 0.577720
5570 0.583374
5571 0.583374
5572 0.583374
5573 0.588775
5574 0.588775
5575 0.588775
5576 0.588775
5577 0.588775
5578 0.588775
5579 0.588775
5580 0.588775
5581 0.588775
5582 0.583374
5583 0.583374
5584 0.580536
5585 0.577972
5586 0.577972
5587 0.577972
5588 0.577972
5589 0.575234
5590 0.572571
5591 0.572571
5592 0.572571
5593 0.572571
5594 0.572571
5595 0.577972
5596 0.577972
5597 0.583374
5598 0.588775
5599 0.588775
5600 0.588775
5601 0.588775
5602 0.588775
5603 0.588775
5604 0.588775
5605 0.588775
5606 0.588775
5607 0.591158
5608 0.600366
5609 0.602160
5610 0.603954
5611 0.600346
5612 0.602140
5613 0.603934
5614 0.607224
5615 0.618007
5616 0.617987
5617 0.626587
5618 0.631988
5619 0.637390
5620 0.637390
5621 0.637390
5622 0.637390
5623 0.637390
5624 0.637390
5625 0.637390
5626 0.637390
5627 0.637390
5628 0.637390
5629 0.637390
5630 0.643434
5631 0.645228
5632 0.647022
5633 0.643725
5634 0.646416
5635 0.653595
5636 0.654499
5637 0.657190
5638 0.669800
5639 0.675201
5640 0.675201
5641 0.675201
5642 0.683981
5643 0.681437
5644 0.684128
5645 0.686819
5646 0.689510
5647 0.696808
5648 0.696808
5649 0.702209
5650 0.707611
5651 0.707611
5652 0.707611
5653 0.713012
5654 0.713012
5655 0.713012
5656 0.713012
5657 0.713012
5658 0.713012
5659 0.713012
5660 0.718414
5661 0.718414
5662 0.718414
5663 0.718414
5664 0.718414
5665 0.718414
5666 0.718414
5667 0.718414
5668 0.718414
5669 0.711858
5670 0.707705
5671 0.708154
5672 0.708602
5673 0.709051
5674 0.709499
5675 0.709948
5676 0.710396
5677 0.710845
5678 0.711293
5679 0.711742
5680 0.712190
5681 0.712639
5682 0.708059
5683 0.710750
5684 0.713870
5685 0.718414
5686 0.723816
5687 0.723816
5688 0.723816
5689 0.723816
5690 0.729217
5691 0.729217
5692 0.729217
5693 0.729217
5694 0.729217
5695 0.729217
5696 0.729217
5697 0.723816
5698 0.723816
5699 0.723816
5700 0.723816
5701 0.723816
5702 0.723315
5703 0.718414
5704 0.718414
5705 0.718414
5706 0.718414
5707 0.718414
5708 0.713012
5709 0.713012
5710 0.713012
5711 0.713012
5712 0.712710
5713 0.707611
5714 0.713012
5715 0.718414
5716 0.718414
5717 0.718414
5718 0.718598
5719 0.723980
5720 0.734619
5721 0.740145
5722 0.745474
5723 0.748165
5724 0.745487
5725 0.750869
5726 0.761627
5727 0.761627
5728 0.761627
5729 0.772396
5730 0.777832
5731 0.783160
5732 0.793849
5733 0.793810
5734 0.815377
5735 0.815337
5736 0.836904
5737 0.842266
5738 0.853242
5739 0.863793
5740 0.875061
5741 0.901253
5742 0.911414
5743 0.923675
5744 0.939549
5745 0.955383
5746 0.961116
5747 0.982702
5748 0.993896
5749 1.030416
5750 1.045662
5751 1.051904
5752 1.063138
5753 1.069519
5754 1.080322
5755 1.091125
5756 1.096527
5757 1.096527
5758 1.096527
5759 1.096527
5760 1.096527
5761 1.085724
5762 1.075608
5763 1.064825
5764 1.053314
5765 1.043258
5766 1.037876
5767 1.032494
5768 1.016309
5769 1.010927
5770 1.005546
5771 1.004699
5772 0.999298
5773 0.999298
5774 0.993896
5775 0.993896
5776 0.993896
5777 0.999298
5778 0.999298
5779 1.003675
5780 1.004699
5781 1.025242
5782 1.030624
5783 1.036005
5784 1.039140
5785 1.045626
5786 1.056389
5787 1.056350
5788 1.064117
5789 1.064117
5790 1.069519
5791 1.080322
5792 1.080322
5793 1.084422
5794 1.096527
5795 1.096527
5796 1.096527
5797 1.096527
5798 1.096527
5799 1.096527
5800 1.091125
5801 1.072439
5802 1.065597
5803 1.064117
5804 1.050952
5805 1.045590
5806 1.038668
5807 1.022483
5808 1.015503
5809 1.011720
5810 0.995535
5811 0.990153
5812 0.973968
5813 0.972290
5814 0.948717
5815 0.945187
5816 0.937114
5817 0.927230
5818 0.925472
5819 0.920090
5820 0.918274
5821 0.912872
5822 0.916397
5823 0.918274
5824 0.921759
5825 0.923675
5826 0.923675
5827 0.929077
5828 0.934478
5829 0.941252
5830 0.943247
5831 0.950683
5832 0.954011
5833 0.956085
5834 0.964774
5835 0.972290
5836 0.975538
5837 0.984707
5838 0.987398
5839 0.989470
5840 1.004699
5841 1.004699
5842 1.010101
5843 1.013211
5844 1.026306
5845 1.026306
5846 1.026306
5847 1.042511
5848 1.050923
5849 1.056305
5850 1.067088
5851 1.083774
5852 1.089116
5853 1.121045
5854 1.134338
5855 1.148013
5856 1.156247
5857 1.166748
5858 1.172149
5859 1.183136
5860 1.183097
5861 1.185601
5862 1.180219
5863 1.177551
5864 1.172149
5865 1.169476
5866 1.161440
5867 1.147909
5868 1.137125
5869 1.134338
5870 1.113236
5871 1.105358
5872 1.088921
5873 1.061602
5874 1.045417
5875 1.032158
5876 1.026306
5877 1.015503
5878 1.013086
5879 0.999298
5880 0.992708
5881 0.990017
5882 0.993896
5883 0.993896
5884 0.989643
5885 0.992334
5886 1.004699
5887 1.010101
5888 1.015503
5889 1.018706
5890 1.015503
5891 1.015503
5892 1.002560
5893 0.993896
5894 0.984296
5895 0.979974
5896 0.971901
5897 0.964848
5898 0.959466
5899 0.956085
5900 0.956085
5901 0.956085
5902 0.956085
5903 0.956085
5904 0.961487
5905 0.961487
5906 0.961487
5907 0.956085
5908 0.954263
5909 0.938078
5910 0.929131
5911 0.920150
5912 0.882378
5913 0.873338
5914 0.846349
5915 0.815643
5916 0.796111
5917 0.785347
5918 0.754601
5919 0.726598
5920 0.721295
5921 0.677473
5922 0.670567
5923 0.655946
5924 0.637390
5925 0.604980
5926 0.602049
5927 0.587330
5928 0.571145
5929 0.565763
5930 0.557608
5931 0.549598
5932 0.534759
5933 0.534759
5934 0.534759
5935 0.534759
5936 0.534759
5937 0.534759
5938 0.518555
5939 0.511945
5940 0.506563
5941 0.501181
5942 0.496948
5943 0.496948
5944 0.490437
5945 0.491546
5946 0.491546
5947 0.490497
5948 0.486145
5949 0.480743
5950 0.480743
5951 0.468970
5952 0.459137
5953 0.459137
5954 0.459137
5955 0.459137
5956 0.452864
5957 0.448334
5958 0.452903
5959 0.452923
5960 0.447541
5961 0.447819
5962 0.444231
5963 0.440643
5964 0.442219
5965 0.432475
5966 0.435166
5967 0.432782
5968 0.436897
5969 0.431822
5970 0.429131
5971 0.431985
5972 0.430640
5973 0.429294
5974 0.427949
5975 0.426232
5976 0.421326
5977 0.420870
5978 0.415924
5979 0.415508
5980 0.409730
5981 0.409958
5982 0.401885
5983 0.399382
5984 0.388916
5985 0.388916
5986 0.388916
5987 0.388916
5988 0.388916
5989 0.388916
5990 0.388916
5991 0.388916
5992 0.383514
5993 0.383514
5994 0.378113
5995 0.383415
5996 0.378033
5997 0.378053
5998 0.372711
5999 0.372691
6000 0.367309
