# icm    alpha [1/mm]
0.733841 0.000333
0.833910 0.000452
1.167474 0.000317
3.135502 0.000595
5.003461 0.001310
5.432025 0.001191
5.916760 0.001342
6.380414 0.001494
6.864983 0.001624
7.349284 0.001711
7.876349 0.001906
8.339569 0.001992
8.845019 0.002100
9.392831 0.002252
10.299892 0.002663
10.786762 0.003140
11.277869 0.004244
11.746326 0.005110
12.274992 0.005543
12.782310 0.005933
13.289060 0.006236
13.733034 0.006583
14.219771 0.007037
14.707074 0.007579
15.236307 0.008098
15.681715 0.008661
15.966846 0.010891
16.190667 0.009289
16.699286 0.009874
16.965037 0.012035
17.187924 0.010610
17.900851 0.013186
18.586658 0.013122
19.335443 0.014290
20.084228 0.015457
20.770036 0.015394
21.581797 0.017793
22.392291 0.017718
23.204086 0.020117
23.702831 0.020070
24.514626 0.022469
25.201034 0.023643
25.949819 0.024810
26.573284 0.024753
27.322735 0.027157
28.009811 0.029568
28.884583 0.033198
29.321652 0.034395
29.884674 0.038054
30.447063 0.040476
31.072463 0.044129
31.758904 0.045303
32.444712 0.045239
33.131120 0.046413
33.629932 0.046366
35.906841 0.102100
35.937195 0.102160
36.022921 0.102220
36.159349 0.102400
36.352482 0.102640
36.587645 0.102890
36.865504 0.103190
37.187060 0.103610
37.548310 0.103970
38.367209 0.104880
39.303190 0.105910
40.335238 0.107000
41.423324 0.108150
42.540763 0.109300
43.657869 0.110390
44.722940 0.111420
45.698281 0.112330
46.142255 0.112700
46.544867 0.113120
46.898445 0.113430
47.201654 0.113670
47.453829 0.113910
47.633620 0.114100
47.747032 0.114160
47.787393 0.114220
47.820749 0.114280
47.921486 0.114340
48.082931 0.114520
48.298747 0.114770
48.563597 0.115010
48.884485 0.115320
49.255742 0.115740
49.664358 0.116110
50.598671 0.117030
51.666076 0.118070
52.829881 0.119170
54.057731 0.120330
55.314267 0.121500
56.560462 0.122600
57.753621 0.123640
58.840039 0.124560
59.328377 0.124930
59.779022 0.125360
60.173962 0.125670
60.503523 0.125920
60.775378 0.126160
60.980186 0.126350
61.108275 0.126410
61.151305 0.126470
61.194001 0.126530
61.322757 0.126720
61.529233 0.126960
61.805758 0.127340
62.144325 0.127770
62.554943 0.128330
63.029938 0.128880
63.552966 0.129560
64.748460 0.131050
66.114071 0.132730
67.603102 0.134530
69.174522 0.136390
70.781967 0.138260
72.376404 0.140070
73.903127 0.141760
75.293088 0.143260
75.917854 0.143950
76.494253 0.144510
76.999602 0.145070
77.421561 0.145510
77.769468 0.145890
78.031316 0.146140
78.195429 0.146330
78.250134 0.146390
78.294164 0.146520
78.425922 0.146890
78.645741 0.147460
78.932606 0.148220
79.286851 0.149230
79.721152 0.150360
80.754867 0.153080
81.996726 0.156380
83.409370 0.160000
84.941763 0.163950
86.550543 0.167980
88.189677 0.172020
89.809798 0.176000
91.357202 0.179680
92.762173 0.183040
93.965006 0.185830
94.479361 0.187000
94.903655 0.188040
95.249895 0.188820
95.517079 0.189400
95.677524 0.189790
95.731228 0.189920
95.771255 0.190050
95.905348 0.190440
96.403693 0.191810
97.175894 0.194030
98.187927 0.196840
99.405102 0.200250
100.778052 0.203990
102.270418 0.208080
103.828496 0.212240
105.410257 0.216420
106.971337 0.220540
108.449026 0.224350
109.793289 0.227820
110.936413 0.230710
111.825362 0.232990
112.406097 0.234410
112.563539 0.234810
112.610905 0.234940
112.784358 0.235420
113.259020 0.236700
114.022548 0.238650
115.000225 0.241290
116.181709 0.244340
117.506292 0.247800
120.437319 0.255300
123.441398 0.262850
124.849038 0.266360
126.131592 0.269470
127.213340 0.272160
128.070934 0.274170
128.609973 0.275490
128.808110 0.275980
128.952544 0.276120
129.332473 0.276600
129.949567 0.277230
130.734777 0.278130
131.690438 0.279170
132.745834 0.280350
135.090456 0.282930
137.476440 0.285510
138.578536 0.286690
139.591570 0.287740
140.434820 0.288650
141.105284 0.289280
141.520905 0.289770
141.679682 0.289910
141.838125 0.290540
142.295107 0.292230
142.993591 0.294840
143.916562 0.298300
145.027998 0.302330
146.270858 0.306880
148.996744 0.316870
151.773665 0.326950
153.074231 0.331580
154.234701 0.335710
155.252071 0.339280
156.013931 0.341980
156.516946 0.343730
156.692067 0.344390
156.713749 0.344610
156.801476 0.345270
157.152052 0.347690
157.657402 0.351440
158.341542 0.356380
159.139093 0.362150
160.052726 0.368700
161.016392 0.375730
162.031428 0.383020
163.052467 0.390350
164.034480 0.397490
164.976132 0.404210
165.807373 0.410270
166.526538 0.415360
167.062241 0.419310
167.435833 0.421860
167.529231 0.422560
167.552581 0.422790
167.575930 0.423180
167.598946 0.424190
167.668327 0.425980
167.761392 0.428240
167.853789 0.431210
167.969869 0.434580
168.132649 0.438500
168.271745 0.442830
168.620986 0.452650
169.017261 0.463730
169.438218 0.475640
169.883860 0.488060
170.330502 0.500600
170.754462 0.512850
171.156074 0.524450
171.510986 0.534890
171.653084 0.539540
171.819533 0.543790
171.938281 0.547450
172.033014 0.550700
172.128079 0.553180
172.199796 0.555150
172.223145 0.556270
172.247162 0.556690
172.271178 0.557120
172.342895 0.558500
172.438628 0.560650
172.582060 0.563670
172.749843 0.567300
172.965659 0.571640
173.181475 0.576680
173.445991 0.582190
174.024391 0.594670
174.677510 0.608800
175.381664 0.624070
176.113170 0.639970
176.847678 0.656070
177.560504 0.671890
178.226632 0.686860
178.821043 0.700370
179.094232 0.706410
179.317720 0.712000
179.541875 0.716830
179.716329 0.720900
179.866099 0.724310
179.965835 0.726750
180.040887 0.728310
180.065904 0.728800
180.090588 0.729680
180.114938 0.732120
180.188656 0.736150
180.287391 0.741660
180.385459 0.748390
180.508210 0.756540
180.681663 0.765760
180.829099 0.776040
181.027236 0.787330
181.199688 0.799540
181.422843 0.812590
181.620646 0.826290
182.067289 0.855410
182.540283 0.886290
183.014277 0.917890
183.464589 0.949110
183.664394 0.964300
183.890884 0.979070
184.066005 0.993180
184.267477 1.006500
184.417915 1.018800
184.595037 1.030000
184.720791 1.040100
184.821194 1.048500
184.922264 1.055500
184.998316 1.060600
185.023000 1.063800
185.048351 1.065900
185.048685 1.064900
185.073368 1.068700
185.097385 1.073200
185.121402 1.079400
185.170435 1.087200
185.219136 1.096300
185.293521 1.106900
185.341554 1.118700
185.414938 1.131600
185.514340 1.145500
185.660108 1.176000
185.857578 1.209500
186.029029 1.245000
186.200148 1.281500
186.398285 1.317800
186.545053 1.352600
186.644789 1.369100
186.692822 1.384700
186.767207 1.399100
186.841925 1.412500
186.891293 1.424100
186.940994 1.434200
186.965010 1.442300
186.989360 1.448300
187.014044 1.454400
187.014378 1.453400
187.014711 1.452000
187.039729 1.457100
187.064746 1.461300
187.089096 1.467400
187.139798 1.474800
187.189833 1.483500
187.265885 1.493500
187.315586 1.504900
187.493042 1.530500
187.643146 1.559800
187.845953 1.591800
188.022075 1.625600
188.198530 1.660300
188.402004 1.695000
188.553109 1.728100
188.704881 1.758400
188.781600 1.772200
188.858320 1.784700
188.908688 1.795700
188.959724 1.805300
188.984741 1.813000
189.010092 1.818500
189.035443 1.823400
189.035776 1.822100
189.103490 1.203100
189.180877 1.207600
189.218569 1.211800
189.220237 1.209000
189.293955 1.219800
189.366672 1.232500
189.436720 1.250000
189.544128 1.271900
189.689562 1.297900
189.873689 1.327500
190.015454 1.360500
190.236607 1.396700
190.415731 1.435900
190.634549 1.477800
190.852366 1.522000
191.326694 1.616100
191.841717 1.715400
192.317380 1.817300
192.795711 1.918800
193.015863 1.968100
193.237683 2.016000
193.419809 2.061800
193.644631 2.105000
193.789398 2.145100
193.977195 2.182000
194.125964 2.214400
194.236374 2.242300
194.308090 2.264800
194.382809 2.281300
194.457527 2.297300
194.458528 2.295400
194.460196 2.291700
194.492551 2.310800
194.496554 2.302500
194.528576 2.322000
194.562933 2.336300
194.596623 2.352800
194.670341 2.371800
194.702029 2.392900
194.845462 2.441100
194.986226 2.495400
195.166351 2.554700
195.305113 2.616200
195.443876 2.679000
195.624668 2.741100
195.766099 2.799700
195.868503 2.853100
195.941887 2.876800
196.015938 2.898600
196.049962 2.917600
196.084653 2.934100
196.117342 2.956900
196.121011 2.947200
196.154701 2.967100
196.155368 2.965300
196.156369 2.963100
196.190392 2.982100
196.194062 2.972900
196.227085 2.994500
196.262442 3.009900
196.296799 3.028400
196.371851 3.049100
196.404207 3.072600
196.550308 3.125600
196.694408 3.185500
196.878202 3.250600
197.019966 3.319100
197.161398 3.388800
197.346192 3.457400
197.490625 3.522500
197.536324 4.924000
197.537658 4.918700
197.538659 4.914500
197.541661 4.902700
197.546331 4.883800
197.552668 4.858100
197.560674 4.826700
197.570014 4.790300
197.580688 4.748600
197.592362 4.703500
197.595364 3.581800
197.605038 4.654900
197.616713 4.938900
197.619048 4.603100
197.648401 4.494500
197.670083 3.608700
197.680090 4.380900
197.694099 4.963900
197.712779 4.267000
197.745468 4.156800
197.745802 3.632700
197.770152 4.997100
197.777157 4.052300
197.780159 3.654200
197.806844 3.957500
197.816184 3.672400
197.820520 3.913900
197.833529 3.874000
197.845204 3.837700
197.849207 3.698100
197.852876 3.687200
197.855878 3.804800
197.865218 3.776600
197.872890 3.752600
197.879561 3.733200
197.884231 3.719100
197.885565 5.039000
197.887233 3.710300
197.888234 3.707300
197.888901 3.705100
198.041673 5.089400
198.237809 5.147300
198.390915 5.211800
198.627078 5.283900
198.819878 5.362600
199.054374 5.446900
199.288202 5.537200
199.797555 5.732800
200.348936 5.945400
200.859623 6.169100
201.372644 6.399200
201.609475 6.514100
201.846972 6.627000
202.043108 6.737500
202.283608 6.843500
202.440049 6.942500
202.640521 7.035000
202.800299 7.118400
202.918714 7.189900
202.996768 7.247800
203.076490 7.292600
203.157546 7.329300
203.158213 7.323800
203.158880 7.319500
203.203578 7.307600
203.250277 7.280800
203.341673 7.245700
203.434070 7.202400
203.570832 7.152400
203.708594 7.095800
203.847356 7.033900
204.171247 6.897500
204.541170 6.751400
204.956457 6.600600
205.374079 6.450900
205.792035 6.306600
206.209991 6.171300
206.583583 6.049200
206.911810 5.942100
207.052907 5.895600
207.193004 5.854200
207.332100 5.818400
207.426499 5.788100
207.519563 5.763900
207.567597 5.745600
207.613628 5.734700
207.614629 5.731100
207.615296 5.727400
207.661662 5.715800
207.665664 5.697100
207.715366 5.672000
207.765734 5.641300
207.817770 5.605200
207.915170 5.564600
207.968874 5.520300
208.168012 5.421600
208.369485 5.314800
208.572959 5.203200
208.821798 5.091500
209.026606 4.982800
209.230747 4.879900
209.433554 4.786500
209.633693 4.704200
209.688064 4.668400
209.786131 4.636200
209.838501 4.608200
209.889536 4.584700
209.939571 4.565600
209.943574 4.551500
209.990606 4.542900
209.991607 4.540200
209.992608 4.537000
210.039974 4.526700
210.044644 4.510600
210.095679 4.488800
210.148048 4.461700
210.202086 4.430100
210.301822 4.394600
210.358194 4.355800
210.459931 4.313800
210.563002 4.269200
210.771480 4.174600
211.026656 4.076400
211.238470 3.977200
211.450616 3.880100
211.706794 3.788800
211.916272 3.704700
212.020010 3.666400
212.078050 3.631000
212.179787 3.598900
212.280524 3.570100
212.334895 3.544800
212.387931 3.523400
212.439634 3.506300
212.444304 3.493800
212.492337 3.485900
212.493338 3.483400
212.494338 3.480900
212.542372 3.473100
212.592073 3.460700
212.688806 3.443900
212.786874 3.423000
212.931974 3.398600
213.078075 3.371100
213.225511 3.340700
213.374280 3.308000
213.569082 3.273700
213.962020 3.199700
214.402992 3.122200
214.845965 3.043900
215.243907 2.967100
215.687547 2.893900
216.084155 2.826600
216.281625 2.796100
216.432396 2.767600
216.582500 2.741400
216.730936 2.718100
216.878705 2.697600
216.978774 2.680300
217.077509 2.666400
217.128211 2.656300
217.177578 2.649900
217.178245 2.647900
217.178912 2.646900
217.226612 2.643600
217.278648 2.631500
217.379718 2.612500
217.529822 2.588200
217.728626 2.559500
217.929098 2.527800
218.176936 2.494300
218.379410 2.459900
218.581883 2.425700
218.830722 2.393100
219.032195 2.362600
219.185634 2.335500
219.383438 2.312900
219.485842 2.295300
219.538211 2.284300
219.586245 2.281200
219.586912 2.280300
219.634278 2.278400
219.777043 2.273200
219.967842 2.265000
220.253706 2.254000
220.634970 2.240000
221.065268 2.224000
221.544599 2.205600
222.072965 2.185400
223.278466 2.140200
224.683771 2.090500
226.148117 2.037600
227.670838 1.984000
229.204232 1.931400
230.697932 1.880600
232.149936 1.834000
233.410141 1.792500
233.966860 1.774400
234.473877 1.757900
234.930860 1.743700
235.337808 1.731400
235.644020 1.721800
235.848495 1.714600
236.001601 1.710000
236.052636 1.708400
236.103004 1.707600
236.155040 1.705000
236.361183 1.696000
236.772134 1.681400
237.236789 1.663000
237.856217 1.641000
238.529350 1.616500
239.306887 1.590400
240.087761 1.563600
241.759584 1.510900
242.598498 1.486400
243.387043 1.464600
244.176256 1.445700
244.861397 1.430800
245.492500 1.420400
245.755682 1.416900
246.017530 1.415200
246.539891 1.414700
247.165991 1.417400
247.844460 1.422800
248.628003 1.430500
249.465916 1.439900
250.305163 1.451100
251.990996 1.475800
253.526058 1.501400
254.216535 1.513500
254.856311 1.524200
255.336310 1.533300
255.764273 1.540400
255.978087 1.545300
256.084828 1.547600
256.085161 1.546800
256.137197 1.549900
256.293973 1.558300
256.555820 1.571600
256.869704 1.588900
257.236291 1.609500
257.655915 1.632400
258.129909 1.657200
258.604237 1.683000
259.079233 1.709000
259.555896 1.734300
259.979522 1.757900
260.350112 1.779400
260.668666 1.797600
260.934850 1.811700
261.094627 1.820700
261.147664 1.824000
261.147997 1.823200
261.202035 1.825400
261.309776 1.829500
261.526926 1.836100
261.798447 1.844800
262.179377 1.855900
262.559641 1.868800
263.050313 1.883800
263.597358 1.900200
264.747154 1.937700
266.068401 1.979800
267.507730 2.025200
269.010437 2.073000
270.521815 2.121200
271.985161 2.168300
273.342433 2.213000
274.534925 2.253500
275.105653 2.271500
275.620009 2.288100
276.019952 2.302500
276.421564 2.314900
276.708429 2.324800
276.937921 2.332200
277.052333 2.336900
277.110040 2.338400
277.110707 2.337500
277.171416 2.334700
277.236794 2.324500
277.365216 2.308400
277.555682 2.287700
277.807522 2.263300
278.061365 2.236500
278.375916 2.207800
278.632426 2.178400
278.889604 2.149200
279.205156 2.121100
279.459999 2.095300
279.654800 2.072000
279.905974 2.052500
280.035397 2.037500
280.101776 2.028000
280.162819 2.025400
280.163819 2.024500
280.340942 2.025700
280.755562 2.028500
282.359338 2.039500
284.692619 2.055100
287.347789 2.072700
289.966601 2.090500
292.362592 2.106300
294.032747 2.117400
294.467381 2.120400
294.653843 2.121500
294.717221 2.120400
294.781932 2.117400
295.102821 2.106300
295.615842 2.090400
296.193575 2.072600
296.709933 2.054900
297.225623 2.039300
297.549180 2.028400
297.614558 2.025500
297.678603 2.024300
298.309039 2.026000
300.018221 2.030600
302.504274 2.037200
305.268854 2.045000
308.124162 2.052500
310.677262 2.059100
312.457160 2.063700
313.118951 2.065500
313.254045 2.062900
313.525232 2.055900
313.999894 2.044900
314.610983 2.031100
315.359168 2.014400
316.177734 1.995800
318.026013 1.956000
319.817252 1.916600
320.647493 1.898400
321.410354 1.882300
322.035453 1.869000
322.522790 1.858500
322.802317 1.851900
322.941413 1.849400
323.217938 1.846700
323.910750 1.838700
325.091567 1.826300
326.556247 1.810500
328.308459 1.792000
330.352540 1.771100
334.694877 1.726600
339.091252 1.682500
341.202713 1.662200
343.033980 1.644300
344.581717 1.629200
345.835918 1.617500
346.576431 1.610000
346.873303 1.607400
347.020071 1.608700
347.457040 1.612500
348.187545 1.618800
349.068154 1.626800
351.276349 1.646600
353.944861 1.669400
356.556668 1.692600
358.811562 1.712800
359.718856 1.721000
360.476046 1.727400
360.929694 1.731400
361.083133 1.732700
361.156517 1.733800
361.229901 1.737300
361.456725 1.742900
361.676877 1.750400
362.050469 1.759500
362.424061 1.770600
363.321348 1.797100
364.372075 1.828500
365.572906 1.863900
366.933847 1.902200
368.298124 1.942000
369.589017 1.982400
370.963302 2.021900
372.190817 2.059100
373.264894 2.092600
374.188866 2.121300
374.572465 2.133400
374.962735 2.143500
375.192894 2.151800
375.423054 2.158000
375.499773 2.161900
375.576493 2.164900
375.579829 2.163100
375.653213 2.170500
375.723261 2.179500
375.870029 2.191700
376.016798 2.207100
376.240286 2.225200
376.460438 2.245800
376.677255 2.268900
376.974127 2.294100
377.190943 2.320900
377.778016 2.380200
378.441809 2.444400
379.105601 2.511700
379.769394 2.580200
380.439857 2.647800
381.030266 2.712100
381.247083 2.742000
381.547290 2.770300
381.770778 2.796700
381.994266 2.820500
382.221090 2.841600
382.367858 2.859600
382.517962 2.874100
382.591346 2.884800
382.664730 2.893700
382.828176 2.889800
383.165076 2.878400
383.745478 2.861000
384.499333 2.838000
385.416634 2.811700
386.423997 2.782000
388.695569 2.718600
390.897092 2.656100
391.917798 2.627600
392.855113 2.602600
393.625646 2.581000
394.222726 2.564900
394.566297 2.554400
394.739750 2.550700
394.819806 2.551700
394.903197 2.554700
395.393536 2.566200
396.217439 2.584000
397.204789 2.607500
398.362256 2.635200
399.689841 2.666100
401.187544 2.700000
402.691918 2.734900
404.112901 2.770000
405.630618 2.804800
406.981553 2.837100
408.165705 2.866400
409.183076 2.891700
410.033664 2.911000
410.547353 2.923600
410.630744 2.926800
410.717470 2.927900
410.800861 2.930400
410.884252 2.937600
411.134426 2.949600
411.381263 2.965900
411.801554 2.985900
412.218509 3.009800
412.632128 3.036700
413.222537 3.067200
413.806274 3.100500
414.393347 3.136800
415.737610 3.215400
417.258662 3.301500
418.783050 3.392300
420.224047 3.485200
421.765113 3.577400
423.132726 3.665200
423.729806 3.707000
424.333557 3.746100
424.937308 3.782500
425.364270 3.815200
425.794568 3.844600
426.228201 3.869600
426.485045 3.890200
426.745225 3.905300
426.831952 3.914500
426.915343 3.921000
426.918679 3.917700
427.092132 3.931100
427.262250 3.947400
427.425696 3.969300
427.682540 3.996500
428.022776 4.029100
428.449738 4.066300
428.786637 4.108200
429.303662 4.153900
429.727288 4.203700
430.751330 4.313200
431.865434 4.433700
433.072936 4.561700
434.190376 4.694000
435.314487 4.826700
436.351871 4.955000
436.782169 5.015900
437.305864 5.073300
437.649435 5.127300
438.089740 5.176300
438.436647 5.220100
438.696827 5.257400
438.866944 5.287800
439.043733 5.310600
439.217187 5.332900
439.220522 5.329600
439.223858 5.325000
439.307249 5.342800
439.390640 5.358600
439.567429 5.379900
439.740882 5.406600
440.004398 5.438100
440.267914 5.474800
440.528094 5.515100
441.138516 5.608400
441.839000 5.714700
442.629547 5.831400
443.423430 5.956200
444.213977 6.085000
445.011195 6.213100
445.715015 6.337100
446.335445 6.451900
446.598960 6.503500
446.865811 6.551400
447.132663 6.593500
447.309452 6.629700
447.489576 6.658900
447.576303 6.680900
447.663030 6.699400
447.666365 6.694800
447.756428 6.703100
447.849825 6.715200
448.126684 6.733800
448.403542 6.759000
448.773798 6.790100
449.330850 6.828100
450.444954 6.918900
451.745854 7.029900
453.236886 7.157500
454.827986 7.298900
456.522492 7.450000
458.220333 7.607000
459.828112 7.765600
461.349164 7.919400
462.683421 8.062500
463.827546 8.186600
464.404612 8.240600
464.788210 8.285700
465.075075 8.323100
465.361940 8.350900
465.458674 8.369100
465.552072 8.381800
465.555408 8.374700
465.645470 8.401500
465.738868 8.432800
465.925664 8.477300
466.109124 8.532500
466.389318 8.597400
466.669512 8.673900
466.946370 8.759700
467.596820 8.961300
468.340668 9.197700
469.184585 9.467500
470.025167 9.764700
470.869084 10.088000
471.716337 10.428000
472.466856 10.774000
473.123977 11.113000
473.404171 11.272000
473.687700 11.423000
473.974565 11.558000
474.161361 11.678000
474.351493 11.779000
474.444891 11.852000
474.538289 11.916000
474.541624 11.899000
475.041971 11.916000
476.352877 11.916000
478.581086 11.916000
481.329654 11.915000
488.421226 11.915000
496.673602 11.914000
505.062739 11.914000
512.504554 11.913000
515.446589 11.913000
517.858258 11.913000
519.285912 11.913000
519.839629 11.913000
520.720238 11.916000
523.265332 11.919000
527.161360 11.926000
532.328268 11.936000
538.455841 11.949000
545.464022 11.962000
560.824649 11.989000
576.615573 12.019000
584.120765 12.032000
590.845417 12.046000
596.636090 12.056000
601.079164 12.063000
604.014528 12.066000
605.041905 12.070000
606.069283 12.070000
609.031332 12.070000
613.567804 12.069000
619.581964 12.069000
626.716900 12.068000
634.872542 12.068000
652.754914 12.067000
671.140966 12.066000
679.877010 12.065000
687.705759 12.065000
694.447090 12.064000
699.620669 12.064000
703.039701 12.064000
704.233860 12.064000
704.687508 12.032000
706.045113 11.942000
708.166581 11.807000
711.051910 11.638000
714.257461 11.448000
717.936673 11.244000
726.132343 10.836000
734.418075 10.468000
738.204028 10.307000
741.529662 10.170000
744.551753 10.057000
746.789968 9.972500
748.227629 9.918300
748.711297 9.899700
749.024847 9.910000
749.651948 9.936900
750.756045 9.982900
752.173692 10.040000
755.812876 10.190000
760.105846 10.369000
764.265391 10.556000
767.961281 10.726000
769.412285 10.795000
770.543067 10.852000
771.190181 10.886000
771.513738 10.889000
771.850638 10.855000
772.187538 10.803000
772.531109 10.734000
773.041462 10.651000
773.721933 10.553000
775.252992 10.331000
777.127622 10.082000
779.179041 9.821300
781.407249 9.559500
783.812247 9.306600
786.057133 9.068800
788.305355 8.850600
790.386795 8.657300
792.298117 8.491700
793.865868 8.357800
794.563017 8.302200
795.086713 8.256900
795.440291 8.220200
795.790533 8.193200
796.137440 8.175700
796.140775 8.163700
796.317564 8.146400
796.501025 8.117300
796.854603 8.077900
797.214852 8.029900
797.748554 7.974800
798.992749 7.845800
800.423738 7.698200
802.031517 7.539800
803.822757 7.377600
805.787449 7.216500
807.928931 7.062600
809.903630 6.920300
812.048447 6.792300
814.186593 6.681100
815.253998 6.633500
816.321403 6.591900
817.385473 6.556000
818.272753 6.525800
819.156698 6.502800
820.037307 6.487000
820.911245 6.478200
821.781847 6.478200
825.614499 6.492100
830.524562 6.502600
841.682281 6.514900
847.052663 6.517400
851.552443 6.519200
854.627904 6.520000
855.715323 6.520000
855.898783 6.515600
856.272375 6.504100
857.012887 6.484800
857.940195 6.458500
859.237760 6.426400
860.541995 6.389400
864.081110 6.301300
868.017167 6.200400
872.533625 6.089200
877.453695 5.974900
882.590582 5.859200
887.757490 5.747500
892.760951 5.642400
897.407499 5.545500
901.493659 5.461800
905.202892 5.391700
906.577176 5.362500
907.948125 5.338700
908.932139 5.319000
909.719350 5.304600
910.112956 5.296100
910.309758 5.292900
910.496554 5.298700
911.056942 5.315700
911.997593 5.342000
913.121704 5.376400
914.439282 5.417100
915.943656 5.463700
919.342674 5.566100
922.758370 5.671300
924.276087 5.721000
925.607008 5.765400
926.751133 5.803700
927.705126 5.833300
928.278856 5.852800
928.468988 5.859500
928.665791 5.857200
928.869265 5.850500
930.076767 5.825900
932.084822 5.787400
934.506498 5.738300
937.341793 5.680500
940.587371 5.617200
944.049767 5.551300
947.728979 5.483100
951.421533 5.416800
954.923956 5.354100
958.232912 5.295700
961.138255 5.243900
963.636650 5.201100
965.718090 5.168100
966.972291 5.147300
967.182437 5.141700
967.389246 5.139800
967.592720 5.143600
968.196471 5.154200
969.203835 5.170600
970.618147 5.192100
972.235933 5.218200
973.853718 5.247100
977.713055 5.310600
981.589070 5.375100
983.223534 5.405100
984.861334 5.432700
986.298995 5.455600
987.326372 5.473300
987.943466 5.484900
988.150276 5.489000
988.560559 5.494400
989.384463 5.509500
990.828795 5.533600
992.476602 5.565500
994.754845 5.602600
997.033087 5.645000
1002.446833 5.738500
1007.677118 5.834100
1009.985381 5.879100
1012.303652 5.919200
1013.988150 5.954300
1015.469175 5.981300
1016.313092 5.998300
1016.736719 6.006900
1016.740054 6.004500
1016.943528 6.013900
1017.563958 6.041300
1018.604678 6.083800
1019.845536 6.140600
1021.299875 6.207900
1022.961025 6.283800
1024.838990 6.368100
1026.720292 6.455900
1028.604929 6.545700
1030.492902 6.635700
1032.170729 6.720300
1033.638411 6.798200
1034.902619 6.866100
1035.956682 6.918500
1036.590454 6.952900
1036.797263 6.968700
1036.800599 6.964700
1036.803935 6.961700
1037.007409 6.981600
1037.210883 7.001500
1037.631173 7.028500
1038.044793 7.061800
1038.675229 7.101400
1039.926094 7.199800
1041.383770 7.319000
1043.054926 7.456300
1044.942898 7.608900
1046.830871 7.771300
1048.502027 7.941700
1050.400007 8.114500
1052.084506 8.282700
1053.558859 8.439600
1054.826403 8.577700
1055.466846 8.635800
1055.890472 8.685700
1056.314098 8.726900
1056.524244 8.757800
1056.734389 8.784100
1056.737725 8.777900
1056.954542 8.790400
1057.171358 8.809100
1057.828479 8.837400
1058.482265 8.877100
1059.579691 8.928400
1060.673781 8.988600
1063.308938 9.135500
1066.384399 9.318200
1069.916842 9.532000
1073.906269 9.773900
1077.912374 10.040000
1081.698326 10.327000
1085.734452 10.624000
1089.330273 10.924000
1092.482453 11.213000
1095.194329 11.473000
1096.325112 11.587000
1097.462565 11.686000
1098.139700 11.770000
1098.823507 11.830000
1099.046995 11.870000
1099.277154 11.884000
1101.375272 11.884000
1107.466152 11.883000
1116.899345 11.883000
1129.281244 11.883000
1143.981414 11.882000
1160.839743 11.882000
1198.098853 11.880000
1236.555457 11.879000
1254.778064 11.879000
1271.112698 11.878000
1285.205781 11.878000
1296.153354 11.877000
1303.318311 11.877000
1305.806699 11.877000
1306.093564 11.850000
1306.944153 11.780000
1308.361800 11.673000
1310.069648 11.537000
1312.064362 11.385000
1314.345940 11.219000
1319.492834 10.881000
1324.379548 10.572000
1326.681140 10.435000
1328.702539 10.319000
1330.437072 10.222000
1331.881404 10.149000
1332.748671 10.103000
1333.038872 10.086000
1333.045543 10.075000
1333.055550 10.048000
1333.078900 10.001000
1333.108920 9.937900
1333.145612 9.861800
1333.188976 9.775000
1333.289045 9.572600
1333.412464 9.347600
1333.549225 9.107500
1333.692657 8.868200
1333.842761 8.633400
1333.992865 8.413000
1334.136298 8.210900
1334.273059 8.028800
1334.396478 7.874500
1334.496547 7.747400
1334.543246 7.694900
1334.576602 7.652400
1334.606623 7.617300
1334.629973 7.591800
1334.643315 7.576800
1334.646651 7.571100
1334.653322 7.565300
1335.233724 7.547000
1335.824132 7.518500
1336.424547 7.480100
1337.318499 7.433100
1338.502652 7.377900
1339.977005 7.317000
1341.177836 7.249500
1344.450100 7.102500
1348.032578 6.945000
1351.921935 6.783000
1356.114836 6.621900
1360.034214 6.467900
1363.956928 6.323900
1367.592776 6.193700
1370.928417 6.080400
1372.155933 6.030800
1373.666979 5.987200
1374.884488 5.948600
1375.801789 5.916500
1376.422218 5.890800
1377.029305 5.871900
1377.629720 5.859900
1377.636391 5.856100
1378.500322 5.864400
1380.518385 5.887000
1383.987452 5.922600
1388.333792 5.969300
1393.567413 6.025200
1399.701656 6.088900
1412.637272 6.230300
1425.389427 6.376800
1431.663768 6.446500
1437.064171 6.509500
1441.573957 6.563700
1445.196463 6.605900
1447.311260 6.633100
1448.221890 6.643100
1448.225225 6.639400
1448.542111 6.630300
1448.869004 6.614900
1449.506111 6.595000
1450.803676 6.540400
1452.428133 6.470800
1454.376147 6.389500
1456.651054 6.300600
1459.246183 6.207800
1461.537768 6.114800
1464.142904 6.023900
1466.751375 5.937300
1469.042960 5.857800
1471.017660 5.788000
1472.665466 5.730200
1473.979709 5.686200
1474.630159 5.670400
1474.960387 5.658200
1475.283945 5.651100
1475.287280 5.648300
1475.293952 5.644700
1475.620844 5.635500
1476.271294 5.619900
1476.931751 5.598800
1477.598879 5.572900
1478.586229 5.542900
1480.894493 5.471500
1483.546327 5.388700
1486.531726 5.298400
1489.847353 5.203700
1493.179658 5.108000
1496.515299 5.014700
1499.857611 4.926400
1502.876367 4.845800
1505.564893 4.774900
1507.916520 4.715800
1508.923884 4.691700
1509.607690 4.671000
1510.281489 4.654300
1510.945282 4.642100
1511.278846 4.634900
1511.285517 4.632200
1511.922625 4.633800
1513.196840 4.638800
1518.300370 4.657100
1525.672137 4.682600
1534.371488 4.711800
1542.793982 4.741700
1550.282496 4.767800
1555.512781 4.786700
1556.820352 4.791800
1557.477473 4.793600
1557.480809 4.791300
1557.824380 4.785500
1558.174622 4.775800
1558.861764 4.763200
1560.586291 4.728000
1562.664395 4.683600
1565.096077 4.631400
1567.874666 4.573900
1571.000162 4.513400
1574.135664 4.451800
1577.277838 4.391000
1580.423347 4.333300
1583.228621 4.279900
1585.690324 4.232600
1587.801785 4.193400
1589.559668 4.162800
1590.260153 4.152000
1590.617066 4.143700
1590.967308 4.138900
1590.970644 4.136900
1590.973980 4.135400
1591.661122 4.130600
1593.055420 4.113100
1595.490438 4.085500
1598.622604 4.050600
1602.458592 4.009200
1606.658163 3.964200
1611.214649 3.915900
1616.134719 3.866800
1620.721226 3.818800
1625.321075 3.772200
1629.577352 3.729700
1633.490059 3.691600
1636.698946 3.659800
1639.197341 3.635300
1640.635002 3.619800
1641.342158 3.615500
1641.345494 3.614200
1641.689065 3.615900
1642.372871 3.620200
1643.393577 3.627900
1644.761190 3.637800
1648.874035 3.665400
1654.024265 3.701100
1660.228557 3.744200
1667.150012 3.792600
1674.798637 3.844800
1682.480618 3.899500
1690.195955 3.955500
1697.951321 4.009900
1705.029551 4.061700
1711.423975 4.108800
1716.771007 4.148700
1721.063977 4.180100
1722.494967 4.191400
1723.565708 4.200300
1724.286206 4.205300
1724.646455 4.207300
1725.003369 4.210700
1725.343604 4.220200
1726.401002 4.235600
1727.448394 4.256200
1729.212948 4.282400
1730.970830 4.313300
1732.715371 4.349100
1735.190416 4.388900
1737.658791 4.432800
1740.123829 4.479700
1745.787748 4.584100
1752.192178 4.698600
1758.613287 4.819900
1764.684154 4.945500
1771.158633 5.071000
1776.922620 5.192200
1779.444365 5.249100
1781.976116 5.303500
1784.521210 5.354100
1786.322456 5.400600
1788.133709 5.441600
1789.961641 5.476900
1791.045724 5.504900
1792.146486 5.526200
1792.500063 5.539400
1792.870320 5.544200
1792.876991 5.541400
1793.650860 5.533800
1794.434735 5.521400
1795.228618 5.504900
1797.983857 5.459800
1801.532979 5.401900
1805.875984 5.334900
1811.012871 5.261200
1816.173107 5.183800
1821.356693 5.105400
1826.550286 5.029100
1831.757222 4.956000
1836.967493 4.889000
1841.003619 4.830000
1845.029737 4.780400
1847.861696 4.742800
1848.678928 4.729200
1849.486154 4.719000
1850.286707 4.712800
1850.293379 4.710600
1851.090597 4.705500
1852.695040 4.690900
1855.503650 4.668600
1859.119485 4.639700
1863.542544 4.606100
1868.385895 4.568500
1879.323462 4.488300
1889.917457 4.410300
1894.830857 4.374400
1899.340643 4.343000
1903.043205 4.316400
1905.925198 4.296000
1907.579676 4.282800
1908.400244 4.278300
1909.227483 4.273200
1910.885297 4.258600
1913.787304 4.236100
1917.526558 4.207200
1922.103057 4.173600
1927.109854 4.135800
1938.414341 4.055200
1949.368586 3.976700
1954.445432 3.940800
1959.108658 3.909300
1962.934638 3.882700
1965.916701 3.862200
1967.627885 3.849000
1968.478473 3.844400
1968.481809 3.842600
1968.915442 3.838100
1968.938792 3.830400
1969.389103 3.820500
1970.316411 3.792700
1971.684024 3.757500
1973.495277 3.716000
1975.323208 3.670200
1977.584773 3.621900
1979.432718 3.572500
1981.280663 3.524100
1983.548899 3.477500
1985.383502 3.434300
1986.787806 3.396100
1988.589052 3.364200
1989.526368 3.339300
1989.980015 3.330600
1990.003364 3.323800
1990.440333 3.319800
1990.447005 3.318200
1990.453676 3.316200
1991.317607 3.311100
1992.194880 3.302400
1993.085497 3.290500
1994.406410 3.275900
1996.164293 3.259100
2000.130370 3.218600
2004.983728 3.171500
2010.297404 3.119000
2016.064727 3.064200
2022.285697 3.007900
2028.096384 2.952800
2033.913742 2.900200
2039.304138 2.851100
2044.250893 2.808200
2048.313704 2.772000
2050.118285 2.756800
2051.479227 2.744300
2052.393193 2.734000
2053.300487 2.726500
2054.191103 2.722000
2054.197774 2.720300
2054.628072 2.721300
2055.922301 2.724400
2061.105887 2.736400
2069.341584 2.755000
2080.232452 2.779500
2092.931237 2.808400
2107.037663 2.840700
2122.124767 2.876100
2138.222570 2.912500
2154.443792 2.949300
2169.867796 2.985600
2184.494581 3.019400
2197.830474 3.050100
2209.395141 3.076500
2218.224583 3.096800
2223.818452 3.109900
2225.219422 3.113300
2225.679740 3.116000
2225.686411 3.114400
2226.130052 3.120500
2226.573692 3.127300
2227.477651 3.136800
2228.368267 3.148900
2229.725873 3.163100
2232.417735 3.196800
2235.559909 3.237500
2239.159065 3.283300
2243.228547 3.332800
2247.298029 3.384600
2250.897186 3.437000
2254.986681 3.488500
2258.619194 3.537300
2261.798060 3.581600
2263.165673 5.416200
2263.175680 5.412200
2263.185687 5.408900
2263.619320 5.427700
2263.692704 5.398200
2263.732732 5.381500
2264.049618 5.446600
2264.269770 5.358900
2264.529950 3.619100
2264.820151 5.331200
2264.946905 5.471700
2265.387210 5.298500
2265.830850 5.503800
2265.907570 3.635000
2266.441273 5.262200
2266.814864 3.648700
2267.028345 5.221700
2267.181785 5.541000
2267.735501 3.659500
2268.185813 3.667300
2268.516041 5.584800
2268.632789 3.676000
2268.639460 3.674300
2268.646131 3.672500
2269.063086 3.689100
2269.093107 3.681200
2269.189841 5.132500
2269.500055 3.700000
2269.843626 5.633400
2269.930353 3.714000
2270.347308 3.730300
2271.378021 5.035500
2271.644872 5.686900
2272.955779 5.744800
2273.392748 3.816200
2274.073219 4.934300
2275.123946 3.869100
2276.294756 4.832100
2276.518244 5.873600
2277.325469 3.926500
2278.522964 4.732400
2279.039988 3.986600
2280.554369 6.015300
2280.757843 4.047700
2281.221498 4.638400
2282.962702 4.107700
2283.423021 4.552600
2284.583824 6.167100
2284.703907 4.164700
2285.117526 4.477000
2285.978122 4.216600
2286.194938 4.443700
2287.259008 4.414400
2287.766025 4.260600
2287.829402 4.388300
2288.189652 4.279300
2288.383119 4.366600
2288.619949 4.295500
2288.623285 6.325700
2288.926828 4.349100
2288.970192 4.336200
2289.033569 4.317300
2289.063589 4.308200
2289.483880 4.328000
2289.490551 4.325500
2289.497223 4.323400
2292.679424 6.484600
2296.275245 6.640200
2297.599495 6.713700
2299.420755 6.784000
2300.765018 6.849700
2302.122624 6.910700
2303.493572 6.963700
2304.390860 7.010400
2305.304825 7.047600
2305.745130 7.075900
2306.188770 7.104500
2306.195441 7.099400
2306.205448 7.093200
2306.652424 7.118800
2307.102736 7.141500
2308.030044 7.173700
2308.944010 7.213400
2310.334972 7.260000
2311.719263 7.314600
2313.093547 7.375500
2316.312440 7.517100
2320.001659 7.680400
2324.171210 7.863000
2328.344097 8.059500
2332.026645 8.267500
2336.216210 8.479800
2339.938785 8.688700
2343.194371 8.886700
2344.585333 8.977200
2345.989638 9.061400
2347.407285 9.135600
2348.334594 9.200700
2349.278580 9.254700
2349.735563 9.293400
2350.202552 9.327200
2350.209224 9.320100
2351.223259 9.302300
2352.250636 9.270500
2353.291356 9.230200
2356.897184 9.120200
2361.543732 8.983600
2367.227664 8.826200
2373.955652 8.658100
2380.713660 8.486700
2387.498354 8.315400
2394.303061 8.152400
2401.117776 8.001000
2407.939162 7.863700
2413.226153 7.744200
2418.496465 7.646800
2422.202362 7.572500
2423.273103 7.546100
2424.333837 7.525600
2425.377893 7.514200
2425.384564 7.509700
2425.391235 7.506300
2425.921602 7.496100
2427.526045 7.459000
2430.194558 7.401300
2433.410116 7.328000
2437.166048 7.242300
2441.465689 7.149100
2446.299033 7.052900
2451.152390 6.954100
2455.495395 6.858600
2460.355424 6.769100
2464.695092 6.686200
2468.504394 6.613100
2471.766651 6.552800
2474.485199 6.506700
2476.119663 6.477700
2476.663372 6.469900
2476.666708 6.467200
2476.686722 6.457700
2476.746763 6.429900
2476.836826 6.387700
2476.956909 6.332500
2477.093670 6.269700
2477.250445 6.199700
2477.590680 6.052200
2477.927580 5.910000
2478.084355 5.845900
2478.221117 5.790300
2478.341200 5.742600
2478.431262 5.707100
2478.491303 5.684100
2478.511317 5.676200
2479.051691 5.670500
2479.618750 5.654000
2480.736190 5.629200
2482.400675 5.596700
2484.605533 5.559000
2486.827070 5.516800
2491.817189 5.427600
2496.820651 5.340400
2499.052194 5.300400
2500.743364 5.265300
2502.951559 5.235700
2504.075670 5.213300
2504.649400 5.198600
2505.196445 5.193600
2506.273857 5.189100
2508.435352 5.176400
2512.217969 5.157500
2517.091341 5.132400
2523.055467 5.103100
2529.583316 5.070900
2544.323513 5.000700
2558.603392 4.932300
2565.221304 4.901500
2571.302177 4.873800
2576.288961 4.850400
2580.171647 4.833000
2582.399855 4.821400
2583.510623 4.817300
2583.517294 4.815000
2584.084353 4.809300
2584.664755 4.799500
2585.802209 4.786800
2588.664188 4.751400
2592.113241 4.706700
2596.142695 4.654200
2600.755887 4.596400
2605.939473 4.535600
2611.143073 4.473600
2615.796292 4.413100
2621.013234 4.355000
2625.666454 4.301300
2629.749278 4.253800
2633.251701 4.214300
2636.167051 4.183600
2637.327854 4.172800
2637.921598 4.164400
2638.498664 4.159500
2638.508671 4.157600
2638.512007 4.156100
2639.649460 4.151700
2641.954388 4.135600
2645.980507 4.110300
2651.167429 4.078000
2657.515153 4.039700
2665.023681 3.998000
2672.568901 3.953500
2680.140806 3.908200
2687.736060 3.863300
2695.344657 3.820200
2702.959926 3.780800
2708.857339 3.745300
2714.741410 3.715700
2718.880940 3.693000
2721.252581 3.678600
2722.426726 3.674700
2722.430062 3.673400
2724.724983 3.676900
2731.042687 3.686400
2739.681997 3.699500
2749.502124 3.715200
2759.942680 3.730600
2768.675388 3.743800
2775.093161 3.753500
2777.431446 3.757100
2778.015183 3.758400
2779.763059 3.762400
2786.771240 3.778000
2797.908945 3.802100
2812.632465 3.834000
2829.804344 3.871700
2848.877539 3.913800
2869.274984 3.960200
2891.040041 4.008000
2912.971880 4.056400
2933.829643 4.104400
2953.599987 4.149100
2971.635797 4.189900
2987.273282 4.225100
2999.211541 4.252000
3006.773439 4.269600
3008.664748 4.274200
3009.291848 4.277200
3009.298519 4.275700
3009.905606 4.282200
3010.509357 4.290300
3011.736873 4.301500
3014.798991 4.331600
3018.464861 4.370600
3022.747824 4.418000
3027.654552 4.470600
3033.191716 4.528200
3038.735551 4.588300
3043.642279 4.649900
3049.209463 4.710200
3054.159555 4.766900
3058.489217 4.819100
3062.208456 4.863300
3065.323945 4.897900
3066.574810 4.910900
3067.188568 4.920400
3067.808997 4.928100
3067.815669 4.926300
3070.420804 4.925700
3078.269567 4.918600
3090.741529 4.907300
3107.226267 4.892500
3147.817681 4.856700
3195.050357 4.815900
3242.993525 4.775600
3285.359500 4.740800
3302.881622 4.726600
3316.264214 4.715900
3324.740077 4.709100
3327.572037 4.706800
3328.996355 4.704000
3333.265976 4.696700
3340.410919 4.684400
3348.983516 4.669300
3370.531756 4.631000
3396.549756 4.587600
3422.034053 4.545300
3444.049283 4.508100
3452.888731 4.493700
3460.293854 4.482000
3464.730257 4.475100
3466.197939 4.472400
3467.698977 4.469200
3470.667698 4.460200
3475.904654 4.447000
3482.609292 4.429200
3490.848325 4.408200
3499.854556 4.385300
3520.201966 4.335300
3539.915604 4.286400
3549.055260 4.264100
3557.461075 4.244100
3564.332496 4.227100
3569.702878 4.214600
3572.771667 4.206200
3574.306062 4.203200
3581.844611 4.208100
3602.358803 4.221500
3632.146076 4.240400
3665.302347 4.262500
3699.559380 4.284600
3730.147207 4.303800
3751.495309 4.317500
3759.434135 4.322600
3764.237458 4.319600
3777.079676 4.311400
3795.592483 4.299700
3816.640377 4.286400
3838.655608 4.272800
3857.468623 4.261200
3870.644404 4.253100
3875.581153 4.250100
