icm	trans
8.06452	0.984
8.190528	0.98
8.316536	0.976
8.442544	0.98389
8.568552	0.97674
8.69456	0.985
8.820568	0.984
8.946576	0.977
9.072584	0.976
9.198592	0.96585
9.3246	0.96673
9.450608	0.976
9.576616	0.97
9.702624	0.98181
9.828632	1.00641
9.95464	1.006
10.080648	0.97449
10.206656	0.967
10.332664	0.95941
10.458672	0.973
10.58468	0.967
10.710688	0.95905
10.836696	0.987
10.962704	0.981
11.088712	0.99
11.21472	1.01032
11.340728	0.998
11.466736	0.985
11.592744	0.984
11.718752	1.0107
11.84476	1.00466
11.970768	0.998
12.096776	1.0045
12.222784	0.98959
12.348792	0.98158
12.4748	0.97905
12.600808	0.99159
12.726816	0.99312
12.852824	0.99316
12.978832	0.98899
13.10484	0.97601
13.230848	0.9659
13.356856	0.96289
13.482864	0.95954
13.608872	0.95888
13.73488	0.96702
13.860888	0.97484
13.986896	0.96876
14.112904	0.96678
14.238912	0.97779
14.36492	0.97168
14.490928	0.95241
14.616936	0.96066
14.742944	0.98114
14.868952	0.97269
14.99496	0.97372
15.120968	0.98438
15.246976	0.96818
15.372984	0.95688
15.498992	0.96835
15.625	0.96949
15.751008	0.96553
15.877016	0.96637
16.003024	0.96864
16.129032	0.97005
16.25504	0.96426
16.381048	0.96126
16.507056	0.96453
16.633064	0.96236
16.759072	0.96363
16.88508	0.97452
17.011088	0.97772
17.137096	0.96764
17.263104	0.9604
17.389112	0.96607
17.51512	0.96501
17.641128	0.96519
17.767136	0.97358
17.893144	0.96532
18.019152	0.95641
18.14516	0.96387
18.271168	0.96847
18.397176	0.96152
18.523184	0.96074
18.649192	0.96157
18.7752	0.96006
18.901208	0.96287
19.027216	0.96383
19.153224	0.96499
19.279232	0.96702
19.40524	0.96708
19.531248	0.96292
19.657256	0.95813
19.783264	0.9497
19.909272	0.94604
20.03528	0.95186
20.161288	0.96092
20.287296	0.96412
20.413304	0.95422
20.539312	0.947
20.66532	0.94842
20.791328	0.95033
20.917336	0.95368
21.043344	0.93604
21.169352	0.93819
21.29536	0.95269
21.421368	0.93757
21.547376	0.92892
21.673384	0.93384
21.799392	0.94601
21.9254	0.95092
22.051408	0.9584
22.177416	0.95229
22.303424	0.9364
22.429432	0.94138
22.55544	0.94324
22.681448	0.93089
22.807456	0.93358
22.933464	0.94545
23.059472	0.93997
23.18548	0.93027
23.311488	0.93108
23.437496	0.92814
23.563504	0.91812
23.689512	0.91615
23.81552	0.92255
23.941528	0.92734
24.067536	0.93215
24.193544	0.93396
24.319552	0.93155
24.44556	0.92034
24.571568	0.93042
24.697576	0.938
24.823584	0.92029
24.949592	0.91601
25.0756	0.9141
25.201608	0.91422
25.327616	0.91362
25.453624	0.90513
25.579632	0.89875
25.70564	0.89901
25.831648	0.89991
25.957656	0.90413
26.083664	0.91042
26.209672	0.91177
26.33568	0.90615
26.461688	0.90403
26.587696	0.89315
26.713704	0.88528
26.839712	0.89635
26.96572	0.90096
27.091728	0.90011
27.217736	0.903
27.343744	0.90157
27.469752	0.8953
27.59576	0.89049
27.721768	0.88482
27.847776	0.89007
27.973784	0.90563
28.099792	0.90215
28.2258	0.88737
28.351808	0.88004
28.477816	0.89271
28.603824	0.90695
28.729832	0.90315
28.85584	0.89498
28.981848	0.88938
29.107856	0.89091
29.233864	0.91292
29.359872	0.92021
29.48588	0.89774
29.611888	0.89327
29.737896	0.89527
29.863904	0.88848
29.989912	0.88032
30.11592	0.88233
30.24194	0.93806
30.493956	0.92871
30.745972	0.92639
30.997988	0.92416
31.250004	0.92026
31.50202	0.91912
31.754036	0.91813
32.006052	0.91721
32.258068	0.91467
32.510084	0.90838
32.7621	0.90463
33.014116	0.89948
33.266132	0.89185
33.518148	0.88863
33.770164	0.88646
34.02218	0.88199
34.274196	0.87967
34.526212	0.8795
34.778228	0.87692
35.030244	0.87653
35.28226	0.87331
35.534276	0.86706
35.786292	0.86587
36.038308	0.86354
36.290324	0.85864
36.54234	0.85331
36.794356	0.85135
37.046372	0.84931
37.298388	0.8454
37.550404	0.84285
37.80242	0.84062
38.054436	0.83832
38.306452	0.83571
38.558468	0.83174
38.810484	0.82484
39.0625	0.82307
39.314516	0.82366
39.566532	0.82199
39.818548	0.81842
40.070564	0.81481
40.32258	0.80993
40.574596	0.80768
40.826612	0.80388
41.078628	0.79645
41.330644	0.79869
41.58266	0.79807
41.834676	0.79192
42.086692	0.79383
42.338708	0.79327
42.590724	0.78677
42.84274	0.78249
43.094756	0.7788
43.346772	0.77569
43.598788	0.7732
43.850804	0.77106
44.10282	0.77002
44.354836	0.76787
44.606852	0.76708
44.858868	0.76488
45.110884	0.76107
45.3629	0.76073
45.614916	0.7615
45.866932	0.76086
46.118948	0.75722
46.370964	0.75365
46.62298	0.75234
46.874996	0.74712
47.127012	0.74279
47.379028	0.7446
47.631044	0.74326
47.88306	0.7391
48.135076	0.73684
48.387092	0.73443
48.639108	0.72878
48.891124	0.72481
49.14314	0.72635
49.395156	0.72593
49.647172	0.72105
49.899188	0.71737
50.151204	0.71369
50.40322	0.71108
50.655236	0.70794
50.907252	0.70519
51.159268	0.70335
51.411284	0.69905
51.6633	0.69803
51.915316	0.69639
52.167332	0.6941
52.419348	0.69318
52.671364	0.69136
52.92338	0.68799
53.175396	0.68584
53.427412	0.68245
53.679428	0.67798
53.931444	0.67445
54.18346	0.6728
54.435476	0.67411
54.687492	0.67731
54.939508	0.67266
55.191524	0.67238
55.44354	0.67107
55.695556	0.64816
55.947572	0.65086
56.199588	0.64617
56.451604	0.6441
56.70362	0.65485
56.955636	0.65041
57.207652	0.6375
57.459668	0.64746
57.711684	0.65067
57.9637	0.64975
58.215716	0.65236
58.467732	0.6487
58.719748	0.64289
58.971764	0.63766
59.22378	0.63485
59.475796	0.63227
59.727812	0.63066
59.979828	0.62953
60.231844	0.62904
60.48386	0.62829
60.735876	0.62648
60.987892	0.62341
61.239908	0.62056
61.491924	0.61775
61.74394	0.61473
61.995956	0.61179
62.247972	0.60849
62.499988	0.60892
62.752004	0.61027
63.00402	0.60804
63.256036	0.60519
63.508052	0.6036
63.760068	0.60052
64.012084	0.59821
64.2641	0.59974
64.516116	0.60087
64.768132	0.60016
65.020148	0.59941
65.272164	0.59778
65.52418	0.5943
65.776196	0.59145
66.028212	0.58923
66.280228	0.58722
66.532244	0.58491
66.78426	0.58356
67.036276	0.58188
67.288292	0.58005
67.540308	0.57897
67.792324	0.57531
68.04434	0.57138
68.296356	0.57043
68.548372	0.56758
68.800388	0.56451
69.052404	0.5622
69.30442	0.56019
69.556436	0.55716
69.808452	0.55425
70.060468	0.55192
70.312484	0.54867
70.5645	0.54753
70.816516	0.54553
71.068532	0.54235
71.320548	0.54074
71.572564	0.53899
71.82458	0.53564
72.076596	0.5287
72.328612	0.52657
72.580628	0.52889
72.832644	0.52927
73.08466	0.52665
73.336676	0.52221
73.588692	0.5243
73.840708	0.52307
74.092724	0.51888
74.34474	0.52165
74.596756	0.52295
74.848772	0.52113
75.100788	0.5181
75.352804	0.51134
75.60482	0.50806
75.856836	0.51161
76.108852	0.5124
76.360868	0.5115
76.612884	0.51025
76.8649	0.50851
77.116916	0.50603
77.368932	0.50472
77.620948	0.50394
77.872964	0.50026
78.12498	0.49619
78.376996	0.49471
78.629012	0.49252
78.881028	0.48874
79.133044	0.48704
79.38506	0.48549
79.637076	0.48003
79.889092	0.47985
80.141108	0.48269
80.393124	0.48137
80.64514	0.47988
80.897156	0.47733
81.149172	0.47539
81.401188	0.47467
81.653204	0.47313
81.90522	0.46878
82.157236	0.464
82.409252	0.46663
82.661268	0.46856
82.913284	0.46791
83.1653	0.46754
83.417316	0.46616
83.669332	0.46502
83.921348	0.4644
84.173364	0.46277
84.42538	0.46169
84.677396	0.46031
84.929412	0.45795
85.181428	0.45634
85.433444	0.45444
85.68546	0.45199
85.937476	0.45049
86.189492	0.44895
86.441508	0.44722
86.693524	0.44559
86.94554	0.4436
87.197556	0.441
87.449572	0.43719
87.701588	0.43067
87.953604	0.41884
88.20562	0.41736
88.457636	0.42384
88.709652	0.42452
88.961668	0.42331
89.213684	0.4235
89.4657	0.42195
89.717716	0.42127
89.969732	0.42132
90.221748	0.42
90.473764	0.41857
90.72578	0.4172
90.977796	0.41569
91.229812	0.41433
91.481828	0.41304
91.733844	0.41146
91.98586	0.40861
92.237876	0.40349
92.489892	0.3955
92.741908	0.39908
92.993924	0.40378
93.24594	0.40484
93.497956	0.40429
93.749972	0.4034
94.001988	0.4025
94.254004	0.40146
94.50602	0.39992
94.758036	0.3985
95.010052	0.39742
95.262068	0.39596
95.514084	0.39383
95.7661	0.39011
96.018116	0.38413
96.270132	0.38338
96.522148	0.38581
96.774164	0.38526
97.02618	0.38352
97.278196	0.38236
97.530212	0.38163
97.782228	0.38007
98.034244	0.37847
98.28626	0.37619
98.538276	0.37323
98.790292	0.36787
99.042308	0.36211
99.294324	0.36426
99.54634	0.36411
99.798356	0.36345
100.050372	0.36098
100.302388	0.35414
100.554404	0.34888
100.80642	0.35568
101.058436	0.35881
101.310452	0.35758
101.562468	0.35605
101.814484	0.35799
102.0665	0.35877
102.318516	0.3586
102.570532	0.35799
102.822548	0.35674
103.074564	0.35538
103.32658	0.35409
103.578596	0.35279
103.830612	0.35113
104.082628	0.34859
104.334644	0.34337
104.58666	0.33901
104.838676	0.34183
105.090692	0.34302
105.342708	0.33966
105.594724	0.33334
105.84674	0.33426
106.098756	0.33564
106.350772	0.33605
106.602788	0.33619
106.854804	0.33437
107.10682	0.33276
107.358836	0.3316
107.610852	0.3285
107.862868	0.32661
108.114884	0.32726
108.3669	0.3267
108.618916	0.32576
108.870932	0.32424
109.122948	0.32295
109.374964	0.3222
109.62698	0.32181
109.878996	0.32113
110.131012	0.32052
110.383028	0.31971
110.635044	0.31824
110.88706	0.31402
111.139076	0.31063
111.391092	0.31414
111.643108	0.31563
111.895124	0.31519
112.14714	0.31423
112.399156	0.313
112.651172	0.31212
112.903188	0.3113
113.155204	0.31048
113.40722	0.30986
113.659236	0.30912
113.911252	0.3083
114.163268	0.30715
114.415284	0.30586
114.6673	0.3043
114.919316	0.30247
115.171332	0.30122
115.423348	0.29992
115.675364	0.29868
115.92738	0.29718
116.179396	0.29606
116.431412	0.29471
116.683428	0.29366
116.935444	0.29283
117.18746	0.29167
117.439476	0.291
117.691492	0.28903
117.943508	0.28606
118.195524	0.28628
118.44754	0.28662
118.699556	0.28555
118.951572	0.2847
119.203588	0.28402
119.455604	0.28312
119.70762	0.28063
119.959636	0.27588
120.211652	0.27544
120.463668	0.27761
120.715684	0.27877
120.9677	0.27933
121.219716	0.2782
121.471732	0.27541
121.723748	0.26975
121.975764	0.26594
122.22778	0.27053
122.479796	0.27194
122.731812	0.27133
122.983828	0.27081
123.235844	0.2705
123.48786	0.27038
123.739876	0.27004
123.991892	0.26898
124.243908	0.26769
124.495924	0.26632
124.74794	0.2647
124.999956	0.26325
125.251972	0.26235
125.503988	0.26126
125.756004	0.26031
126.00802	0.25931
126.260036	0.25784
126.512052	0.25446
126.764068	0.24902
127.016084	0.24651
127.2681	0.24962
127.520116	0.2513
127.772132	0.25176
128.024148	0.2515
128.276164	0.25064
128.52818	0.24947
128.780196	0.24924
129.032212	0.24941
129.284228	0.24924
129.536244	0.2485
129.78826	0.24773
130.040276	0.24731
130.292292	0.24677
130.544308	0.24591
130.796324	0.24452
131.04834	0.24372
131.300356	0.24345
131.552372	0.24095
131.804388	0.23708
132.056404	0.23743
132.30842	0.23635
132.560436	0.23118
132.812452	0.23176
133.064468	0.23434
133.316484	0.23415
133.5685	0.23411
133.820516	0.2343
134.072532	0.23337
134.324548	0.23282
134.576564	0.23212
134.82858	0.23075
135.080596	0.22953
135.332612	0.22893
135.584628	0.22824
135.836644	0.22741
136.08866	0.22676
136.340676	0.22609
136.592692	0.22528
136.844708	0.22437
137.096724	0.22342
137.34874	0.22281
137.600756	0.22189
137.852772	0.22096
138.104788	0.22029
138.356804	0.21933
138.60882	0.21704
138.860836	0.21325
139.112852	0.21343
139.364868	0.21433
139.616884	0.21207
139.8689	0.21169
140.120916	0.21439
140.372932	0.2139
140.624948	0.21032
140.876964	0.20974
141.12898	0.21053
141.380996	0.20986
141.633012	0.2103
141.885028	0.21021
142.137044	0.20969
142.38906	0.20921
142.641076	0.20848
142.893092	0.20775
143.145108	0.20684
143.397124	0.20603
143.64914	0.2051
143.901156	0.20409
144.153172	0.20312
144.405188	0.20232
144.657204	0.20162
144.90922	0.20037
145.161236	0.1992
145.413252	0.19859
145.665268	0.19809
145.917284	0.19762
146.1693	0.19691
146.421316	0.19635
146.673332	0.19544
146.925348	0.19438
147.177364	0.19387
147.42938	0.19351
147.681396	0.19318
147.933412	0.19256
148.185428	0.19192
148.437444	0.1908
148.68946	0.18854
148.941476	0.18466
149.193492	0.18439
149.445508	0.18663
149.697524	0.18687
149.94954	0.18562
150.201556	0.18308
150.453572	0.17879
150.705588	0.17862
150.957604	0.17923
151.20962	0.17729
151.461636	0.1787
151.713652	0.18099
151.965668	0.18122
152.217684	0.18101
152.4697	0.18042
152.721716	0.17991
152.973732	0.17855
153.225748	0.17524
153.477764	0.1714
153.72978	0.17289
153.981796	0.174
154.233812	0.17409
154.485828	0.17363
154.737844	0.17304
154.98986	0.17269
155.241876	0.17232
155.493892	0.17157
155.745908	0.17067
155.997924	0.16998
156.24994	0.16874
156.501956	0.16798
156.753972	0.16811
157.005988	0.16782
157.258004	0.1669
157.51002	0.16427
157.762036	0.16071
158.014052	0.16124
158.266068	0.16367
158.518084	0.16451
158.7701	0.16399
159.022116	0.16363
159.274132	0.16385
159.526148	0.1638
159.778164	0.16312
160.03018	0.16188
160.282196	0.16088
160.534212	0.16042
160.786228	0.15975
161.038244	0.15912
161.29026	0.15838
161.542276	0.15749
161.794292	0.15659
162.046308	0.1558
162.298324	0.15511
162.55034	0.15446
162.802356	0.15352
163.054372	0.15265
163.306388	0.15182
163.558404	0.15122
163.81042	0.15066
164.062436	0.14985
164.314452	0.14921
164.566468	0.1484
164.818484	0.14734
165.0705	0.14653
165.322516	0.14587
165.574532	0.1451
165.826548	0.14421
166.078564	0.14305
166.33058	0.14187
166.582596	0.13987
166.834612	0.13889
167.086628	0.13933
167.338644	0.13887
167.59066	0.13838
167.842676	0.13787
168.094692	0.13724
168.346708	0.13637
168.598724	0.13557
168.85074	0.13463
169.102756	0.13345
169.354772	0.13243
169.606788	0.13126
169.858804	0.12941
170.11082	0.12789
170.362836	0.12505
170.614852	0.12226
170.866868	0.12193
171.118884	0.12163
171.3709	0.12102
171.622916	0.12021
171.874932	0.11996
172.126948	0.1204
172.378964	0.12139
172.63098	0.12297
172.882996	0.12539
173.135012	0.12803
173.387028	0.13164
173.639044	0.13747
173.89106	0.14254
174.143076	0.14716
174.395092	0.15104
174.647108	0.15368
174.899124	0.15539
175.15114	0.15626
175.403156	0.1562
175.655172	0.15517
175.907188	0.15297
176.159204	0.1516
176.41122	0.15182
176.663236	0.15105
176.915252	0.14984
177.167268	0.14768
177.419284	0.14363
177.6713	0.14248
177.923316	0.14386
178.175332	0.1436
178.427348	0.14283
178.679364	0.14212
178.93138	0.14142
179.183396	0.1403
179.435412	0.13921
179.687428	0.13821
179.939444	0.13747
180.19146	0.13685
180.443476	0.13565
180.695492	0.13458
180.947508	0.13335
181.199524	0.13041
181.45154	0.12829
181.703556	0.12971
181.955572	0.13
182.207588	0.12941
182.459604	0.12863
182.71162	0.12805
182.963636	0.12745
183.215652	0.12647
183.467668	0.12538
183.719684	0.12491
183.9717	0.12472
184.223716	0.12462
184.475732	0.12436
184.727748	0.12404
184.979764	0.12395
185.23178	0.12382
185.483796	0.12295
185.735812	0.12205
185.987828	0.12163
186.239844	0.12089
186.49186	0.12028
186.743876	0.11989
186.995892	0.11956
187.247908	0.11911
187.499924	0.11831
187.75194	0.1176
188.003956	0.115
188.255972	0.11249
188.507988	0.11379
188.760004	0.11491
189.01202	0.11414
189.264036	0.1164
189.516052	0.1207
189.768068	0.11784
190.020084	0.11524
190.2721	0.11346
190.524116	0.11213
190.776132	0.11197
191.028148	0.11152
191.280164	0.11115
191.53218	0.11041
191.784196	0.11002
192.036212	0.10977
192.288228	0.10961
192.540244	0.10873
192.79226	0.10822
193.044276	0.10696
193.296292	0.1049
193.548308	0.10436
193.800324	0.10518
194.05234	0.10484
194.304356	0.10287
194.556372	0.10337
194.808388	0.10457
195.060404	0.1048
195.31242	0.10432
195.564436	0.10336
195.816452	0.10272
196.068468	0.10273
196.320484	0.10269
196.5725	0.10233
196.824516	0.10233
197.076532	0.10213
197.328548	0.10104
197.580564	0.10032
197.83258	0.10076
198.084596	0.10059
198.336612	0.10023
198.588628	0.09993
198.840644	0.0992
199.09266	0.09825
199.344676	0.09748
199.596692	0.09647
199.848708	0.09486
200.100724	0.0952
200.35274	0.09562
200.604756	0.09525
200.856772	0.09534
201.108788	0.0951
201.360804	0.0943
201.61282	0.09334
201.864836	0.09255
202.116852	0.09037
202.368868	0.08576
202.620884	0.0787
202.8729	0.08321
203.124916	0.08664
203.376932	0.08788
203.628948	0.08839
203.880964	0.08866
204.13298	0.08883
204.384996	0.08896
204.637012	0.08877
204.889028	0.08849
205.141044	0.08828
205.39306	0.08779
205.645076	0.08724
205.897092	0.08701
206.149108	0.08687
206.401124	0.08614
206.65314	0.08567
206.905156	0.08551
207.157172	0.08522
207.409188	0.08501
207.661204	0.08475
207.91322	0.0839
208.165236	0.0819
208.417252	0.07901
208.669268	0.08017
208.921284	0.08158
209.1733	0.08217
209.425316	0.08185
209.677332	0.0813
209.929348	0.08102
210.181364	0.08099
210.43338	0.08073
210.685396	0.08023
210.937412	0.07998
211.189428	0.07985
211.441444	0.07957
211.69346	0.07916
211.945476	0.07883
212.197492	0.07827
212.449508	0.07697
212.701524	0.07635
212.95354	0.07683
213.205556	0.07663
213.457572	0.07619
213.709588	0.07539
213.961604	0.07471
214.21362	0.07471
214.465636	0.07413
214.717652	0.07435
214.969668	0.07445
215.221684	0.07422
215.4737	0.07441
215.725716	0.07402
215.977732	0.07353
216.229748	0.07322
216.481764	0.07278
216.73378	0.0724
216.985796	0.07214
217.237812	0.07171
217.489828	0.07132
217.741844	0.07102
217.99386	0.07065
218.245876	0.07034
218.497892	0.07005
218.749908	0.06945
219.001924	0.06873
219.25394	0.06816
219.505956	0.0678
219.757972	0.06763
220.009988	0.06739
220.262004	0.06714
220.51402	0.06706
220.766036	0.0668
221.018052	0.06623
221.270068	0.06524
221.522084	0.06374
221.7741	0.06322
222.026116	0.06438
222.278132	0.06493
222.530148	0.06474
222.782164	0.06418
223.03418	0.06381
223.286196	0.06379
223.538212	0.06314
223.790228	0.06259
224.042244	0.0633
224.29426	0.06419
224.546276	0.06256
224.798292	0.06011
225.050308	0.06003
225.302324	0.06001
225.55434	0.06014
225.806356	0.05973
226.058372	0.05746
226.310388	0.0557
226.562404	0.05718
226.81442	0.05792
227.066436	0.058
227.318452	0.05706
227.570468	0.05478
227.822484	0.0521
228.0745	0.05413
228.326516	0.05503
228.578532	0.05542
228.830548	0.0554
229.082564	0.05543
229.33458	0.05522
229.586596	0.05495
229.838612	0.05462
230.090628	0.05417
230.342644	0.05423
230.59466	0.05399
230.846676	0.05333
231.098692	0.05244
231.350708	0.05192
231.602724	0.05201
231.85474	0.05188
232.106756	0.05199
232.358772	0.05127
232.610788	0.05102
232.862804	0.0515
233.11482	0.05121
233.366836	0.05061
233.618852	0.05027
233.870868	0.05008
234.122884	0.04949
234.3749	0.04913
234.626916	0.04901
234.878932	0.04909
235.130948	0.0485
235.382964	0.04731
235.63498	0.04765
235.886996	0.04866
236.139012	0.04829
236.391028	0.0477
236.643044	0.04722
236.89506	0.04641
237.147076	0.0459
237.399092	0.04604
237.651108	0.04684
237.903124	0.04633
238.15514	0.04489
238.407156	0.04383
238.659172	0.04266
238.911188	0.0435
239.163204	0.04401
239.41522	0.04328
239.667236	0.0436
239.919252	0.04397
240.171268	0.0434
240.423284	0.04257
240.6753	0.04243
240.927316	0.0426
241.179332	0.04237
241.431348	0.04199
241.683364	0.04147
241.93538	0.04096
242.187396	0.04078
242.439412	0.0404
242.691428	0.04045
242.943444	0.04052
243.19546	0.04067
243.447476	0.04102
243.699492	0.04074
243.951508	0.04039
244.203524	0.03936
244.45554	0.0385
244.707556	0.03834
244.959572	0.03813
245.211588	0.03739
245.463604	0.0364
245.71562	0.03594
245.967636	0.0357
246.219652	0.03606
246.471668	0.03582
246.723684	0.03539
246.9757	0.03535
247.227716	0.03524
247.479732	0.03473
247.731748	0.03383
247.983764	0.03201
248.23578	0.03242
248.487796	0.03289
248.739812	0.0329
248.991828	0.03283
249.243844	0.03248
249.49586	0.03207
249.747876	0.03191
249.999892	0.03175
250.251908	0.03144
250.503924	0.03105
250.75594	0.03086
251.007956	0.03064
251.259972	0.03035
251.511988	0.03007
251.764004	0.02994
252.01602	0.02983
252.268036	0.02949
252.520052	0.0293
252.772068	0.02917
253.024084	0.02918
253.2761	0.02929
253.528116	0.02928
253.780132	0.02989
254.032148	0.02809
254.284164	0.02703
254.53618	0.02676
254.788196	0.02627
255.040212	0.02604
255.292228	0.02603
255.544244	0.02596
255.79626	0.0258
256.048276	0.02545
256.300292	0.0251
256.552308	0.02483
256.804324	0.02465
257.05634	0.02442
257.308356	0.02412
257.560372	0.0239
257.812388	0.02366
258.064404	0.02343
258.31642	0.02312
258.568436	0.02288
258.820452	0.02278
259.072468	0.02261
259.324484	0.02228
259.5765	0.02199
259.828516	0.02185
260.080532	0.02172
260.332548	0.02158
260.584564	0.02163
260.83658	0.02151
261.088596	0.0212
261.340612	0.02117
261.592628	0.02087
261.844644	0.02058
262.09666	0.02048
262.348676	0.0204
262.600692	0.02037
262.852708	0.02014
263.104724	0.02009
263.35674	0.02008
263.608756	0.01992
263.860772	0.0197
264.112788	0.01943
264.364804	0.01929
264.61682	0.01933
264.868836	0.01967
265.120852	0.02008
265.372868	0.02011
265.624884	0.01998
265.8769	0.02001
266.128916	0.02004
266.380932	0.01984
266.632948	0.01968
266.884964	0.01968
267.13698	0.01974
267.388996	0.01985
267.641012	0.02006
267.893028	0.02031
268.145044	0.02052
268.39706	0.02067
268.649076	0.02081
268.901092	0.0211
269.153108	0.02139
269.405124	0.02172
269.65714	0.02217
269.909156	0.02239
270.161172	0.0225
270.413188	0.02267
270.665204	0.02271
270.91722	0.02276
271.169236	0.02283
271.421252	0.02297
271.673268	0.02319
271.925284	0.0232
272.1773	0.02326
272.429316	0.02349
272.681332	0.02348
272.933348	0.02363
273.185364	0.02382
273.43738	0.02373
273.689396	0.02378
273.941412	0.02395
274.193428	0.02418
274.445444	0.02447
274.69746	0.02479
274.949476	0.02511
275.201492	0.02522
275.453508	0.0255
275.705524	0.02597
275.95754	0.02638
276.209556	0.02687
276.461572	0.02732
276.713588	0.02791
276.965604	0.02828
277.21762	0.02852
277.469636	0.0288
277.721652	0.02932
277.973668	0.02993
278.225684	0.03099
278.4777	0.03197
278.729716	0.03241
278.981732	0.0333
279.233748	0.03417
279.485764	0.03465
279.73778	0.03493
279.989796	0.03514
280.241812	0.03553
280.493828	0.03665
280.745844	0.03778
280.99786	0.03903
281.249876	0.04021
281.501892	0.04109
281.753908	0.04187
282.005924	0.04287
282.25794	0.04451
282.509956	0.04553
282.761972	0.0467
283.013988	0.04795
283.266004	0.04904
283.51802	0.05016
283.770036	0.05122
284.022052	0.05245
284.274068	0.05366
284.526084	0.05476
284.7781	0.05574
285.030116	0.05669
285.282132	0.05763
285.534148	0.05855
285.786164	0.05949
286.03818	0.06048
286.290196	0.06101
286.542212	0.06115
286.794228	0.06151
287.046244	0.06195
287.29826	0.06212
287.550276	0.06222
287.802292	0.06229
288.054308	0.06232
288.306324	0.06218
288.55834	0.06186
288.810356	0.06168
289.062372	0.0608
289.314388	0.05832
289.566404	0.05929
289.81842	0.06115
290.070436	0.06101
290.322452	0.06064
290.574468	0.0599
290.826484	0.05929
291.0785	0.05858
291.330516	0.05732
291.582532	0.0558
291.834548	0.05415
292.086564	0.0525
292.33858	0.05099
292.590596	0.04966
292.842612	0.04864
293.094628	0.04785
293.346644	0.04726
293.59866	0.04675
293.850676	0.04645
294.102692	0.04642
294.354708	0.04652
294.606724	0.04673
294.85874	0.04683
295.110756	0.04712
295.362772	0.04732
295.614788	0.04751
295.866804	0.0478
296.11882	0.0479
296.370836	0.04814
296.622852	0.04828
296.874868	0.04841
297.126884	0.04886
297.3789	0.04958
297.630916	0.0503
297.882932	0.0513
298.134948	0.05193
298.386964	0.05185
298.63898	0.05231
298.890996	0.05308
299.143012	0.05386
299.395028	0.05482
299.647044	0.05584
299.89906	0.0572
300.151076	0.05874
300.403092	0.06049
300.655108	0.06236
300.907124	0.06393
301.15914	0.06575
301.411156	0.06785
301.663172	0.06931
301.915188	0.07031
302.167204	0.07247
302.41922	0.07531
302.671236	0.07798
302.923252	0.07895
303.175268	0.07465
303.427284	0.07641
303.6793	0.07882
303.931316	0.08025
304.183332	0.08079
304.435348	0.08077
304.687364	0.08067
304.93938	0.07977
305.191396	0.07804
305.443412	0.07592
305.695428	0.07318
305.947444	0.06982
306.19946	0.06596
306.451476	0.06212
306.703492	0.05842
306.955508	0.05455
307.207524	0.05062
307.45954	0.04681
307.711556	0.04352
307.963572	0.04086
308.215588	0.03846
308.467604	0.0364
308.71962	0.03481
308.971636	0.03362
309.223652	0.03263
309.475668	0.03167
309.727684	0.03096
309.9797	0.0305
310.231716	0.03011
310.483732	0.02991
310.735748	0.02984
310.987764	0.02981
311.23978	0.02982
311.491796	0.02992
311.743812	0.03021
311.995828	0.03073
312.247844	0.0315
312.49986	0.03232
312.751876	0.03323
313.003892	0.0343
313.255908	0.03545
313.507924	0.03699
313.75994	0.03889
314.011956	0.04122
314.263972	0.04388
314.515988	0.04681
314.768004	0.05007
315.02002	0.05386
315.272036	0.0582
315.524052	0.06294
315.776068	0.0684
316.028084	0.07432
316.2801	0.08048
316.532116	0.08732
316.784132	0.09548
317.036148	0.10418
317.288164	0.11357
317.54018	0.1242
317.792196	0.13558
318.044212	0.14775
318.296228	0.16139
318.548244	0.17568
318.80026	0.19041
319.052276	0.20592
319.304292	0.22167
319.556308	0.23689
319.808324	0.25162
320.06034	0.26532
320.312356	0.27735
320.564372	0.28771
320.816388	0.29553
321.068404	0.29968
321.32042	0.30008
321.572436	0.2961
321.824452	0.28872
322.076468	0.27885
322.328484	0.2659
322.5805	0.25097
322.832516	0.23574
323.084532	0.22036
323.336548	0.20605
323.588564	0.19222
323.84058	0.17835
324.092596	0.16499
324.344612	0.15491
324.596628	0.14581
324.848644	0.13768
325.10066	0.13036
325.352676	0.12495
325.604692	0.1202
325.856708	0.11568
326.108724	0.11118
326.36074	0.10628
326.612756	0.10184
326.864772	0.09806
327.116788	0.0932
327.368804	0.08893
327.62082	0.08595
327.872836	0.08273
328.124852	0.07882
328.376868	0.07578
328.628884	0.07323
328.8809	0.07106
329.132916	0.06931
329.384932	0.06781
329.636948	0.06715
329.888964	0.06669
330.14098	0.06645
330.392996	0.06632
330.645012	0.0665
330.897028	0.06694
331.149044	0.06762
331.40106	0.06826
331.653076	0.06889
331.905092	0.06981
332.157108	0.07075
332.409124	0.07175
332.66114	0.07266
332.913156	0.07322
333.165172	0.0738
333.417188	0.07429
333.669204	0.07487
333.92122	0.07552
334.173236	0.07599
334.425252	0.07637
334.677268	0.07689
334.929284	0.0776
335.1813	0.07752
335.433316	0.07735
335.685332	0.07794
335.937348	0.07865
336.189364	0.07927
336.44138	0.07999
336.693396	0.08056
336.945412	0.08072
337.197428	0.08121
337.449444	0.08191
337.70146	0.08208
337.953476	0.08226
338.205492	0.08263
338.457508	0.08292
338.709524	0.08316
338.96154	0.08356
339.213556	0.084
339.465572	0.08422
339.717588	0.08466
339.969604	0.08533
340.22162	0.08578
340.473636	0.08632
340.725652	0.0866
340.977668	0.0868
341.229684	0.08705
341.4817	0.08743
341.733716	0.08806
341.985732	0.08838
342.237748	0.08857
342.489764	0.08859
342.74178	0.08905
342.993796	0.08974
343.245812	0.09007
343.497828	0.09014
343.749844	0.09034
344.00186	0.09089
344.253876	0.09138
344.505892	0.09197
344.757908	0.0925
345.009924	0.09271
345.26194	0.09288
345.513956	0.09281
345.765972	0.09281
346.017988	0.09273
346.270004	0.09225
346.52202	0.09201
346.774036	0.09185
347.026052	0.09164
347.278068	0.09154
347.530084	0.09145
347.7821	0.09146
348.034116	0.09184
348.286132	0.09257
348.538148	0.09315
348.790164	0.09346
349.04218	0.09348
349.294196	0.0931
349.546212	0.0925
349.798228	0.0926
350.050244	0.09262
350.30226	0.09236
350.554276	0.09207
350.806292	0.09151
351.058308	0.09125
351.310324	0.09122
351.56234	0.09092
351.814356	0.09119
352.066372	0.09214
352.318388	0.09242
352.570404	0.09255
352.82242	0.09257
353.074436	0.09227
353.326452	0.09168
353.578468	0.09138
353.830484	0.09095
354.0825	0.09023
354.334516	0.08973
354.586532	0.08936
354.838548	0.08968
355.090564	0.09028
355.34258	0.09091
355.594596	0.09122
355.846612	0.09159
356.098628	0.09184
356.350644	0.0918
356.60266	0.09148
356.854676	0.09095
357.106692	0.09035
357.358708	0.09026
357.610724	0.09041
357.86274	0.0904
358.114756	0.09112
358.366772	0.09154
358.618788	0.09147
358.870804	0.09158
359.12282	0.09144
359.374836	0.09102
359.626852	0.0904
359.878868	0.09
360.130884	0.08981
360.3829	0.08958
360.634916	0.08971
360.886932	0.08989
361.138948	0.08984
361.390964	0.08986
361.64298	0.08998
361.894996	0.08994
362.147012	0.08963
362.399028	0.08924
362.651044	0.08929
362.90306	0.08954
363.155076	0.08977
363.407092	0.08971
363.659108	0.08955
363.911124	0.08939
364.16314	0.08894
364.415156	0.08886
364.667172	0.08885
364.919188	0.0884
365.171204	0.0882
365.42322	0.08811
365.675236	0.08787
365.927252	0.08777
366.179268	0.08749
366.431284	0.08719
366.6833	0.08687
366.935316	0.0865
367.187332	0.08665
367.439348	0.08681
367.691364	0.08632
367.94338	0.08574
368.195396	0.08507
368.447412	0.08459
368.699428	0.08461
368.951444	0.08495
369.20346	0.0848
369.455476	0.08445
369.707492	0.08406
369.959508	0.0832
370.211524	0.08314
370.46354	0.08327
370.715556	0.08312
370.967572	0.08304
371.219588	0.08266
371.471604	0.08224
371.72362	0.0819
371.975636	0.08157
372.227652	0.08105
372.479668	0.08073
372.731684	0.08056
372.9837	0.07972
373.235716	0.07918
373.487732	0.07917
373.739748	0.07886
373.991764	0.07861
374.24378	0.07847
374.495796	0.07824
374.747812	0.07871
374.999828	0.07879
375.251844	0.07796
375.50386	0.07729
375.755876	0.07696
376.007892	0.07679
376.259908	0.07662
376.511924	0.07595
376.76394	0.07573
377.015956	0.07603
377.267972	0.07601
377.519988	0.0753
377.772004	0.07425
378.02402	0.07374
378.276036	0.07356
378.528052	0.07347
378.780068	0.07332
379.032084	0.07328
379.2841	0.07264
379.536116	0.07263
379.788132	0.0726
380.040148	0.07192
380.292164	0.07214
380.54418	0.07202
380.796196	0.07141
381.048212	0.07118
381.300228	0.07117
381.552244	0.07111
381.80426	0.07093
382.056276	0.07052
382.308292	0.06982
382.560308	0.06943
382.812324	0.07003
383.06434	0.07001
383.316356	0.07034
383.568372	0.07024
383.820388	0.06949
384.072404	0.06925
384.32442	0.06904
384.576436	0.06838
384.828452	0.06825
385.080468	0.0701
385.332484	0.06929
385.5845	0.06752
385.836516	0.06745
386.088532	0.06749
386.340548	0.0678
386.592564	0.06857
386.84458	0.06875
387.096596	0.06796
387.348612	0.06765
387.600628	0.06639
387.852644	0.06594
388.10466	0.06582
388.356676	0.06562
388.608692	0.06611
388.860708	0.06638
389.112724	0.06635
389.36474	0.06568
389.616756	0.06494
389.868772	0.06558
390.120788	0.06616
390.372804	0.06524
390.62482	0.06554
390.876836	0.06551
391.128852	0.06503
391.380868	0.06523
391.632884	0.06556
391.8849	0.06554
392.136916	0.06534
392.388932	0.06504
392.640948	0.0646
392.892964	0.0647
393.14498	0.06491
393.396996	0.06481
393.649012	0.06469
393.901028	0.06443
394.153044	0.06389
394.40506	0.06384
394.657076	0.06383
394.909092	0.0637
395.161108	0.06374
395.413124	0.06375
395.66514	0.06394
395.917156	0.06387
396.169172	0.06364
396.421188	0.0637
396.673204	0.06389
396.92522	0.06345
397.177236	0.06276
397.429252	0.06262
397.681268	0.06268
397.933284	0.06274
398.1853	0.06272
398.437316	0.06273
398.689332	0.06258
398.941348	0.06252
399.193364	0.06284
399.44538	0.06316
399.697396	0.06328
399.949412	0.06286
400.201428	0.06289
400.453444	0.06322
400.70546	0.06288
400.957476	0.06279
401.209492	0.06306
401.461508	0.06324
401.713524	0.06324
401.96554	0.06317
402.217556	0.06311
402.469572	0.06311
402.721588	0.06309
402.973604	0.06287
403.22562	0.06288
403.477636	0.06283
403.729652	0.06272
403.981668	0.06287
404.233684	0.06267
404.4857	0.0626
404.737716	0.06266
404.989732	0.0627
405.241748	0.06277
405.493764	0.06271
405.74578	0.06266
405.997796	0.06247
406.249812	0.06238
406.501828	0.06233
406.753844	0.06211
407.00586	0.06186
407.257876	0.06228
407.509892	0.06282
407.761908	0.06259
408.013924	0.06235
408.26594	0.06223
408.517956	0.06213
408.769972	0.062
409.021988	0.06214
409.274004	0.06233
409.52602	0.06216
409.778036	0.06203
410.030052	0.06213
410.282068	0.06221
410.534084	0.0621
410.7861	0.06188
411.038116	0.06169
411.290132	0.06159
411.542148	0.06157
411.794164	0.0616
412.04618	0.06188
412.298196	0.06212
412.550212	0.06189
412.802228	0.06159
413.054244	0.06142
413.30626	0.06126
413.558276	0.06128
413.810292	0.06117
414.062308	0.06115
414.314324	0.06122
414.56634	0.06129
414.818356	0.06126
415.070372	0.06111
415.322388	0.06107
415.574404	0.06088
415.82642	0.0607
416.078436	0.0606
416.330452	0.06066
416.582468	0.06092
416.834484	0.06108
417.0865	0.06124
417.338516	0.06112
417.590532	0.06088
417.842548	0.06106
418.094564	0.061
418.34658	0.06061
418.598596	0.06059
418.850612	0.06099
419.102628	0.06075
419.354644	0.06048
419.60666	0.06053
419.858676	0.06019
420.110692	0.05984
420.362708	0.06003
420.614724	0.06022
420.86674	0.06024
421.118756	0.06047
421.370772	0.06046
421.622788	0.06007
421.874804	0.05983
422.12682	0.05973
422.378836	0.05977
422.630852	0.06008
422.882868	0.06033
423.134884	0.06015
423.3869	0.05973
423.638916	0.05937
423.890932	0.05931
424.142948	0.05948
424.394964	0.05939
424.64698	0.05949
424.898996	0.05968
425.151012	0.05964
425.403028	0.05926
425.655044	0.0588
425.90706	0.05898
426.159076	0.05921
426.411092	0.05888
426.663108	0.05865
426.915124	0.05917
427.16714	0.05924
427.419156	0.05894
427.671172	0.05906
427.923188	0.05944
428.175204	0.05883
428.42722	0.05704
428.679236	0.0566
428.931252	0.0572
429.183268	0.0574
429.435284	0.05756
429.6873	0.05766
429.939316	0.05736
430.191332	0.05705
430.443348	0.05711
430.695364	0.05731
430.94738	0.05724
431.199396	0.05677
431.451412	0.05633
431.703428	0.05622
431.955444	0.05592
432.20746	0.05559
432.459476	0.05551
432.711492	0.05569
432.963508	0.05559
433.215524	0.05543
433.46754	0.05554
433.719556	0.05513
433.971572	0.05486
434.223588	0.05506
434.475604	0.05497
434.72762	0.05502
434.979636	0.05508
435.231652	0.0548
435.483668	0.05475
435.735684	0.05444
435.9877	0.05432
436.239716	0.0546
436.491732	0.0547
436.743748	0.05445
436.995764	0.05433
437.24778	0.05406
437.499796	0.05352
437.751812	0.05372
438.003828	0.05371
438.255844	0.05307
438.50786	0.05289
438.759876	0.05272
439.011892	0.05236
439.263908	0.05229
439.515924	0.05205
439.76794	0.05178
440.019956	0.05168
440.271972	0.0514
440.523988	0.05166
440.776004	0.05151
441.02802	0.05046
441.280036	0.05052
441.532052	0.05074
441.784068	0.05056
442.036084	0.0503
442.2881	0.05013
442.540116	0.05023
442.792132	0.05013
443.044148	0.05008
443.296164	0.05008
443.54818	0.04992
443.800196	0.04971
444.052212	0.04957
444.304228	0.04967
444.556244	0.04984
444.80826	0.04965
445.060276	0.0495
445.312292	0.04962
445.564308	0.04916
445.816324	0.04882
446.06834	0.04874
446.320356	0.04853
446.572372	0.04858
446.824388	0.04842
447.076404	0.04841
447.32842	0.04881
447.580436	0.04903
447.832452	0.04854
448.084468	0.04823
448.336484	0.04866
448.5885	0.04911
448.840516	0.04927
449.092532	0.04875
449.344548	0.04812
449.596564	0.04809
449.84858	0.04818
450.100596	0.04815
450.352612	0.04786
450.604628	0.04741
450.856644	0.04718
451.10866	0.04654
451.360676	0.04597
451.612692	0.0463
451.864708	0.04647
452.116724	0.04649
452.36874	0.04658
452.620756	0.04599
452.872772	0.0457
453.124788	0.04574
453.376804	0.0455
453.62882	0.04524
453.880836	0.0455
454.132852	0.04585
454.384868	0.04557
454.636884	0.04534
454.8889	0.04517
455.140916	0.0453
455.392932	0.04533
455.644948	0.04506
455.896964	0.04474
456.14898	0.04388
456.400996	0.04362
456.653012	0.04352
456.905028	0.04322
457.157044	0.04376
457.40906	0.04349
457.661076	0.04303
457.913092	0.04318
458.165108	0.04266
458.417124	0.04224
458.66914	0.0419
458.921156	0.04169
459.173172	0.04188
459.425188	0.04154
459.677204	0.04073
459.92922	0.0406
460.181236	0.04022
460.433252	0.04026
460.685268	0.04066
460.937284	0.0404
461.1893	0.0409
461.441316	0.04096
461.693332	0.0404
461.945348	0.04028
462.197364	0.0404
462.44938	0.04035
462.701396	0.04031
462.953412	0.03983
463.205428	0.03959
463.457444	0.03945
463.70946	0.0394
463.961476	0.04049
464.213492	0.04055
464.465508	0.04009
464.717524	0.0399
464.96954	0.03942
465.221556	0.0393
465.473572	0.03911
465.725588	0.03897
465.977604	0.03921
466.22962	0.03924
466.481636	0.03928
466.733652	0.03913
466.985668	0.03841
467.237684	0.03829
467.4897	0.03827
467.741716	0.03794
467.993732	0.03804
468.245748	0.03776
468.497764	0.03729
468.74978	0.03705
469.001796	0.03684
469.253812	0.03669
469.505828	0.03644
469.757844	0.03607
470.00986	0.03624
470.261876	0.03655
470.513892	0.03628
470.765908	0.03575
471.017924	0.03557
471.26994	0.03542
471.521956	0.03539
471.773972	0.03552
472.025988	0.03545
472.278004	0.03516
472.53002	0.03444
472.782036	0.03398
473.034052	0.03392
473.286068	0.03461
473.538084	0.03442
473.7901	0.03404
474.042116	0.03403
474.294132	0.0336
474.546148	0.03354
474.798164	0.03324
475.05018	0.03292
475.302196	0.03281
475.554212	0.03267
475.806228	0.03254
476.058244	0.03268
476.31026	0.03297
476.562276	0.03263
476.814292	0.03191
477.066308	0.03156
477.318324	0.0315
477.57034	0.03125
477.822356	0.0312
478.074372	0.03121
478.326388	0.03127
478.578404	0.03106
478.83042	0.03046
479.082436	0.02992
479.334452	0.02963
479.586468	0.02994
479.838484	0.02965
480.0905	0.02912
480.342516	0.02909
480.594532	0.02911
480.846548	0.02909
481.098564	0.02926
481.35058	0.02917
481.602596	0.02884
481.854612	0.02859
482.106628	0.02802
482.358644	0.02767
482.61066	0.02762
482.862676	0.02753
483.114692	0.02757
483.366708	0.02774
483.618724	0.02744
483.87074	0.02721
484.122756	0.02745
484.374772	0.02753
484.626788	0.02732
484.878804	0.02692
485.13082	0.02673
485.382836	0.02673
485.634852	0.02667
485.886868	0.02678
486.138884	0.02689
486.3909	0.0267
486.642916	0.02651
486.894932	0.02638
487.146948	0.0264
487.398964	0.02624
487.65098	0.02595
487.902996	0.02593
488.155012	0.02587
488.407028	0.02587
488.659044	0.02577
488.91106	0.02556
489.163076	0.02547
489.415092	0.02554
489.667108	0.02574
489.919124	0.02545
490.17114	0.02511
490.423156	0.02509
490.675172	0.02505
490.927188	0.02517
491.179204	0.02523
491.43122	0.02501
491.683236	0.02501
491.935252	0.02503
492.187268	0.02478
492.439284	0.02465
492.6913	0.02463
492.943316	0.0247
493.195332	0.02477
493.447348	0.0248
493.699364	0.02472
493.95138	0.02475
494.203396	0.02459
494.455412	0.02422
494.707428	0.02415
494.959444	0.02403
495.21146	0.02427
495.463476	0.02474
495.715492	0.02452
495.967508	0.02436
496.219524	0.02422
496.47154	0.02409
496.723556	0.02418
496.975572	0.02435
497.227588	0.02444
497.479604	0.02432
497.73162	0.02447
497.983636	0.02438
498.235652	0.02419
498.487668	0.02431
498.739684	0.02445
498.9917	0.02447
499.243716	0.02451
499.495732	0.02454
499.747748	0.02389
499.999764	0.02389
500.25178	0.02454
500.503796	0.02405
500.755812	0.02415
501.007828	0.02512
501.259844	0.02519
501.51186	0.02512
501.763876	0.02521
502.015892	0.02515
502.267908	0.02538
502.519924	0.02545
502.77194	0.02546
503.023956	0.0255
503.275972	0.0253
503.527988	0.02542
503.780004	0.02534
504.03202	0.02526
504.284036	0.0256
504.536052	0.02576
504.788068	0.026
505.040084	0.02613
505.2921	0.0263
505.544116	0.0264
505.796132	0.02642
506.048148	0.0266
506.300164	0.02678
506.55218	0.02701
506.804196	0.0274
507.056212	0.02754
507.308228	0.02756
507.560244	0.02758
507.81226	0.02774
508.064276	0.02781
508.316292	0.02778
508.568308	0.02808
508.820324	0.02838
509.07234	0.02857
509.324356	0.02865
509.576372	0.02876
509.828388	0.02882
510.080404	0.02895
510.33242	0.02917
510.584436	0.02916
510.836452	0.02927
511.088468	0.02947
511.340484	0.0298
511.5925	0.03014
511.844516	0.0304
512.096532	0.03064
512.348548	0.0306
512.600564	0.03075
512.85258	0.03083
513.104596	0.03072
513.356612	0.0308
513.608628	0.03111
513.860644	0.03145
514.11266	0.03165
514.364676	0.03185
514.616692	0.03207
514.868708	0.03225
515.120724	0.03248
515.37274	0.03279
515.624756	0.03301
515.876772	0.03308
516.128788	0.03328
516.380804	0.03359
516.63282	0.03389
516.884836	0.03421
517.136852	0.03461
517.388868	0.03498
517.640884	0.03528
517.8929	0.0355
518.144916	0.03566
518.396932	0.03573
518.648948	0.03588
518.900964	0.0363
519.15298	0.03675
519.404996	0.03712
519.657012	0.03753
519.909028	0.03786
520.161044	0.03809
520.41306	0.03836
520.665076	0.0386
520.917092	0.03881
521.169108	0.03899
521.421124	0.03946
521.67314	0.04006
521.925156	0.04044
522.177172	0.04077
522.429188	0.04102
522.681204	0.04133
522.93322	0.04157
523.185236	0.04177
523.437252	0.04214
523.689268	0.04258
523.941284	0.04285
524.1933	0.04314
524.445316	0.04374
524.697332	0.04414
524.949348	0.04426
525.201364	0.04452
525.45338	0.04479
525.705396	0.04507
525.957412	0.04555
526.209428	0.04613
526.461444	0.04652
526.71346	0.04686
526.965476	0.04719
527.217492	0.04731
527.469508	0.04749
527.721524	0.04773
527.97354	0.04802
528.225556	0.04855
528.477572	0.04915
528.729588	0.04963
528.981604	0.04997
529.23362	0.05038
529.485636	0.0508
529.737652	0.05123
529.989668	0.05165
530.241684	0.05187
530.4937	0.05219
530.745716	0.05273
530.997732	0.05317
531.249748	0.05395
531.501764	0.05479
531.75378	0.05518
532.005796	0.05527
532.257812	0.05543
532.509828	0.05581
532.761844	0.05622
533.01386	0.05677
533.265876	0.05731
533.517892	0.05789
533.769908	0.05855
534.021924	0.05917
534.27394	0.05961
534.525956	0.05994
534.777972	0.06017
535.029988	0.06043
535.282004	0.06094
535.53402	0.06151
535.786036	0.06207
536.038052	0.06266
536.290068	0.06322
536.542084	0.06372
536.7941	0.06418
537.046116	0.06448
537.298132	0.06478
537.550148	0.06527
537.802164	0.06575
538.05418	0.06613
538.306196	0.06649
538.558212	0.06695
538.810228	0.06739
539.062244	0.06779
539.31426	0.06833
539.566276	0.06869
539.818292	0.06911
540.070308	0.0694
540.322324	0.06957
540.57434	0.06982
540.826356	0.07007
541.078372	0.07033
541.330388	0.07057
541.582404	0.07092
541.83442	0.07119
542.086436	0.07134
542.338452	0.07152
542.590468	0.07146
542.842484	0.07143
543.0945	0.0716
543.346516	0.07173
543.598532	0.07185
543.850548	0.07189
544.102564	0.07184
544.35458	0.07174
544.606596	0.07167
544.858612	0.07147
545.110628	0.0714
545.362644	0.07119
545.61466	0.07093
545.866676	0.07082
546.118692	0.07067
546.370708	0.07046
546.622724	0.07017
546.87474	0.06974
547.126756	0.06914
547.378772	0.06878
547.630788	0.06838
547.882804	0.06786
548.13482	0.06751
548.386836	0.067
548.638852	0.06643
548.890868	0.06584
549.142884	0.06515
549.3949	0.06462
549.646916	0.06398
549.898932	0.06337
550.150948	0.06282
550.402964	0.06239
550.65498	0.06212
550.906996	0.06157
551.159012	0.06082
551.411028	0.06021
551.663044	0.05978
551.91506	0.05933
552.167076	0.05888
552.419092	0.05854
552.671108	0.05838
552.923124	0.05808
553.17514	0.05768
553.427156	0.05737
553.679172	0.0571
553.931188	0.05687
554.183204	0.05658
554.43522	0.05646
554.687236	0.05653
554.939252	0.05657
555.191268	0.05645
555.443284	0.05644
555.6953	0.05647
555.947316	0.05636
556.199332	0.05629
556.451348	0.05626
556.703364	0.05636
556.95538	0.05647
557.207396	0.05641
557.459412	0.05658
557.711428	0.05694
557.963444	0.05713
558.21546	0.05724
558.467476	0.05744
558.719492	0.05765
558.971508	0.05792
559.223524	0.05821
559.47554	0.05843
559.727556	0.05869
559.979572	0.05892
560.231588	0.05934
560.483604	0.05974
560.73562	0.06006
560.987636	0.06025
561.239652	0.06069
561.491668	0.06128
561.743684	0.06172
561.9957	0.06225
562.247716	0.06267
562.499732	0.06333
562.751748	0.06411
563.003764	0.06474
563.25578	0.06529
563.507796	0.06585
563.759812	0.06634
564.011828	0.06697
564.263844	0.06766
564.51586	0.06834
564.767876	0.06909
565.019892	0.06979
565.271908	0.07054
565.523924	0.07134
565.77594	0.07211
566.027956	0.07306
566.279972	0.07409
566.531988	0.07472
566.784004	0.07553
567.03602	0.07641
567.288036	0.07691
567.540052	0.07756
567.792068	0.07849
568.044084	0.07923
568.2961	0.08003
568.548116	0.08106
568.800132	0.08167
569.052148	0.08217
569.304164	0.08286
569.55618	0.0835
569.808196	0.08422
570.060212	0.08483
570.312228	0.08537
570.564244	0.08623
570.81626	0.08686
571.068276	0.08742
571.320292	0.08825
571.572308	0.08863
571.824324	0.08905
572.07634	0.08966
572.328356	0.09037
572.580372	0.0913
572.832388	0.09209
573.084404	0.09231
573.33642	0.09277
573.588436	0.0937
573.840452	0.09448
574.092468	0.09488
574.344484	0.09543
574.5965	0.09651
574.848516	0.0971
575.100532	0.09761
575.352548	0.0981
575.604564	0.09852
575.85658	0.09928
576.108596	0.09997
576.360612	0.10049
576.612628	0.10116
576.864644	0.1017
577.11666	0.10221
577.368676	0.10305
577.620692	0.10362
577.872708	0.10402
578.124724	0.10416
578.37674	0.10418
578.628756	0.10483
578.880772	0.10561
579.132788	0.10631
579.384804	0.10693
579.63682	0.10734
579.888836	0.10749
580.140852	0.10779
580.392868	0.10847
580.644884	0.10896
580.8969	0.10917
581.148916	0.10976
581.400932	0.11015
581.652948	0.11043
581.904964	0.11097
582.15698	0.11124
582.408996	0.1117
582.661012	0.11225
582.913028	0.11283
583.165044	0.1133
583.41706	0.11362
583.669076	0.11391
583.921092	0.11429
584.173108	0.11474
584.425124	0.115
584.67714	0.11534
584.929156	0.11577
585.181172	0.11609
585.433188	0.11652
585.685204	0.11685
585.93722	0.11717
586.189236	0.11757
586.441252	0.11764
586.693268	0.11795
586.945284	0.11841
587.1973	0.11887
587.449316	0.11937
587.701332	0.11994
587.953348	0.11996
588.205364	0.11941
588.45738	0.1197
588.709396	0.11975
588.961412	0.11973
589.213428	0.12026
589.465444	0.12028
589.71746	0.12
589.969476	0.12039
590.221492	0.12066
590.473508	0.12049
590.725524	0.12044
590.97754	0.12072
591.229556	0.12158
591.481572	0.12178
591.733588	0.1217
591.985604	0.12229
592.23762	0.12246
592.489636	0.12228
592.741652	0.12249
592.993668	0.12275
593.245684	0.12293
593.4977	0.12315
593.749716	0.12306
594.001732	0.12292
594.253748	0.12324
594.505764	0.12371
594.75778	0.12369
595.009796	0.12339
595.261812	0.12355
595.513828	0.1235
595.765844	0.12335
596.01786	0.12353
596.269876	0.12386
596.521892	0.12417
596.773908	0.12394
597.025924	0.12358
597.27794	0.12343
597.529956	0.12342
597.781972	0.12348
598.033988	0.12348
598.286004	0.12339
598.53802	0.12309
598.790036	0.12307
599.042052	0.12336
599.294068	0.12316
599.546084	0.12305
599.7981	0.12345
600.050116	0.12335
600.302132	0.12311
600.554148	0.12281
600.806164	0.12209
601.05818	0.12184
601.310196	0.12156
601.562212	0.12156
601.814228	0.122
602.066244	0.12199
602.31826	0.12155
602.570276	0.12067
602.822292	0.11973
603.074308	0.11965
603.326324	0.1197
603.57834	0.11991
603.830356	0.12064
604.082372	0.12048
604.334388	0.12008
604.586404	0.11996
604.83842	0.11943
605.090436	0.11889
605.342452	0.1186
605.594468	0.11821
605.846484	0.11811
606.0985	0.11801
606.350516	0.11751
606.602532	0.11764
606.854548	0.11785
607.106564	0.11728
607.35858	0.11681
607.610596	0.11634
607.862612	0.11635
608.114628	0.11669
608.366644	0.11642
608.61866	0.1164
608.870676	0.11586
609.122692	0.11552
609.374708	0.116
609.626724	0.11589
609.87874	0.1166
610.130756	0.11689
610.382772	0.11594
610.634788	0.11597
610.886804	0.11645
611.13882	0.11612
611.390836	0.11614
611.642852	0.11603
611.894868	0.11627
612.146884	0.11583
612.3989	0.11538
612.650916	0.11616
612.902932	0.11575
613.154948	0.11586
613.406964	0.11592
613.65898	0.11536
613.910996	0.11522
614.163012	0.11446
614.415028	0.11381
614.667044	0.114
614.91906	0.11394
615.171076	0.11341
615.423092	0.1125
615.675108	0.11181
615.927124	0.11193
616.17914	0.11163
616.431156	0.11057
616.683172	0.11063
616.935188	0.11057
617.187204	0.11008
617.43922	0.11241
617.691236	0.11287
617.943252	0.11073
618.195268	0.1093
618.447284	0.10625
618.6993	0.10589
618.951316	0.10716
619.203332	0.10585
619.455348	0.10431
619.707364	0.10436
619.95938	0.1047
620.211396	0.10423

