icm	trans
2.03054	1.0093637
2.081303	1.0146258
2.132066	1.0128381
2.182829	1.0078285
2.233592	1.0021725
2.284355	1.0127775
2.335118	1.0198879
2.385881	1.0249581
2.436644	1.0131007
2.487407	1.0084143
2.53817	1.0100909
2.588933	1.0059499
2.639696	1.012323
2.690459	1.0087678
2.741222	1.0031623
2.791985	1.000304
2.842748	1.0065357
2.893511	1.0038188
2.944274	1.0014655
2.995037	1.0012534
3.0458	1.0114342
3.096563	1.0207262
3.147326	1.009495
3.198089	1.0038289
3.248852	1.0040208
3.299615	1.0054651
3.350378	0.9944662
3.401141	1.0002737
3.451904	1.0107171
3.502667	1.0158378
3.55343	1.011515
3.604193	1.0035158
3.654956	1.0045056
3.705719	1.0076366
3.756482	1.0062428
3.807245	1.0009201
3.858008	1.0107575
3.908771	1.0149086
3.959534	1.0105959
4.010297	0.9942137
4.06106	0.9885981
4.111823	1.0006575
4.162586	1.0043844
4.213349	1.0064246
4.264112	1.0104848
4.314875	1.0159792
4.365638	1.0111716
4.416401	0.9972033
4.467164	0.9853661
4.517927	0.9994859
4.56869	1.0055762
4.619453	0.9972336
4.670216	0.9990415
4.720979	0.9962438
4.771742	0.9998798
4.822505	0.998082
4.873268	0.9996778
4.924031	1.0028997
4.974794	1.0009302
5.025557	1.0013544
5.07632	0.9957792
5.127083	0.9957489
5.177846	0.9965468
5.228609	0.9976881
5.279372	0.9974053
5.330135	0.9999303
5.380898	1.0013948
5.431661	0.997577
5.482424	1.0008191
5.533187	1.0021119
5.58395	0.9983143
5.634713	0.9961125
5.685476	0.9971528
5.736239	0.9944157
5.787002	0.9933451
5.837765	0.9979002
5.888528	1.0025361
5.939291	1.0000919
5.990054	0.9959711
6.040817	0.995961
6.09158	0.9995263
6.142343	0.9967084
6.193106	0.9962842
6.243869	1.0011019
6.294632	0.9972942
6.345395	0.9937794
6.396158	0.9879618
6.446921	0.9913453
6.497684	0.9971326
6.548447	1.0003949
6.59921	1.0011221
6.649973	1.0045864
6.700736	1.0021018
6.751499	0.9966882
6.802262	0.9927189
6.853025	0.9876588
6.903788	0.9955065
6.954551	1.0000919
7.005314	0.9995263
7.056077	0.9960519
7.10684	0.9951025
7.157603	0.9963145
7.208366	0.9931532
7.259129	0.9913554
7.309892	0.9911332
7.360655	0.9960418
7.411418	0.994345
7.462181	0.9927593
7.512944	0.9903858
7.563707	0.9901232
7.61447	0.9933552
7.665233	0.9907191
7.715996	0.994648
7.766759	0.9946682
7.817522	0.9966478
7.868285	0.9954964
7.919048	0.9933552
7.969811	0.9933047
8.020574	0.9888203
8.071337	0.987881
8.1221	0.9869821
8.172863	0.9882547
8.223626	0.988891
8.274389	0.9904363
8.325152	0.9904969
8.375915	0.9930825
8.426678	0.9919614
8.477441	0.991214
8.528204	0.9941127
8.578967	0.9915675
8.62973	0.9881638
8.680493	0.9861539
8.731256	0.9862448
8.782019	0.9853661
8.832782	0.9854267
8.883545	0.9873659
8.934308	0.9926482
8.985071	0.9921129
9.035834	0.9884567
9.086597	0.9854671
9.13736	0.984649
9.188123	0.9839016
9.238886	0.9835481
9.289649	0.9856388
9.340412	0.9877396
9.391175	0.9883254
9.441938	0.9835683
9.492701	0.9817806
9.543464	0.9822149
9.594227	0.9858307
9.64499	0.9861236
9.695753	0.9861236
9.746516	0.98778
9.797279	0.9825987
9.848042	0.9796596
9.898805	0.9769427
9.949568	0.9757408
10.000331	0.9774679
10.051094	0.9821341
10.101857	0.984245
10.15262	0.9845884
10.203383	0.9842854
10.254146	0.9832653
10.304909	0.983841
10.355672	0.9805888
10.406435	0.9797606
10.457198	0.9790132
10.507961	0.978488
10.558724	0.9778618
10.609487	0.9780739
10.66025	0.98071
10.711013	0.9816998
10.761776	0.9835986
10.812539	0.9817604
10.863302	0.9775386
10.914065	0.9754883
10.964828	0.9772356
11.015591	0.9802555
11.015614	0.98922
11.066377	0.98749
11.11714	0.98671
11.167903	0.98614
11.218666	0.9793
11.269429	0.98039
11.320192	0.9858
11.370955	0.98819
11.421718	0.98893
11.472481	0.97949
11.523244	0.97638
11.574007	0.98654
11.62477	0.98617
11.675533	0.97888
11.726296	0.98067
11.777059	0.98329
11.827822	0.98398
11.878585	0.98744
11.929348	0.98441
11.980111	0.9761
12.030874	0.97818
12.081637	0.98311
12.1324	0.98277
12.183163	0.98696
12.233926	0.98566
12.284689	0.97713
12.335452	0.97344
12.386215	0.9789
12.436978	0.97947
12.487741	0.97471
12.538504	0.97946
12.589267	0.97511
12.64003	0.97334
12.690793	0.98263
12.741556	0.98334
12.792319	0.97715
12.843082	0.97331
12.893845	0.9733
12.944608	0.97719
12.995371	0.98085
13.046134	0.97807
13.096897	0.97442
13.14766	0.97051
13.198423	0.97365
13.249186	0.98041
13.299949	0.97818
13.350712	0.97195
13.401475	0.96833
13.452238	0.96776
13.503001	0.97485
13.553764	0.98543
13.604527	0.9793
13.65529	0.96769
13.706053	0.96582
13.756816	0.96955
13.807579	0.97351
13.858342	0.97695
13.909105	0.97974
13.959868	0.97358
14.010631	0.9673
14.061394	0.97149
14.112157	0.97656
14.16292	0.97364
14.213683	0.96873
14.264446	0.97002
14.315209	0.97689
14.365972	0.9801
14.416735	0.97741
14.467498	0.96986
14.518261	0.96327
14.569024	0.9667
14.619787	0.97541
14.67055	0.97927
14.721313	0.97975
14.772076	0.97706
14.822839	0.96789
14.873602	0.97072
14.924365	0.97794
14.975128	0.97219
15.025891	0.97161
15.076654	0.97391
15.127417	0.97214
15.17818	0.97369
15.228943	0.97402
15.279706	0.97048
15.330469	0.96676
15.381232	0.96885
15.431995	0.97193
15.482758	0.97399
15.533521	0.97238
15.584284	0.97011
15.635047	0.96927
15.68581	0.97005
15.736573	0.97491
15.787336	0.96968
15.838099	0.9655
15.888862	0.9662
15.939625	0.96606
15.990388	0.96914
16.041151	0.9723
16.091914	0.97416
16.142677	0.96976
16.19344	0.96499
16.244203	0.96655
16.294966	0.97041
16.345729	0.96898
16.396492	0.96624
16.447255	0.96804
16.498018	0.97013
16.548781	0.97298
16.599544	0.97086
16.650307	0.96381
16.70107	0.96236
16.751833	0.96404
16.802596	0.96823
16.853359	0.97546
16.904122	0.97508
16.954885	0.96811
17.005648	0.96194
17.056411	0.96237
17.107174	0.96785
17.157937	0.9698
17.2087	0.96784
17.259463	0.96792
17.310226	0.96683
17.360989	0.9655
17.411752	0.96868
17.462515	0.96784
17.513278	0.96345
17.564041	0.9623
17.614804	0.96569
17.665567	0.97017
17.71633	0.96843
17.767093	0.96411
17.817856	0.96302
17.868619	0.96193
17.919382	0.96106
17.970145	0.96407
18.020908	0.96506
18.071671	0.96376
18.122434	0.96162
18.173197	0.95964
18.22396	0.96293
18.274723	0.96409
18.325486	0.96145
18.376249	0.95979
18.427012	0.95919
18.477775	0.95799
18.528538	0.96254
18.579301	0.96711
18.630064	0.96267
18.680827	0.9599
18.73159	0.95825
18.782353	0.95945
18.833116	0.9597
18.883879	0.95747
18.934642	0.95834
18.985405	0.95993
19.036168	0.96046
19.086931	0.96059
19.137694	0.96023
19.188457	0.95892
19.23922	0.95746
19.289983	0.95576
19.340746	0.95818
19.391509	0.96218
19.442272	0.96239
19.493035	0.95984
19.543798	0.9573
19.594561	0.95679
19.645324	0.95664
19.696087	0.95801
19.74685	0.96009
19.797613	0.95918
19.848376	0.95779
19.899139	0.95753
19.949902	0.95767
20.000665	0.95615
20.051428	0.95536
20.102191	0.95631
20.152954	0.95557
20.203717	0.95547
20.25448	0.95533
20.305243	0.95509
20.356006	0.95374
20.406769	0.95172
20.457532	0.95426
20.508295	0.95671
20.559058	0.95477
20.609821	0.95289
20.660584	0.95196
20.711347	0.95101
20.76211	0.9519
20.812873	0.95205
20.863636	0.95282
20.914399	0.95121
20.965162	0.94876
21.015925	0.95184
21.066688	0.95297
21.117451	0.95204
21.168214	0.9513
21.218977	0.95075
21.26974	0.95016
21.320503	0.95088
21.371266	0.95063
21.422029	0.95017
21.472792	0.95037
21.523555	0.95041
21.574318	0.95194
21.625081	0.95287
21.675844	0.95274
21.726607	0.94834
21.77737	0.94694
21.828133	0.95024
21.878896	0.95185
21.929659	0.95261
21.980422	0.95314
22.031185	0.95019
22.081948	0.94705
22.132711	0.95031
22.183474	0.95177
22.234237	0.95113
22.285	0.94998
22.335763	0.94796
22.386526	0.94923
22.437289	0.95287
22.488052	0.95309
22.538815	0.95025
22.589578	0.94841
22.640341	0.94733
22.691104	0.94854
22.741867	0.94826
22.79263	0.94658
22.843393	0.94422
22.894156	0.94415
22.944919	0.94807
22.995682	0.94964
23.046445	0.94857
23.097208	0.94496
23.147971	0.94237
23.198734	0.9434
23.249497	0.94597
23.30026	0.94644
23.351023	0.94471
23.401786	0.94302
23.452549	0.94131
23.503312	0.94255
23.554075	0.94497
23.604838	0.94383
23.655601	0.94146
23.706364	0.93995
23.757127	0.94005
23.80789	0.94314
23.858653	0.94203
23.909416	0.94056
23.960179	0.93936
24.010942	0.93598
24.061705	0.93689
24.112468	0.93937
24.163231	0.93923
24.213994	0.9374
24.264757	0.93742
24.31552	0.93739
24.366283	0.9375
24.417046	0.93783
24.467809	0.93584
24.518572	0.93318
24.569335	0.9352
24.620098	0.93808
24.670861	0.93664
24.721624	0.93466
24.772387	0.93079
24.82315	0.92885
24.873913	0.93169
24.924676	0.93432
24.975439	0.93319
25.026202	0.93284
25.076965	0.93447
25.127728	0.93115
25.178491	0.92881
25.229254	0.92923
25.280017	0.92746
25.33078	0.9277
25.381543	0.93148
25.432306	0.93161
25.483069	0.92931
25.533832	0.92628
25.584595	0.92263
25.635358	0.92203
25.686121	0.92405
25.736884	0.92604
25.787647	0.92439
25.83841	0.92216
25.889173	0.92051
25.939936	0.92004
25.990699	0.9218
26.041462	0.92181
26.092225	0.92032
26.142988	0.91867
26.193751	0.91744
26.244514	0.91823
26.295277	0.92037
26.34604	0.9205
26.396803	0.91787
26.447566	0.91587
26.498329	0.91605
26.549092	0.91718
26.599855	0.91761
26.650618	0.91716
26.701381	0.91741
26.752144	0.91865
26.802907	0.91817
26.85367	0.91702
26.904433	0.91583
26.955196	0.91469
27.005959	0.91542
27.056722	0.91652
27.107485	0.91869
27.158248	0.91955
27.209011	0.91668
27.259774	0.91381
27.310537	0.91366
27.3613	0.91538
27.412063	0.91696
27.462826	0.91749
27.513589	0.91703
27.564352	0.9154
27.615115	0.91275
27.665878	0.91271
27.716641	0.91365
27.767404	0.91359
27.818167	0.91405
27.86893	0.91335
27.919693	0.91188
27.970456	0.91014
28.021219	0.91014
28.071982	0.91107
28.122745	0.91159
28.173508	0.91128
28.224271	0.91064
28.275034	0.91039
28.325797	0.90853
28.37656	0.90839
28.427323	0.90914
28.478086	0.90895
28.528849	0.90888
28.579612	0.90858
28.630375	0.90815
28.681138	0.9076
28.731901	0.90648
28.782664	0.90632
28.833427	0.90754
28.88419	0.90754
28.934953	0.9078
28.985716	0.90721
29.036479	0.90686
29.087242	0.90777
29.138005	0.90764
29.188768	0.90768
29.239531	0.90785
29.290294	0.9074
29.341057	0.90632
29.39182	0.90803
29.442583	0.91034
29.493346	0.91036
29.544109	0.90966
29.594872	0.90778
29.645635	0.90673
29.696398	0.90736
29.747161	0.90921
29.797924	0.90885
29.848687	0.9081
29.89945	0.90818
29.950213	0.90602
30.000976	0.9052
30.051739	0.90571
30.102502	0.90511
30.153265	0.90571
30.204028	0.90795
30.254791	0.90775
30.305554	0.90595
30.356317	0.90417
30.40708	0.90279
30.457843	0.90263
30.508606	0.90403
30.559369	0.9058
30.610132	0.90528
30.660895	0.90259
30.711658	0.89958
30.762421	0.89902
30.813184	0.89958
30.863947	0.90032
30.91471	0.89978
30.965473	0.89918
31.016236	0.89958
31.066999	0.89882
31.117762	0.8996
31.168525	0.89855
31.219288	0.8965
31.270051	0.89634
31.320814	0.89614
31.371577	0.89724
31.42234	0.89728
31.473103	0.89558
31.523866	0.89485
31.574629	0.89634
31.625392	0.89651
31.676155	0.89522
31.726918	0.89458
31.777681	0.89398
31.828444	0.89463
31.879207	0.89499
31.92997	0.89509
31.980733	0.89492
32.031496	0.89316
32.082259	0.89176
32.133022	0.89205
32.183785	0.89304
32.234548	0.89416
32.285311	0.89279
32.336074	0.89129
32.386837	0.89244
32.4376	0.89239
32.488363	0.89249
32.539126	0.89269
32.589889	0.8917
32.640652	0.89118
32.691415	0.89113
32.742178	0.88907
32.792941	0.88705
32.843704	0.88667
32.894467	0.88731
32.94523	0.89005
32.995993	0.89054
33.046756	0.88902
33.097519	0.88734
33.148282	0.88524
33.199045	0.88417
33.249808	0.8846
33.300571	0.88584
33.351334	0.88522
33.402097	0.88247
33.45286	0.88143
33.503623	0.88162
33.554386	0.88185
33.605149	0.88147
33.655912	0.87998
33.706675	0.87919
33.757438	0.87906
33.808201	0.87975
33.858964	0.87998
33.909727	0.87866
33.96049	0.8764
34.011253	0.87528
34.062016	0.87545
34.112779	0.87439
34.163542	0.87395
34.214305	0.87498
34.265068	0.87583
34.315831	0.87586
34.366594	0.87522
34.417357	0.87433
34.46812	0.87269
34.518883	0.87135
34.569646	0.87142
34.620409	0.87324
34.671172	0.87449
34.721935	0.87367
34.772698	0.87102
34.823461	0.86779
34.874224	0.86755
34.924987	0.86926
34.97575	0.87113
35.026513	0.8724
35.077276	0.87154
35.128039	0.86969
35.178802	0.86828
35.229565	0.8663
35.280328	0.86518
35.331091	0.86654
35.381854	0.86797
35.432617	0.86881
35.48338	0.86789
35.534143	0.86576
35.584906	0.86286
35.635669	0.86049
35.686432	0.86092
35.737195	0.86244
35.787958	0.86377
35.838721	0.8631
35.889484	0.85982
35.940247	0.85735
35.99101	0.85767
36.041773	0.85842
36.092536	0.85817
36.143299	0.85755
36.194062	0.85613
36.244825	0.85509
36.295588	0.85427
36.346351	0.85406
36.397114	0.85396
36.447877	0.85345
36.49864	0.8533
36.549403	0.85532
36.600166	0.85837
36.650929	0.85564
36.701692	0.85475
36.752455	0.8549
36.803218	0.85483
36.853981	0.855
36.904744	0.85361
36.955507	0.85291
37.00627	0.85288
37.057033	0.85461
37.107796	0.85876
37.158559	0.85957
37.209322	0.85685
37.260085	0.85601
37.310848	0.85684
37.361611	0.85809
37.412374	0.85862
37.463137	0.8577
37.5139	0.85732
37.564663	0.85718
37.615426	0.85703
37.666189	0.85659
37.716952	0.85709
37.767715	0.85957
37.818478	0.8598
37.869241	0.85803
37.920004	0.8546
37.970767	0.8534
38.02153	0.85423
38.072293	0.85558
38.123056	0.85664
38.173819	0.85663
38.224582	0.85662
38.275345	0.85446
38.326108	0.85269
38.376871	0.85323
38.427634	0.85562
38.478397	0.85464
38.52916	0.85324
38.579923	0.85321
38.630686	0.85182
38.681449	0.85184
38.732212	0.85289
38.782975	0.85421
38.833738	0.85286
38.884501	0.85513
38.935264	0.85569
38.986027	0.85386
39.03679	0.85384
39.087553	0.85213
39.138316	0.85251
39.189079	0.85379
39.239842	0.8525
39.290605	0.85064
39.341368	0.85025
39.392131	0.85302
39.442894	0.85583
39.493657	0.85405
39.54442	0.85243
39.595183	0.85168
39.645946	0.85067
39.696709	0.85347
39.747472	0.85686
39.798235	0.85793
39.848998	0.85623
39.899761	0.85399
39.950524	0.85583
40.001287	0.85659
40.070554	0.8299807
40.32257	0.82577475
40.574586	0.82153925
40.826602	0.8200322
41.078618	0.81838725
41.330634	0.8180228
41.58265	0.81769775
41.834666	0.81712645
42.086682	0.81436845
42.338698	0.8093154
42.590714	0.8070105
42.84273	0.805533
43.094746	0.8033069
43.346762	0.8019082
43.598778	0.79906155
43.850794	0.7960376
44.10281	0.79437295
44.354826	0.79112245
44.606842	0.7893002
44.858858	0.78795075
45.110874	0.7853208
45.36289	0.7827204
45.614906	0.7803564
45.866922	0.7801594
46.118938	0.7793911
46.370954	0.77731275
46.62297	0.77490935
46.874986	0.7703685
47.127002	0.76829015
47.379018	0.76911755
47.631034	0.768891
47.88305	0.7677287
48.135066	0.7659951
48.387082	0.7650889
48.639098	0.76429105
48.891114	0.76330605
49.14313	0.76159215
49.395146	0.7588046
49.647162	0.75666715
49.899178	0.7546479
50.151194	0.75170275
50.40321	0.7497426
50.655226	0.7481469
50.907242	0.74593065
51.159258	0.7441281
51.411274	0.74175425
51.66329	0.7387894
51.915306	0.7359329
52.167322	0.7328203
52.419338	0.7291364
52.671354	0.72556085
52.92337	0.7233643
53.175386	0.71921745
53.427402	0.7139674
53.679418	0.7126672
53.931434	0.7123717
54.18345	0.7105002
54.435466	0.7083726
54.687482	0.7058313
54.939498	0.70199965
55.191514	0.6966314
55.44353	0.6901304
55.695546	0.68653515
55.947562	0.69057365
56.199578	0.69455305
56.451594	0.69494705
56.70361	0.6926323
56.955626	0.688712
57.207642	0.6827429
57.459658	0.68375745
57.711674	0.6870966
57.96369	0.6874315
58.215706	0.68683065
58.467722	0.6851857
58.719738	0.6829202
58.971754	0.68092065
59.22377	0.67806415
59.475786	0.67501065
59.727802	0.67146465
59.979818	0.66793835
60.231834	0.667633
60.48385	0.6668844
60.735866	0.66419535
60.987882	0.6609547
61.239898	0.6582361
61.491914	0.65647295
61.74393	0.6535672
61.995946	0.64855355
62.247962	0.64222
62.499978	0.64043715
62.751994	0.6409395
63.00401	0.63947185
63.256026	0.63722605
63.508042	0.63466505
63.760058	0.6315032
64.012074	0.6283709
64.26409	0.6287846
64.516106	0.629021
64.768122	0.6281148
65.020138	0.6273859
65.272154	0.62631225
65.52417	0.625278
65.776186	0.6240369
66.028202	0.62292385
66.280218	0.62203735
66.532234	0.6213577
66.78425	0.6206879
67.036266	0.61925965
67.288282	0.61736845
67.540298	0.615822
67.792314	0.6127685
68.04433	0.6093407
68.296346	0.60856255
68.548362	0.60732145
68.800378	0.6054007
69.052394	0.60292835
69.30441	0.6009485
69.556426	0.60015065
69.808442	0.5981511
70.060458	0.5956295
70.312474	0.5925957
70.56449	0.59008395
70.816506	0.588439
71.068522	0.5863902
71.320538	0.5825093
71.572554	0.57842155
71.82457	0.57418605
72.076586	0.56778355
72.328602	0.5644641
72.580618	0.5639716
72.832634	0.56228725
73.08465	0.5570569
73.336666	0.55336315
73.588682	0.5559537
73.840698	0.5555991
74.092714	0.5526835
74.34473	0.5534912
74.596746	0.55649545
74.848762	0.5553824
75.100778	0.5523092
75.352794	0.5479358
75.60481	0.54467545
75.856826	0.5485465
76.108842	0.5502998
76.360858	0.5499452
76.612874	0.5503983
76.86489	0.5503589
77.116906	0.5485071
77.368922	0.5455127
77.620938	0.54335555
77.872954	0.5423213
78.12497	0.53959285
78.376986	0.5381843
78.629002	0.5366871
78.881018	0.5323531
79.133034	0.5312696
79.38505	0.5296542
79.637066	0.52349795
79.889082	0.5210059
80.141098	0.5225819
80.393114	0.5214393
80.64513	0.51932155
80.897146	0.5179918
81.149162	0.51601195
81.401178	0.51356915
81.653194	0.51136275
81.90521	0.5068613
82.157226	0.50198555
82.409242	0.50310845
82.661258	0.5038275
82.913274	0.5029016
83.16529	0.50245835
83.417306	0.50186735
83.669322	0.5009119
83.921338	0.5006952
84.173354	0.500774
84.42537	0.5014241
84.677386	0.50190675
84.929402	0.5002815
85.181418	0.4988237
85.433434	0.4987843
85.68545	0.4987252
85.937466	0.4984691
86.189482	0.4985479
86.441498	0.4985479
86.693514	0.49822285
86.94553	0.49749395
87.197546	0.4955929
87.449562	0.4917514
87.701578	0.4860975
87.953594	0.4809755
88.20561	0.47810915
88.457626	0.4803845
88.709642	0.48179305
88.961658	0.48047315
89.213674	0.47970485
89.46569	0.47738025
89.717706	0.4761096
89.969722	0.4764839
90.221738	0.4753216
90.473754	0.47353875
90.72577	0.47202185
90.977786	0.47038675
91.229802	0.4686827
91.481818	0.4668112
91.733834	0.4638759
91.98585	0.45955175
92.237866	0.45567085
92.489882	0.4525484
92.741898	0.45196725
92.993914	0.4541638
93.24593	0.4552867
93.497946	0.45482375
93.749962	0.4548139
94.001978	0.45474495
94.253994	0.4545972
94.50601	0.45448885
94.758026	0.4541835
95.010042	0.45332655
95.262058	0.4520165
95.514074	0.45047005
95.76609	0.44840155
96.018106	0.44343715
96.270122	0.4417725
96.522138	0.444235
96.774154	0.444235
97.02617	0.4427969
97.278186	0.4414573
97.530202	0.43975325
97.782218	0.43776355
98.034234	0.43555715
98.28625	0.4332818
98.538266	0.42956835
98.790282	0.42489945
99.042298	0.42092005
99.294314	0.42082155
99.54633	0.42196415
99.798346	0.4216391
100.050362	0.4202207
100.050362	0.41834
100.302378	0.41436
100.554394	0.40676
100.80641	0.41028
101.058426	0.41399
101.310442	0.41284
101.562458	0.41052
101.814474	0.41208
102.06649	0.4131
102.318506	0.4129
102.570522	0.4131
102.822538	0.41321
103.074554	0.413
103.32657	0.41265
103.578586	0.41236
103.830602	0.41219
104.082618	0.41105
104.334634	0.40744
104.58665	0.40318
104.838666	0.40622
105.090682	0.40939
105.342698	0.40695
105.594714	0.39985
105.84673	0.40148
106.098746	0.4041
106.350762	0.40532
106.602778	0.40605
106.854794	0.40475
107.10681	0.40332
107.358826	0.40277
107.610842	0.40005
107.862858	0.39782
108.114874	0.39902
108.36689	0.3986
108.618906	0.39702
108.870922	0.39567
109.122938	0.39474
109.374954	0.39369
109.62697	0.39253
109.878986	0.39118
110.131002	0.38989
110.383018	0.3887
110.635034	0.38763
110.88705	0.38434
111.139066	0.37899
111.391082	0.38199
111.643098	0.38495
111.895114	0.38556
112.14713	0.38594
112.399146	0.38632
112.651162	0.38645
112.903178	0.38689
113.155194	0.38763
113.40721	0.38791
113.659226	0.38827
113.911242	0.38826
114.163258	0.38716
114.415274	0.38654
114.66729	0.3869
114.919306	0.38671
115.171322	0.38627
115.423338	0.3864
115.675354	0.38667
115.92737	0.38606
116.179386	0.38486
116.431402	0.38261
116.683418	0.38095
116.935434	0.38081
117.18745	0.37965
117.439466	0.37891
117.691482	0.37635
117.943498	0.37211
118.195514	0.3729
118.44753	0.37323
118.699546	0.37147
118.951562	0.36992
119.203578	0.36887
119.455594	0.36794
119.70761	0.36539
119.959626	0.36013
120.211642	0.35781
120.463658	0.35931
120.715674	0.3602
120.96769	0.36062
121.219706	0.35946
121.471722	0.35669
121.723738	0.35296
121.975754	0.34784
122.22777	0.35077
122.479786	0.35403
122.731802	0.35456
122.983818	0.35304
123.235834	0.35222
123.48785	0.3522
123.739866	0.35137
123.991882	0.35051
124.243898	0.34943
124.495914	0.34763
124.74793	0.34592
124.999946	0.34449
125.251962	0.34241
125.503978	0.34007
125.755994	0.33818
126.00801	0.33542
126.260026	0.33144
126.512042	0.32495
126.764058	0.31627
127.016074	0.30909
127.26809	0.31064
127.520106	0.31222
127.772122	0.3112
128.024138	0.30951
128.276154	0.30774
128.52817	0.3045
128.780186	0.30195
129.032202	0.30025
129.284218	0.29821
129.536234	0.29583
129.78825	0.2933
130.040266	0.29137
130.292282	0.2895
130.544298	0.28725
130.796314	0.28488
131.04833	0.28324
131.300346	0.28198
131.552362	0.27977
131.804378	0.27586
132.056394	0.2751
132.30841	0.27425
132.560426	0.26941
132.812442	0.26927
133.064458	0.27273
133.316474	0.27461
133.56849	0.27584
133.820506	0.27801
134.072522	0.28015
134.324538	0.28132
134.576554	0.28245
134.82857	0.28364
135.080586	0.2845
135.332602	0.28578
135.584618	0.28686
135.836634	0.28762
136.08865	0.28838
136.340666	0.28906
136.592682	0.28978
136.844698	0.29033
137.096714	0.29064
137.34873	0.29065
137.600746	0.29102
137.852762	0.29209
138.104778	0.29262
138.356794	0.29248
138.60881	0.29248
138.860826	0.29154
139.112842	0.28806
139.364858	0.28977
139.616874	0.29043
139.86889	0.29046
140.120906	0.29301
140.372922	0.29427
140.624938	0.29202
140.876954	0.29151
141.12897	0.29404
141.380986	0.29436
141.633002	0.29546
141.885018	0.29762
142.137034	0.29845
142.38905	0.29859
142.641066	0.29908
142.893082	0.29968
143.145098	0.2993
143.397114	0.29856
143.64913	0.29813
143.901146	0.2969
144.153162	0.29612
144.405178	0.29601
144.657194	0.29582
144.90921	0.29513
145.161226	0.29372
145.413242	0.29355
145.665258	0.29327
145.917274	0.29153
146.16929	0.29073
146.421306	0.28985
146.673322	0.28784
146.925338	0.28671
147.177354	0.28655
147.42937	0.28618
147.681386	0.28528
147.933402	0.28373
148.185418	0.28212
148.437434	0.28139
148.68945	0.27882
148.941466	0.27903
149.193482	0.27806
149.445498	0.27568
149.697514	0.27407
149.94953	0.27402
150.201546	0.27484
150.453562	0.26774
150.705578	0.26728
150.957594	0.26839
151.20961	0.26399
151.461626	0.26283
151.713642	0.26733
151.965658	0.26964
152.217674	0.268
152.46969	0.26509
152.721706	0.26526
152.973722	0.2636
153.225738	0.25929
153.477754	0.25416
153.72977	0.2541
153.981786	0.25482
154.233802	0.2542
154.485818	0.25363
154.737834	0.25376
154.98985	0.25231
155.241866	0.25005
155.493882	0.24785
155.745898	0.24568
155.997914	0.24394
156.24993	0.24157
156.501946	0.23969
156.753962	0.23887
157.005978	0.23871
157.257994	0.23721
157.51001	0.23401
157.762026	0.23059
158.014042	0.22914
158.266058	0.23047
158.518074	0.23013
158.77009	0.22881
159.022106	0.22984
159.274122	0.22948
159.526138	0.22764
159.778154	0.22771
160.03017	0.22793
160.282186	0.22733
160.534202	0.22625
160.786218	0.2251
161.038234	0.22412
161.29025	0.22391
161.542266	0.2233
161.794282	0.22309
162.046298	0.22183
162.298314	0.21919
162.55033	0.21693
162.802346	0.21552
163.054362	0.21418
163.306378	0.21225
163.558394	0.21161
163.81041	0.20978
164.062426	0.20749
164.314442	0.20725
164.566458	0.20719
164.818474	0.20639
165.07049	0.20497
165.322506	0.20419
165.574522	0.20351
165.826538	0.20263
166.078554	0.20212
166.33057	0.20111
166.582586	0.19972
166.834602	0.19986
167.086618	0.20177
167.338634	0.20313
167.59065	0.20343
167.842666	0.20375
168.094682	0.20484
168.346698	0.20597
168.598714	0.20721
168.85073	0.20798
169.102746	0.20867
169.354762	0.2092
169.606778	0.2093
169.858794	0.20966
170.11081	0.2108
170.362826	0.20961
170.614842	0.20766
170.866858	0.21011
171.118874	0.21206
171.37089	0.21328
171.622906	0.21394
171.874922	0.21413
172.126938	0.21443
172.378954	0.21482
172.63097	0.2146
172.882986	0.21368
173.135002	0.21181
173.387018	0.20808
173.639034	0.20866
173.89105	0.21005
174.143066	0.20988
174.395082	0.20939
174.647098	0.20865
174.899114	0.20865
175.15113	0.20815
175.403146	0.20776
175.655162	0.20678
175.907178	0.20225
176.159194	0.20002
176.41121	0.20365
176.663226	0.20486
176.915242	0.20483
177.167258	0.20429
177.419274	0.20134
177.67129	0.19761
177.923306	0.20004
178.175322	0.20201
178.427338	0.20189
178.679354	0.20116
178.93137	0.20031
179.183386	0.20231
179.435402	0.20233
179.687418	0.20033
179.939434	0.19979
180.19145	0.20096
180.443466	0.20092
180.695482	0.19892
180.947498	0.1977
181.199514	0.19528
181.45153	0.19208
181.703546	0.19136
181.955562	0.19199
182.207578	0.19214
182.459594	0.19201
182.71161	0.19096
182.963626	0.18906
183.215642	0.18746
183.467658	0.1857
183.719674	0.18456
183.97169	0.1836
184.223706	0.18213
184.475722	0.18006
184.727738	0.17833
184.979754	0.17742
185.23177	0.1773
185.483786	0.17726
185.735802	0.17675
185.987818	0.17594
186.239834	0.1756
186.49185	0.17497
186.743866	0.1741
186.995882	0.17399
187.247898	0.17355
187.499914	0.17275
187.75193	0.17228
188.003946	0.17122
188.255962	0.16821
188.507978	0.1679
188.759994	0.16877
189.01201	0.16886
189.264026	0.16787
189.516042	0.16757
189.768058	0.16695
190.020074	0.16531
190.27209	0.16465
190.524106	0.16372
190.776122	0.16257
191.028138	0.1616
191.280154	0.16046
191.53217	0.15957
191.784186	0.15826
192.036202	0.15596
192.288218	0.15585
192.540234	0.15721
192.79225	0.1551
193.044266	0.15342
193.296282	0.15186
193.548298	0.14958
193.800314	0.14978
194.05233	0.14956
194.304346	0.14801
194.556362	0.14603
194.808378	0.14608
195.060394	0.14565
195.31241	0.14523
195.564426	0.14495
195.816442	0.14366
196.068458	0.14297
196.320474	0.14283
196.57249	0.14246
196.824506	0.14216
197.076522	0.14188
197.328538	0.14072
197.580554	0.13897
197.83257	0.13858
198.084586	0.13898
198.336602	0.13922
198.588618	0.13914
198.840634	0.13902
199.09265	0.13845
199.344666	0.13803
199.596682	0.13764
199.848698	0.13654
200.100714	0.13524
200.35273	0.13388
200.604746	0.13234
200.856762	0.13123
201.108778	0.13099
201.360794	0.13103
201.61281	0.1311
201.864826	0.13067
202.116842	0.13067
202.368858	0.13558
202.620874	0.14397
202.87289	0.12921
203.124906	0.12361
203.376922	0.12304
203.628938	0.12304
203.880954	0.12292
204.13297	0.12277
204.384986	0.12255
204.637002	0.12229
204.889018	0.12229
205.141034	0.12201
205.39305	0.12148
205.645066	0.12091
205.897082	0.12034
206.149098	0.12002
206.401114	0.11967
206.65313	0.11906
206.905146	0.11853
207.157162	0.11833
207.409178	0.11804
207.661194	0.11761
207.91321	0.11701
208.165226	0.1165
208.417242	0.1147
208.669258	0.11128
208.921274	0.11129
209.17329	0.11199
209.425306	0.11233
209.677322	0.11218
209.929338	0.11206
210.181354	0.11167
210.43337	0.11092
210.685386	0.11006
210.937402	0.10888
211.189418	0.10847
211.441434	0.1087
211.69345	0.10835
211.945466	0.108
212.197482	0.10795
212.449498	0.10762
212.701514	0.10658
212.95353	0.10644
213.205546	0.1065
213.457562	0.10612
213.709578	0.10564
213.961594	0.10501
214.21361	0.10504
214.465626	0.10506
214.717642	0.10452
214.969658	0.10402
215.221674	0.1033
215.47369	0.10319
215.725706	0.10365
215.977722	0.10363
216.229738	0.1033
216.481754	0.10335
216.73377	0.10347
216.985786	0.10339
217.237802	0.10321
217.489818	0.10296
217.741834	0.10281
217.99385	0.10245
218.245866	0.10197
218.497882	0.10158
218.749898	0.10102
219.001914	0.10062
219.25393	0.10039
219.505946	0.09993
219.757962	0.09966
220.009978	0.09933
220.261994	0.09898
220.51401	0.09884
220.766026	0.09838
221.018042	0.09795
221.270058	0.09756
221.522074	0.09712
221.77409	0.0956
222.026106	0.09475
222.278122	0.09518
222.530138	0.09591
222.782154	0.09612
223.03417	0.0962
223.286186	0.0964
223.538202	0.09668
223.790218	0.09622
224.042234	0.09564
224.29425	0.09561
224.546266	0.09551
224.798282	0.09544
225.050298	0.09545
225.302314	0.09527
225.55433	0.09525
225.806346	0.0954
226.058362	0.096
226.310378	0.09535
226.562394	0.09406
226.81441	0.09404
227.066426	0.09392
227.318442	0.09411
227.570458	0.09541
227.822474	0.0954
228.07449	0.09215
228.326506	0.09211
228.578522	0.09228
228.830538	0.092
229.082554	0.09191
229.33457	0.0921
229.586586	0.09193
229.838602	0.09164
230.090618	0.09151
230.342634	0.09132
230.59465	0.09142
230.846666	0.0913
231.098682	0.09096
231.350698	0.09064
231.602714	0.09075
231.85473	0.09084
232.106746	0.09052
232.358762	0.09033
232.610778	0.09022
232.862794	0.09022
233.11481	0.0904
233.366826	0.09056
233.618842	0.09047
233.870858	0.09011
234.122874	0.09012
234.37489	0.09037
234.626906	0.09037
234.878922	0.09013
235.130938	0.08973
235.382954	0.0895
235.63497	0.08948
235.886986	0.08933
236.139002	0.08911
236.391018	0.08929
236.643034	0.08933
236.89505	0.08901
237.147066	0.08869
237.399082	0.08847
237.651098	0.08832
237.903114	0.08827
238.15513	0.08824
238.407146	0.08813
238.659162	0.08804
238.911178	0.08779
239.163194	0.0873
239.41521	0.08683
239.667226	0.08636
239.919242	0.08597
240.171258	0.08648
240.423274	0.08705
240.67529	0.08687
240.927306	0.08667
241.179322	0.08652
241.431338	0.08643
241.683354	0.08648
241.93537	0.08634
242.187386	0.08605
242.439402	0.08607
242.691418	0.08627
242.943434	0.08627
243.19545	0.08605
243.447466	0.08531
243.699482	0.08446
243.951498	0.08472
244.203514	0.0855
244.45553	0.0855
244.707546	0.08521
244.959562	0.08553
245.211578	0.08624
245.463594	0.08529
245.71561	0.08429
245.967626	0.08403
246.219642	0.08362
246.471658	0.08354
246.723674	0.08414
246.97569	0.08424
247.227706	0.08385
247.479722	0.08462
247.731738	0.08661
247.983754	0.08591
248.23577	0.08355
248.487786	0.08322
248.739802	0.08296
248.991818	0.0827
249.243834	0.08219
249.49585	0.0818
249.747866	0.08238
249.999882	0.0822
250.251898	0.08156
250.503914	0.08157
250.75593	0.08172
251.007946	0.08158
251.259962	0.08114
251.511978	0.08071
251.763994	0.08055
252.01601	0.08052
252.268026	0.08045
252.520042	0.08063
252.772058	0.08049
253.024074	0.07987
253.27609	0.07961
253.528106	0.07963
253.780122	0.07842
254.032138	0.07698
254.284154	0.07905
254.53617	0.07959
254.788186	0.07957
255.040202	0.07982
255.292218	0.08029
255.544234	0.0797
255.79625	0.07908
256.048266	0.07926
256.300282	0.07917
256.552298	0.07898
256.804314	0.07849
257.05633	0.07876
257.308346	0.07926
257.560362	0.07899
257.812378	0.07925
258.064394	0.07939
258.31641	0.07914
258.568426	0.07894
258.820442	0.07868
259.072458	0.07896
259.324474	0.07905
259.57649	0.07926
259.828506	0.07918
260.080522	0.07836
260.332538	0.07855
260.584554	0.07922
260.83657	0.0793
261.088586	0.07865
261.340602	0.07804
261.592618	0.07849
261.844634	0.0788
262.09665	0.07844
262.348666	0.07825
262.600682	0.07805
262.852698	0.07787
263.104714	0.07751
263.35673	0.07681
263.608746	0.07669
263.860762	0.07725
264.112778	0.07727
264.364794	0.07675
264.61681	0.07649
264.868826	0.07625
265.120842	0.07657
265.372858	0.07719
265.624874	0.07732
265.87689	0.07776
266.128906	0.07792
266.380922	0.07734
266.632938	0.07701
266.884954	0.07674
267.13697	0.07707
267.388986	0.07739
267.641002	0.0778
267.893018	0.07776
268.145034	0.07746
268.39705	0.07763
268.649066	0.07739
268.901082	0.07734
269.153098	0.07738
269.405114	0.07744
269.65713	0.07758
269.909146	0.07728
270.161162	0.07745
270.413178	0.07808
270.665194	0.07802
270.91721	0.07778
271.169226	0.0779
271.421242	0.07817
271.673258	0.07817
271.925274	0.07794
272.17729	0.07786
272.429306	0.07826
272.681322	0.07874
272.933338	0.0787
273.185354	0.07839
273.43737	0.07809
273.689386	0.07823
273.941402	0.0784
274.193418	0.07821
274.445434	0.07801
274.69745	0.07802
274.949466	0.07797
275.201482	0.078
275.453498	0.07812
275.705514	0.0781
275.95753	0.07798
276.209546	0.07733
276.461562	0.07693
276.713578	0.07699
276.965594	0.07639
277.21761	0.07551
277.469626	0.07473
277.721642	0.0742
277.973658	0.0752
278.225674	0.07926
278.47769	0.07859
278.729706	0.0763
278.981722	0.07559
279.233738	0.07512
279.485754	0.07522
279.73777	0.07606
279.989786	0.07666
280.241802	0.0767
280.493818	0.07613
280.745834	0.07554
280.99785	0.07475
281.249866	0.07456
281.501882	0.07477
281.753898	0.07534
282.005914	0.07692
282.25793	0.07666
282.509946	0.07466
282.761962	0.07477
283.013978	0.07517
283.265994	0.075
283.51801	0.07506
283.770026	0.07518
284.022042	0.07476
284.274058	0.07438
284.526074	0.07433
284.77809	0.07447
285.030106	0.07434
285.282122	0.07406
285.534138	0.07385
285.786154	0.07363
286.03817	0.07365
286.290186	0.07329
286.542202	0.07302
286.794218	0.07302
287.046234	0.07273
287.29825	0.07266
287.550266	0.07262
287.802282	0.07243
288.054298	0.07212
288.306314	0.07157
288.55833	0.07147
288.810346	0.07191
289.062362	0.07234
289.314378	0.07248
289.566394	0.07149
289.81841	0.07079
290.070426	0.07098
290.322442	0.07099
290.574458	0.07058
290.826474	0.07024
291.07849	0.07034
291.330506	0.07019
291.582522	0.0696
291.834538	0.06939
292.086554	0.06956
292.33857	0.06951
292.590586	0.06923
292.842602	0.069
293.094618	0.06856
293.346634	0.06843
293.59865	0.06819
293.850666	0.06796
294.102682	0.06771
294.354698	0.06736
294.606714	0.06686
294.85873	0.06618
295.110746	0.06638
295.362762	0.06647
295.614778	0.06615
295.866794	0.0661
296.11881	0.0657
296.370826	0.06503
296.622842	0.06469
296.874858	0.06406
297.126874	0.06339
297.37889	0.06288
297.630906	0.06234
297.882922	0.06207
298.134938	0.06205
298.386954	0.06246
298.63897	0.06278
298.890986	0.06272
299.143002	0.06234
299.395018	0.062
299.647034	0.06164
299.89905	0.06104
300.151066	0.06024
300.403082	0.05953
300.655098	0.05912
300.907114	0.05876
301.15913	0.05857
301.411146	0.05892
301.663162	0.05923
301.915178	0.05869
302.167194	0.05797
302.41921	0.05781
302.671226	0.05856
302.923242	0.06049
303.175258	0.05887
303.427274	0.05781
303.67929	0.05767
303.931306	0.05708
304.183322	0.05648
304.435338	0.05573
304.687354	0.05537
304.93937	0.05563
305.191386	0.05529
305.443402	0.05523
305.695418	0.05536
305.947434	0.05462
306.19945	0.0542
306.451466	0.05366
306.703482	0.05271
306.955498	0.05238
307.207514	0.05269
307.45953	0.05305
307.711546	0.05291
307.963562	0.05247
308.215578	0.05199
308.467594	0.05157
308.71961	0.0517
308.971626	0.05188
309.223642	0.05127
309.475658	0.05053
309.727674	0.05035
309.97969	0.0503
310.231706	0.05018
310.483722	0.04974
310.735738	0.04945
310.987754	0.04931
311.23977	0.04886
311.491786	0.04897
311.743802	0.04913
311.995818	0.04887
312.247834	0.04788
312.49985	0.04632
312.751866	0.04717
313.003882	0.04809
313.255898	0.0458
313.507914	0.04583
313.75993	0.04673
314.011946	0.04516
314.263962	0.04451
314.515978	0.04551
314.767994	0.04625
315.02001	0.04546
315.272026	0.04564
315.524042	0.04548
315.776058	0.04379
316.028074	0.04419
316.28009	0.04366
316.532106	0.04318
316.784122	0.04404
317.036138	0.04432
317.288154	0.04435
317.54017	0.043
317.792186	0.04265
318.044202	0.04255
318.296218	0.04207
318.548234	0.04202
318.80025	0.04162
319.052266	0.04113
319.304282	0.04143
319.556298	0.04217
319.808314	0.04218
320.06033	0.04192
320.312346	0.04182
320.564362	0.04129
320.816378	0.04107
321.068394	0.04081
321.32041	0.04022
321.572426	0.04034
321.824442	0.0403
322.076458	0.04007
322.328474	0.03971
322.58049	0.03919
322.832506	0.0389
323.084522	0.03926
323.336538	0.03939
323.588554	0.03973
323.84057	0.03955
324.092586	0.03809
324.344602	0.03814
324.596618	0.03821
324.848634	0.03825
325.10065	0.03828
325.352666	0.0381
325.604682	0.03782
325.856698	0.03757
326.108714	0.03763
326.36073	0.03762
326.612746	0.03762
326.864762	0.03746
327.116778	0.0378
327.368794	0.03928
327.62081	0.0393
327.872826	0.03794
328.124842	0.03749
328.376858	0.03707
328.628874	0.03699
328.88089	0.03666
329.132906	0.03641
329.384922	0.03643
329.636938	0.03662
329.888954	0.03663
330.14097	0.03644
330.392986	0.03629
330.645002	0.03619
330.897018	0.03614
331.149034	0.03606
331.40105	0.03579
331.653066	0.03565
331.905082	0.03549
332.157098	0.03491
332.409114	0.03469
332.66113	0.03468
332.913146	0.0344
333.165162	0.03407
333.417178	0.03429
333.669194	0.03454
333.92121	0.03465
334.173226	0.03451
334.425242	0.03419
334.677258	0.03446
334.929274	0.03482
335.18129	0.0347
335.433306	0.03443
335.685322	0.03425
335.937338	0.03413
336.189354	0.03415
336.44137	0.03421
336.693386	0.03417
336.945402	0.03418
337.197418	0.03433
337.449434	0.03449
337.70145	0.03444
337.953466	0.03406
338.205482	0.03391
338.457498	0.03374
338.709514	0.03348
338.96153	0.03331
339.213546	0.0331
339.465562	0.03302
339.717578	0.0327
339.969594	0.03231
340.22161	0.03223
340.473626	0.03217
340.725642	0.03195
340.977658	0.03197
341.229674	0.03212
341.48169	0.03227
341.733706	0.03224
341.985722	0.03204
342.237738	0.03201
342.489754	0.03198
342.74177	0.03181
342.993786	0.03168
343.245802	0.0315
343.497818	0.0314
343.749834	0.03142
344.00185	0.03115
344.253866	0.03087
344.505882	0.03094
344.757898	0.03106
345.009914	0.03108
345.26193	0.03105
345.513946	0.0309
345.765962	0.03073
346.017978	0.03053
346.269994	0.03048
346.52201	0.03051
346.774026	0.03048
347.026042	0.03089
347.278058	0.03103
347.530074	0.03064
347.78209	0.03056
348.034106	0.03062
348.286122	0.03038
348.538138	0.03009
348.790154	0.03026
349.04217	0.03044
349.294186	0.03015
349.546202	0.03017
349.798218	0.03037
350.050234	0.02968
350.30225	0.02942
350.554266	0.02936
350.806282	0.02905
351.058298	0.02863
351.310314	0.02841
351.56233	0.02813
351.814346	0.02768
352.066362	0.02786
352.318378	0.02841
352.570394	0.02856
352.82241	0.02849
353.074426	0.02838
353.326442	0.02826
353.578458	0.02827
353.830474	0.0282
354.08249	0.02824
354.334506	0.02815
354.586522	0.02776
354.838538	0.0273
355.090554	0.02751
355.34257	0.02795
355.594586	0.02813
355.846602	0.02832
356.098618	0.02846
356.350634	0.02831
356.60265	0.02813
356.854666	0.02831
357.106682	0.02832
357.358698	0.02804
357.610714	0.02798
357.86273	0.0276
358.114746	0.02758
358.366762	0.02771
358.618778	0.02775
358.870794	0.02769
359.12281	0.02727
359.374826	0.02724
359.626842	0.02727
359.878858	0.02694
360.130874	0.02678
360.38289	0.0268
360.634906	0.02667
360.886922	0.02643
361.138938	0.02642
361.390954	0.02664
361.64297	0.02658
361.894986	0.02661
362.147002	0.02639
362.399018	0.02604
362.651034	0.02634
362.90305	0.02674
363.155066	0.02691
363.407082	0.02691
363.659098	0.02677
363.911114	0.02654
364.16313	0.02679
364.415146	0.02695
364.667162	0.0266
364.919178	0.02619
365.171194	0.02579
365.42321	0.02577
365.675226	0.02588
365.927242	0.02591
366.179258	0.02601
366.431274	0.02607
366.68329	0.0263
366.935306	0.02646
367.187322	0.02623
367.439338	0.02651
367.691354	0.02665
367.94337	0.02635
368.195386	0.02645
368.447402	0.02639
368.699418	0.02625
368.951434	0.02619
369.20345	0.02612
369.455466	0.02582
369.707482	0.0258
369.959498	0.02615
370.211514	0.02579
370.46353	0.02556
370.715546	0.02545
370.967562	0.02562
371.219578	0.02581
371.471594	0.02553
371.72361	0.02554
371.975626	0.02569
372.227642	0.02583
372.479658	0.02559
372.731674	0.02547
372.98369	0.02577
373.235706	0.02562
373.487722	0.02557
373.739738	0.02573
373.991754	0.02576
374.24377	0.02604
374.495786	0.02606
374.747802	0.02552
374.999818	0.02556
375.251834	0.02564
375.50385	0.02554
375.755866	0.02506
376.007882	0.02464
376.259898	0.02476
376.511914	0.02493
376.76393	0.02576
377.015946	0.02609
377.267962	0.02582
377.519978	0.02579
377.771994	0.02574
378.02401	0.02553
378.276026	0.02538
378.528042	0.02526
378.780058	0.0253
379.032074	0.02531
379.28409	0.0251
379.536106	0.02562
379.788122	0.02582
380.040138	0.02568
380.292154	0.02579
380.54417	0.02523
380.796186	0.02513
381.048202	0.02546
381.300218	0.02541
381.552234	0.02567
381.80425	0.02593
382.056266	0.02552
382.308282	0.02411
382.560298	0.02469
382.812314	0.0257
383.06433	0.02565
383.316346	0.02623
383.568362	0.02589
383.820378	0.0265
384.072394	0.02691
384.32441	0.02592
384.576426	0.0251
384.828442	0.02534
385.080458	0.02621
385.332474	0.02549
385.58449	0.02539
385.836506	0.02588
386.088522	0.02551
386.340538	0.02512
386.592554	0.02526
386.84457	0.02543
387.096586	0.02566
387.348602	0.02565
387.600618	0.0244
387.852634	0.02463
388.10465	0.02418
388.356666	0.02318
388.608682	0.02373
388.860698	0.0246
389.112714	0.02503
389.36473	0.0243
389.616746	0.02382
389.868762	0.02409
390.120778	0.02444
390.372794	0.02409
390.62481	0.02382
390.876826	0.02417
391.128842	0.02418
391.380858	0.02363
391.632874	0.02335
391.88489	0.02312
392.136906	0.02288
392.388922	0.02338
392.640938	0.02402
392.892954	0.02342
393.14497	0.02279
393.396986	0.02271
393.649002	0.0233
393.901018	0.0243
394.153034	0.02381
394.40505	0.02277
394.657066	0.02277
394.909082	0.02278
395.161098	0.02236
395.413114	0.02184
395.66513	0.02164
395.917146	0.02193
396.169162	0.02187
396.421178	0.02115
396.673194	0.02085
396.92521	0.02173
397.177226	0.02334
397.429242	0.02338
397.681258	0.02089
397.933274	0.01961
398.18529	0.01934
398.437306	0.01959
398.689322	0.02061
398.941338	0.0211
399.193354	0.02098
399.44537	0.02074
399.697386	0.02019
399.949402	0.01983
400.201418	0.02004
400.453434	0.02009
400.70545	0.0197
400.957466	0.01942
401.209482	0.01985
401.461498	0.01982
401.713514	0.01941
401.96553	0.01949
402.217546	0.01928
402.469562	0.01943
402.721578	0.01953
402.973594	0.01913
403.22561	0.01944
403.477626	0.0194
403.729642	0.01888
403.981658	0.01826
404.233674	0.01771
404.48569	0.01772
404.737706	0.01804
404.989722	0.01783
405.241738	0.01787
405.493754	0.01835
405.74577	0.01818
405.997786	0.01801
406.249802	0.0184
406.501818	0.01879
406.753834	0.01861
407.00585	0.01837
407.257866	0.01787
407.509882	0.01767
407.761898	0.0181
408.013914	0.01833
408.26593	0.01847
408.517946	0.01796
408.769962	0.01816
409.021978	0.01868
409.273994	0.01866
409.52601	0.01847
409.778026	0.01772
410.030042	0.01771
410.282058	0.0178
410.534074	0.01762
410.78609	0.01794
411.038106	0.01812
411.290122	0.01754
411.542138	0.01708
411.794154	0.01719
412.04617	0.01743
412.298186	0.0175
412.550202	0.0175
412.802218	0.01756
413.054234	0.01726
413.30625	0.01713
413.558266	0.01712
413.810282	0.01711
414.062298	0.01701
414.314314	0.01708
414.56633	0.01733
414.818346	0.0171
415.070362	0.01689
415.322378	0.01661
415.574394	0.01621
415.82641	0.01568
416.078426	0.01513
416.330442	0.01508
416.582458	0.01504
416.834474	0.01519
417.08649	0.01547
417.338506	0.01613
417.590522	0.0171
417.842538	0.017
418.094554	0.01676
418.34657	0.01672
418.598586	0.01698
418.850602	0.01712
419.102618	0.01672
419.354634	0.01685
419.60665	0.01723
419.858666	0.0174
420.110682	0.01742
420.362698	0.01734
420.614714	0.0168
420.86673	0.0169
421.118746	0.01708
421.370762	0.01694
421.622778	0.0168
421.874794	0.01652
422.12681	0.0164
422.378826	0.01708
422.630842	0.01755
422.882858	0.01768
423.134874	0.01816
423.38689	0.01809
423.638906	0.01785
423.890922	0.01766
424.142938	0.01771
424.394954	0.01748
424.64697	0.01712
424.898986	0.01718
425.151002	0.01751
425.403018	0.01781
425.655034	0.01822
425.90705	0.0185
426.159066	0.0183
426.411082	0.01861
426.663098	0.01884
426.915114	0.01846
427.16713	0.01819
427.419146	0.01838
427.671162	0.0186
427.923178	0.01892
428.175194	0.0192
428.42721	0.01899
428.679226	0.01907
428.931242	0.01926
429.183258	0.01932
429.435274	0.01905
429.68729	0.01903
429.939306	0.01925
430.191322	0.01931
430.443338	0.0194
430.695354	0.01979
430.94737	0.02001
431.199386	0.01982
431.451402	0.01997
431.703418	0.01991
431.955434	0.01993
432.20745	0.02005
432.459466	0.02017
432.711482	0.0204
432.963498	0.02017
433.215514	0.01994
433.46753	0.02019
433.719546	0.02046
433.971562	0.02026
434.223578	0.02019
434.475594	0.02031
434.72761	0.02038
434.979626	0.0204
435.231642	0.02047
435.483658	0.02076
435.735674	0.02098
435.98769	0.02129
436.239706	0.02122
436.491722	0.0205
436.743738	0.02049
436.995754	0.02062
437.24777	0.0207
437.499786	0.02112
437.751802	0.02099
438.003818	0.02105
438.255834	0.02107
438.50785	0.02081
438.759866	0.02106
439.011882	0.02127
439.263898	0.02106
439.515914	0.02068
439.76793	0.02024
440.019946	0.02062
440.271962	0.02103
440.523978	0.02091
440.775994	0.02098
441.02801	0.02077
441.280026	0.02108
441.532042	0.02139
441.784058	0.0212
442.036074	0.02141
442.28809	0.02144
442.540106	0.02112
442.792122	0.02105
443.044138	0.02075
443.296154	0.02046
443.54817	0.02091
443.800186	0.0212
444.052202	0.02116
444.304218	0.0215
444.556234	0.02148
444.80825	0.02114
445.060266	0.02133
445.312282	0.02133
445.564298	0.02141
445.816314	0.02161
446.06833	0.02158
446.320346	0.02105
446.572362	0.02037
446.824378	0.02004
447.076394	0.01989
447.32841	0.0208
447.580426	0.02125
447.832442	0.02145
448.084458	0.0216
448.336474	0.02123
448.58849	0.02136
448.840506	0.0212
449.092522	0.02134
449.344538	0.02207
449.596554	0.02284
449.84857	0.0231
450.100586	0.02245
450.352602	0.0222
450.604618	0.022
450.856634	0.02125
451.10865	0.02142
451.360666	0.02132
451.612682	0.021
451.864698	0.02081
452.116714	0.02056
452.36873	0.02163
452.620746	0.02236
452.872762	0.02252
453.124778	0.02261
453.376794	0.02196
453.62881	0.02127
453.880826	0.02153
454.132842	0.02203
454.384858	0.02283
454.636874	0.02279
454.88889	0.02247
455.140906	0.02268
455.392922	0.02275
455.644938	0.02328
455.896954	0.02334
456.14897	0.02329
456.400986	0.02392
456.653002	0.02482
456.905018	0.02524
457.157034	0.02475
457.40905	0.02442
457.661066	0.02499
457.913082	0.02532
458.165098	0.02516
458.417114	0.02567
458.66913	0.02623
458.921146	0.02602
459.173162	0.0257
459.425178	0.0265
459.677194	0.02709
459.92921	0.0251
460.181226	0.02366
460.433242	0.02367
460.685258	0.02395
460.937274	0.02359
461.18929	0.02365
461.441306	0.02404
461.693322	0.024
461.945338	0.0247
462.197354	0.02525
462.44937	0.02547
462.701386	0.02542
462.953402	0.02535
463.205418	0.02562
463.457434	0.02589
463.70945	0.02545
463.961466	0.02482
464.213482	0.02518
464.465498	0.02476
464.717514	0.02445
464.96953	0.02518
465.221546	0.02441
465.473562	0.02386
465.725578	0.02454
465.977594	0.02493
466.22961	0.02538
466.481626	0.02547
466.733642	0.02536
466.985658	0.02513
467.237674	0.02442
467.48969	0.02397
467.741706	0.02421
467.993722	0.02385
468.245738	0.02408
468.497754	0.02491
468.74977	0.02508
469.001786	0.02437
469.253802	0.02386
469.505818	0.02432
469.757834	0.02415
470.00985	0.02371
470.261866	0.02389
470.513882	0.0236
470.765898	0.02438
471.017914	0.02536
471.26993	0.02512
471.521946	0.02458
471.773962	0.02424
472.025978	0.02458
472.277994	0.02396
472.53001	0.02278
472.782026	0.02263
473.034042	0.02341
473.286058	0.02247
473.538074	0.02164
473.79009	0.02185
474.042106	0.02166
474.294122	0.02291
474.546138	0.02247
474.798154	0.02289
475.05017	0.02596
475.302186	0.02635
475.554202	0.02525
475.806218	0.02399
476.058234	0.02361
476.31025	0.02269
476.562266	0.02146
476.814282	0.02215
477.066298	0.02494
477.318314	0.02625
477.57033	0.02585
477.822346	0.02493
478.074362	0.02482
478.326378	0.02479
478.578394	0.0229
478.83041	0.02331
479.082426	0.02406
479.334442	0.02401
479.586458	0.02381
479.838474	0.02368
480.09049	0.02429
480.342506	0.02445
480.594522	0.02353
480.846538	0.02238
481.098554	0.022
481.35057	0.02268
481.602586	0.0239
481.854602	0.02371
482.106618	0.02266
482.358634	0.0221
482.61065	0.02168
482.862666	0.02179
483.114682	0.02216
483.366698	0.02214
483.618714	0.02205
483.87073	0.02191
484.122746	0.02208
484.374762	0.02209
484.626778	0.02167
484.878794	0.02169
485.13081	0.0222
485.382826	0.02224
485.634842	0.02202
485.886858	0.02194
486.138874	0.02208
486.39089	0.02223
486.642906	0.02237
486.894922	0.02229
487.146938	0.02203
487.398954	0.02208
487.65097	0.02218
487.902986	0.0221
488.155002	0.0219
488.407018	0.02212
488.659034	0.02206
488.91105	0.02168
489.163066	0.02189
489.415082	0.02211
489.667098	0.02176
489.919114	0.02172
490.17113	0.02197
490.423146	0.02185
490.675162	0.0216
490.927178	0.02179
491.179194	0.02189
491.43121	0.02168
491.683226	0.02162
491.935242	0.02208
492.187258	0.0222
492.439274	0.02195
492.69129	0.02181
492.943306	0.02159
493.195322	0.02162
493.447338	0.0218
493.699354	0.02189
493.95137	0.02185
494.203386	0.02183
494.455402	0.02177
494.707418	0.0221
494.959434	0.02254
495.21145	0.02263
495.463466	0.02255
495.715482	0.02257
495.967498	0.02264
496.219514	0.02286
496.47153	0.02328
496.723546	0.02343
496.975562	0.02318
497.227578	0.02299
497.479594	0.02324
497.73161	0.02347
497.983626	0.02331
498.235642	0.0232
498.487658	0.02334
498.739674	0.02322
498.99169	0.02354
499.243706	0.02383
499.495722	0.02387
499.747738	0.02423
499.999754	0.02387
500.25177	0.02351
500.503786	0.02365
500.755802	0.02379
501.007818	0.02376
501.259834	0.02394
501.51185	0.02425
501.763866	0.02413
502.015882	0.02403
502.267898	0.0241
502.519914	0.02429
502.77193	0.02455
503.023946	0.02466
503.275962	0.02463
503.527978	0.0245
503.779994	0.02445
504.03201	0.02439
504.284026	0.0243
504.536042	0.02451
504.788058	0.02473
505.040074	0.02464
505.29209	0.02455
505.544106	0.02444
505.796122	0.02421
506.048138	0.02389
506.300154	0.02376
506.55217	0.02403
506.804186	0.02421
507.056202	0.02413
507.308218	0.02382
507.560234	0.0238
507.81225	0.02394
508.064266	0.02419
508.316282	0.02436
508.568298	0.02435
508.820314	0.02436
509.07233	0.02458
509.324346	0.02488
509.576362	0.02499
509.828378	0.02495
510.080394	0.02502
510.33241	0.02509
510.584426	0.02513
510.836442	0.02516
511.088458	0.02518
511.340474	0.02532
511.59249	0.02556
511.844506	0.02584
512.096522	0.02604
512.348538	0.02644
512.600554	0.02664
512.85257	0.02672
513.104586	0.02708
513.356602	0.02743
513.608618	0.02751
513.860634	0.02757
514.11265	0.02749
514.364666	0.02755
514.616682	0.02796
514.868698	0.02828
515.120714	0.02844
515.37273	0.02843
515.624746	0.02857
515.876762	0.02884
516.128778	0.02895
516.380794	0.02895
516.63281	0.02914
516.884826	0.02931
517.136842	0.02936
517.388858	0.02941
517.640874	0.02927
517.89289	0.02924
518.144906	0.02932
518.396922	0.02935
518.648938	0.02938
518.900954	0.02957
519.15297	0.02985
519.404986	0.02991
519.657002	0.02988
519.909018	0.02998
520.161034	0.03009
520.41305	0.03028
520.665066	0.03042
520.917082	0.03035
521.169098	0.03038
521.421114	0.03063
521.67313	0.03075
521.925146	0.03069
522.177162	0.03063
522.429178	0.03087
522.681194	0.03125
522.93321	0.03129
523.185226	0.0314
523.437242	0.03144
523.689258	0.03133
523.941274	0.03137
524.19329	0.03141
524.445306	0.03169
524.697322	0.03199
524.949338	0.03176
525.201354	0.03183
525.45337	0.0322
525.705386	0.03207
525.957402	0.03209
526.209418	0.0322
526.461434	0.03224
526.71345	0.03241
526.965466	0.03225
527.217482	0.03238
527.469498	0.03244
527.721514	0.0322
527.97353	0.03251
528.225546	0.03263
528.477562	0.03269
528.729578	0.03271
528.981594	0.03267
529.23361	0.03289
529.485626	0.03298
529.737642	0.03306
529.989658	0.03307
530.241674	0.0333
530.49369	0.03356
530.745706	0.03358
530.997722	0.0336
531.249738	0.03369
531.501754	0.03375
531.75377	0.03363
532.005786	0.03365
532.257802	0.03371
532.509818	0.034
532.761834	0.03417
533.01385	0.03431
533.265866	0.03466
533.517882	0.03463
533.769898	0.03456
534.021914	0.03459
534.27393	0.03463
534.525946	0.03476
534.777962	0.03492
535.029978	0.03499
535.281994	0.03507
535.53401	0.03533
535.786026	0.0352
536.038042	0.03509
536.290058	0.03531
536.542074	0.03526
536.79409	0.03531
537.046106	0.03547
537.298122	0.03558
537.550138	0.03571
537.802154	0.03583
538.05417	0.03581
538.306186	0.03582
538.558202	0.03607
538.810218	0.03619
539.062234	0.03599
539.31425	0.03597
539.566266	0.03619
539.818282	0.03629
540.070298	0.03633
540.322314	0.0364
540.57433	0.03654
540.826346	0.03657
541.078362	0.03672
541.330378	0.0368
541.582394	0.03671
541.83441	0.03682
542.086426	0.0369
542.338442	0.03704
542.590458	0.03723
542.842474	0.0373
543.09449	0.03735
543.346506	0.03725
543.598522	0.03718
543.850538	0.03726
544.102554	0.03732
544.35457	0.03759
544.606586	0.03777
544.858602	0.03783
545.110618	0.03793
545.362634	0.0379
545.61465	0.03778
545.866666	0.03792
546.118682	0.03805
546.370698	0.03808
546.622714	0.03809
546.87473	0.03802
547.126746	0.03813
547.378762	0.03842
547.630778	0.03864
547.882794	0.03864
548.13481	0.03864
548.386826	0.03866
548.638842	0.03866
548.890858	0.03896
549.142874	0.03939
549.39489	0.03937
549.646906	0.03925
549.898922	0.03953
550.150938	0.03961
550.402954	0.03965
550.65497	0.03983
550.906986	0.03973
551.159002	0.03992
551.411018	0.04023
551.663034	0.04028
551.91505	0.0403
552.167066	0.04042
552.419082	0.04042
552.671098	0.04052
552.923114	0.04086
553.17513	0.04114
553.427146	0.04112
553.679162	0.04115
553.931178	0.04125
554.183194	0.04117
554.43521	0.04131
554.687226	0.04152
554.939242	0.04158
555.191258	0.04148
555.443274	0.04163
555.69529	0.04189
555.947306	0.04202
556.199322	0.04216
556.451338	0.04236
556.703354	0.04248
556.95537	0.04255
557.207386	0.04265
557.459402	0.04271
557.711418	0.04284
557.963434	0.04311
558.21545	0.04335
558.467466	0.04338
558.719482	0.04368
558.971498	0.04389
559.223514	0.0438
559.47553	0.0439
559.727546	0.04407
559.979562	0.04428
560.231578	0.04421
560.483594	0.04411
560.73561	0.04431
560.987626	0.04449
561.239642	0.04466
561.491658	0.04475
561.743674	0.04487
561.99569	0.04471
562.247706	0.04452
562.499722	0.04485
562.751738	0.04502
563.003754	0.04492
563.25577	0.04451
563.507786	0.04444
563.759802	0.04481
564.011818	0.04466
564.263834	0.0445
564.51585	0.04461
564.767866	0.04483
565.019882	0.04491
565.271898	0.04473
565.523914	0.04475
565.77593	0.04504
566.027946	0.04506
566.279962	0.04488
566.531978	0.04517
566.783994	0.04548
567.03601	0.04548
567.288026	0.04541
567.540042	0.04527
567.792058	0.0451
568.044074	0.04505
568.29609	0.04511
568.548106	0.04526
568.800122	0.04527
569.052138	0.04511
569.304154	0.04479
569.55617	0.04477
569.808186	0.0454
570.060202	0.04556
570.312218	0.0456
570.564234	0.04563
570.81625	0.04538
571.068266	0.04524
571.320282	0.04518
571.572298	0.0453
571.824314	0.04577
572.07633	0.04578
572.328346	0.04534
572.580362	0.04558
572.832378	0.04551
573.084394	0.04527
573.33641	0.04536
573.588426	0.04528
573.840442	0.045
574.092458	0.04491
574.344474	0.04551
574.59649	0.0456
574.848506	0.04543
575.100522	0.04582
575.352538	0.04594
575.604554	0.04632
575.85657	0.04592
576.108586	0.04545
576.360602	0.04601
576.612618	0.04641
576.864634	0.04652
577.11665	0.04609
577.368666	0.04602
577.620682	0.04697
577.872698	0.04746
578.124714	0.04738
578.37673	0.04727
578.628746	0.04678
578.880762	0.04652
579.132778	0.04636
579.384794	0.04658
579.63681	0.04759
579.888826	0.04805
580.140842	0.04816
580.392858	0.04822
580.644874	0.04817
580.89689	0.04841
581.148906	0.04813
581.400922	0.04766
581.652938	0.04704
581.904954	0.04706
582.15697	0.0475
582.408986	0.04741
582.661002	0.04758
582.913018	0.04769
583.165034	0.04775
583.41705	0.04819
583.669066	0.04864
583.921082	0.04839
584.173098	0.04842
584.425114	0.04835
584.67713	0.04829
584.929146	0.04877
585.181162	0.04885
585.433178	0.04893
585.685194	0.04913
585.93721	0.04884
586.189226	0.04894
586.441242	0.04934
586.693258	0.04951
586.945274	0.04967
587.19729	0.04923
587.449306	0.04883
587.701322	0.04915
587.953338	0.0497
588.205354	0.04958
588.45737	0.04988
588.709386	0.05051
588.961402	0.05075
589.213418	0.05264
589.465434	0.05106
589.71745	0.04733
589.969466	0.04844
590.221482	0.04914
590.473498	0.05034
590.725514	0.05104
590.97753	0.05075
591.229546	0.05161
591.481562	0.0513
591.733578	0.05131
591.985594	0.05155
592.23761	0.05141
592.489626	0.05145
592.741642	0.05208
592.993658	0.05252
593.245674	0.0524
593.49769	0.05222
593.749706	0.05267
594.001722	0.05304
594.253738	0.05289
594.505754	0.05285
594.75777	0.05275
595.009786	0.0529
595.261802	0.05308
595.513818	0.05316
595.765834	0.05313
596.01785	0.05306
596.269866	0.05356
596.521882	0.05397
596.773898	0.0542
597.025914	0.05461
597.27793	0.05474
597.529946	0.05488
597.781962	0.05497
598.033978	0.05504
598.285994	0.05502
598.53801	0.05548
598.790026	0.05506
599.042042	0.05485
599.294058	0.05608
599.546074	0.05665
599.79809	0.05669
600.050106	0.05627
600.302122	0.05563
600.554138	0.05609
600.806154	0.05704
601.05817	0.05749
601.310186	0.0573
601.562202	0.05781
601.814218	0.05823
602.6659	0.05617
608.517025	0.05971
614.36815	0.06337
620.219275	0.06716
626.0704	0.06976
631.921525	0.07171
637.77265	0.07372
643.623775	0.07466
649.4749	0.07638
655.326025	0.07811
661.17715	0.08
667.028275	0.08182
672.8794	0.084
678.730525	0.08695
684.58165	0.08943
690.432775	0.09128
696.2839	0.09114
702.135025	0.08906
707.98615	0.0858
713.837275	0.08184
719.6884	0.07506
725.539525	0.06754
731.39065	0.06597
737.241775	0.07226
743.0929	0.08459
748.944025	0.09337
754.79515	0.09519
760.646275	0.0959
766.4974	0.09653
772.348525	0.09724
778.19965	0.09807
784.050775	0.09686
789.9019	0.095
795.753025	0.09408
801.60415	0.09523
807.455275	0.09607
813.3064	0.09538
819.157525	0.09455
825.00865	0.09381
830.859775	0.09144
836.7109	0.08824
842.562025	0.0839
848.41315	0.08016
854.264275	0.08052
860.1154	0.08173
865.966525	0.0811
871.81765	0.08244
877.668775	0.08587
883.5199	0.0861
889.371025	0.0841
895.22215	0.08252
901.073275	0.08096
906.9244	0.08025
912.775525	0.07978
918.62665	0.07903
924.477775	0.07797
930.3289	0.07806
936.180025	0.07876
942.03115	0.0791
947.882275	0.07878
953.7334	0.0783
959.584525	0.07712
965.43565	0.07381
971.286775	0.07133
977.1379	0.07404
982.989025	0.07696
988.84015	0.0767
994.691275	0.07584
1000.5424	0.07345
1006.393525	0.06966
1012.24465	0.06149
1018.095775	0.05177
1023.9469	0.05451
1029.798025	0.06458
1035.64915	0.06789
1041.500275	0.06738
1047.3514	0.06701
1053.202525	0.06614
1059.05365	0.06536
1064.904775	0.06317
1070.7559	0.06056
1076.607025	0.05561
1082.45815	0.04914
1088.309275	0.04215
1094.1604	0.03545
1100.011525	0.03074
1105.86265	0.02886
1111.713775	0.02895
1117.5649	0.02799
1123.416025	0.02637
1129.26715	0.029
1135.118275	0.03972
1140.9694	0.05377
1146.820525	0.06395
1152.67165	0.06997
1158.522775	0.0731
1164.3739	0.07397
1170.225025	0.0736
1176.07615	0.07309
1181.927275	0.07334
1187.7784	0.07256
1193.629525	0.07006
1199.48065	0.06672
1205.331775	0.06288
1211.1829	0.05961
1217.034025	0.05583
1222.88515	0.05088
1228.736275	0.04519
1234.5874	0.03666
1240.438525	0.02496
1246.28965	0.01579
1252.140775	0.01242
1257.9919	0.01241
1263.843025	0.01354
1269.69415	0.01659
1275.545275	0.02212
1281.3964	0.03002
1287.247525	0.03838
1293.09865	0.04678
1298.949775	0.05564
1304.8009	0.06277
1310.652025	0.0679
1316.50315	0.07095
1322.354275	0.07152
1328.2054	0.06879
1334.056525	0.05841
1339.90765	0.04815
1345.758775	0.05484
1351.6099	0.06757
1357.461025	0.07186
1363.31215	0.0725
1369.163275	0.07155
1375.0144	0.07109
1380.865525	0.07033
1386.71665	0.07022
1392.567775	0.06967
1398.4189	0.06703
1404.270025	0.06048
1410.12115	0.05771
1415.972275	0.06595
1421.8234	0.07366
1427.674525	0.07493
1433.52565	0.07418
1439.376775	0.07309
1445.2279	0.0722
1451.079025	0.07176
1456.93015	0.07107
1462.781275	0.07017
1468.6324	0.06861
1474.483525	0.06864
1480.33465	0.07077
1486.185775	0.07136
1492.0369	0.07105
1497.888025	0.06851
1503.73915	0.06556
1509.590275	0.06707
1515.4414	0.06915
1521.292525	0.06834
1527.14365	0.06771
1532.994775	0.06756
1538.8459	0.06688
1544.697025	0.06637
1550.54815	0.06599
1556.399275	0.06542
1562.2504	0.06513
1568.101525	0.06496
1573.95265	0.0644
1579.803775	0.0642
1585.6549	0.06471
1591.506025	0.06495
1597.35715	0.06486
1603.208275	0.0648
1609.0594	0.06478
1614.910525	0.06465
1620.76165	0.06484
1626.612775	0.06505
1632.4639	0.06485
1638.315025	0.06435
1644.16615	0.06432
1650.017275	0.06444
1655.8684	0.06432
1661.719525	0.06403
1667.57065	0.0631
1673.421775	0.06213
1679.2729	0.06128
1685.124025	0.06103
1690.97515	0.06059
1696.826275	0.059
1702.6774	0.05398
1708.528525	0.03911
1714.37965	0.02042
1720.230775	0.01288
1726.0819	0.01671
1731.933025	0.02552
1737.78415	0.04012
1743.635275	0.05619
1749.4864	0.06679
1755.337525	0.07033
1761.18865	0.07089
1767.039775	0.07107
1772.8909	0.0712
1778.742025	0.07098
1784.59315	0.07039
1790.444275	0.07025
1796.2954	0.07044
1802.146525	0.07034
1807.99765	0.06999
1813.848775	0.06998
1819.6999	0.0701
1825.551025	0.07
1831.40215	0.0699
1837.253275	0.06981
1843.1044	0.07008
1848.955525	0.07022
1854.80665	0.0706
1860.657775	0.07103
1866.5089	0.07134
1872.360025	0.07153
1878.21115	0.07178
1884.062275	0.07234
1889.9134	0.07249
1895.764525	0.07267
1901.61565	0.07294
1907.466775	0.07312
1913.3179	0.07338
1919.169025	0.07364
1925.02015	0.07392
1930.871275	0.07416
1936.7224	0.07435
1942.573525	0.07431
1948.42465	0.07435
1954.275775	0.07431
1960.1269	0.07414
1965.978025	0.07435
1971.82915	0.07505
1977.680275	0.07542
1983.5314	0.07553
1989.382525	0.0759
1995.23365	0.07597
2001.084775	0.07602
2006.9359	0.07646
2012.787025	0.07648
2018.63815	0.0765
2024.489275	0.07688
2030.3404	0.07706
2036.191525	0.07725
2042.04265	0.07765
2047.893775	0.07804
2053.7449	0.07842
2059.596025	0.07867
2065.44715	0.07864
2071.298275	0.07854
2077.1494	0.07887
2083.000525	0.07897
2088.85165	0.07881
2094.702775	0.07868
2100.5539	0.07863
2106.405025	0.07855
2112.25615	0.07855
2118.107275	0.07879
2123.9584	0.07908
2129.809525	0.07919
2135.66065	0.07898
2141.511775	0.07886
2147.3629	0.07909
2153.214025	0.07911
2159.06515	0.07909
2164.916275	0.07878
2170.7674	0.07887
2176.618525	0.07898
2182.46965	0.07877
2188.320775	0.07877
2194.1719	0.07896
2200.023025	0.07932
2205.87415	0.07961
2211.725275	0.07948
2217.5764	0.0792
2223.427525	0.07947
2229.27865	0.08009
2235.129775	0.08024
2240.9809	0.08034
2246.832025	0.08033
2252.68315	0.08031
2258.534275	0.08014
2264.3854	0.08016
2270.236525	0.08039
2276.08765	0.08025
2281.938775	0.08027
2287.7899	0.08034
2293.641025	0.08015
2299.49215	0.07998
2305.343275	0.07986
2311.1944	0.07987
2317.045525	0.08001
2322.89665	0.07984
2328.747775	0.07947
2334.5989	0.07963
2340.450025	0.07987
2346.30115	0.07989
2352.152275	0.07963
2358.0034	0.07942
2363.854525	0.07929
2369.70565	0.07934
2375.556775	0.07937
2381.4079	0.07927
2387.259025	0.07932
2393.11015	0.07911
2398.961275	0.07868
2404.8124	0.07853
2410.663525	0.07865
2416.51465	0.07885
2422.365775	0.07879
2428.2169	0.07891
2434.068025	0.07921
2439.91915	0.07929
2445.770275	0.07938
2451.6214	0.07932
2457.472525	0.07926
2463.32365	0.07921
2469.174775	0.07917
2475.0259	0.07949
2480.877025	0.07969
2486.72815	0.07971
2492.579275	0.07962
2498.4304	0.07945
2504.281525	0.07936
2510.13265	0.07941
2515.983775	0.07914
2521.8349	0.07884
2527.686025	0.07859
2533.53715	0.07869
2539.388275	0.07891
2545.2394	0.07869
2551.090525	0.07861
2556.94165	0.07863
2562.792775	0.07856
2568.6439	0.07839
2574.495025	0.07834
2580.34615	0.07847
2586.197275	0.07852
2592.0484	0.07854
2597.899525	0.07841
2603.75065	0.07854
2609.601775	0.07858
2615.4529	0.07842
2621.304025	0.07829
2627.15515	0.07819
2633.006275	0.07809
2638.8574	0.07813
2644.708525	0.07799
2650.55965	0.07765
2656.410775	0.0779
2662.2619	0.07791
2668.113025	0.07763
2673.96415	0.07799
2679.815275	0.07823
2685.6664	0.0782
2691.517525	0.07813
2697.36865	0.07818
2703.219775	0.07817
2709.0709	0.07822
2714.922025	0.07834
2720.77315	0.07817
2726.624275	0.07822
2732.4754	0.07853
2738.326525	0.07841
2744.17765	0.07817
2750.028775	0.0784
2755.8799	0.07869
2761.731025	0.0785
2767.58215	0.07853
2773.433275	0.07846
2779.2844	0.07871
2785.135525	0.079
2790.98665	0.07868
2796.837775	0.07865
2802.6889	0.07893
2808.540025	0.0789
2814.39115	0.07902
2820.242275	0.07891
2826.0934	0.07868
2831.944525	0.07886
2837.79565	0.07894
2843.646775	0.07862
2849.4979	0.07834
2855.349025	0.07814
2861.20015	0.07802
2867.051275	0.07809
2872.9024	0.07824
2878.753525	0.07829
2884.60465	0.07814
2890.455775	0.07764
2896.3069	0.07728
2902.158025	0.07719
2908.00915	0.07713
2913.860275	0.07759
2919.7114	0.07836
2925.562525	0.07866
2931.41365	0.07829
2937.264775	0.07814
2943.1159	0.07823
2948.967025	0.07731
2954.81815	0.07661
2960.669275	0.07606
2966.5204	0.07562
2972.371525	0.07585
2978.22265	0.07636
2984.073775	0.07678
2989.9249	0.07748
2995.776025	0.07804
3001.62715	0.07788
3007.478275	0.07781
3013.3294	0.07827
3019.180525	0.07852
3025.03165	0.07871
3030.882775	0.07927
3036.7339	0.07927
3042.585025	0.07882
3048.43615	0.07851
3054.287275	0.07837
3060.1384	0.07855
3065.989525	0.07817
3071.84065	0.07781
3077.691775	0.07787
3083.5429	0.07799
3089.394025	0.07816
3095.24515	0.07819
3101.096275	0.07793
3106.9474	0.07774
3112.798525	0.07763
3118.64965	0.07793
3124.500775	0.07812
3130.3519	0.07764
3136.203025	0.07768
3142.05415	0.07804
3147.905275	0.07769
3153.7564	0.07734
3159.607525	0.07733
3165.45865	0.07744
3171.309775	0.07724
3177.1609	0.07698
3183.012025	0.07697
3188.86315	0.07717
3194.714275	0.077
3200.5654	0.07661
3206.416525	0.07631
3212.26765	0.07609
3218.118775	0.07606
3223.9699	0.07644
3229.821025	0.0766
3235.67215	0.07627
3241.523275	0.076
3247.3744	0.07592
3253.225525	0.07588
3259.07665	0.07545
3264.927775	0.07501
3270.7789	0.07531
3276.630025	0.07542
3282.48115	0.0755
3288.332275	0.07542
3294.1834	0.07483
3300.034525	0.07477
3305.88565	0.07479
3311.736775	0.07443
3317.5879	0.07492
3323.439025	0.07468
3329.29015	0.07432
3335.141275	0.07453
3340.9924	0.07419
3346.843525	0.07437
3352.69465	0.0749
3358.545775	0.07477
3364.3969	0.07415
3370.248025	0.07366
3376.09915	0.07389
3381.950275	0.07402
3387.8014	0.07331
3393.652525	0.07286
3399.50365	0.07307
3405.354775	0.07311
3411.2059	0.07301
3417.057025	0.0723
3422.90815	0.0714
3428.759275	0.0712
3434.6104	0.07117
3440.461525	0.07124
3446.31265	0.07152
3452.163775	0.07142
3458.0149	0.07126
3463.866025	0.07112
3469.71715	0.07117
3475.568275	0.07122
3481.4194	0.07134
3487.270525	0.07162
3493.12165	0.07148
3498.972775	0.07122
3504.8239	0.07118
3510.675025	0.0707
3516.52615	0.07036
3522.377275	0.07051
3528.2284	0.07102
3534.079525	0.07064
3539.93065	0.06985
3545.781775	0.06989
3551.6329	0.0703
3557.484025	0.07036
3563.33515	0.07007
3569.186275	0.07001
3575.0374	0.07047
3580.888525	0.07061
3586.73965	0.07003
3592.590775	0.06967
3598.4419	0.06973
3604.293025	0.07015
3610.14415	0.07038
3615.995275	0.06974
3621.8464	0.06961
3627.697525	0.06956
3633.54865	0.06982
3639.399775	0.06984
3645.2509	0.06949
3651.102025	0.06953
3656.95315	0.06952
3662.804275	0.06977
3668.6554	0.0702
3674.506525	0.07008
3680.35765	0.06995
3686.208775	0.07014
3692.0599	0.0702
3697.911025	0.07064
3703.76215	0.07065
3709.613275	0.07079
3715.4644	0.07146
3721.315525	0.07071
3727.16665	0.07056
3733.017775	0.07094
3738.8689	0.07113
3744.720025	0.07127
3750.57115	0.0709
3756.422275	0.07076
3762.2734	0.07132
3768.124525	0.07151
3773.97565	0.07165
3779.826775	0.07216
3785.6779	0.07212
3791.529025	0.07231
3797.38015	0.07315
3803.231275	0.07305
3809.0824	0.07262
3814.933525	0.07317
3820.78465	0.07299
3826.635775	0.07262
3832.4869	0.07284
3838.338025	0.07301
3844.18915	0.07334
3850.040275	0.07354
3855.8914	0.0739
3861.742525	0.07415
3867.59365	0.07443
3873.444775	0.07426
3879.2959	0.07357
3885.147025	0.07361
3890.99815	0.07446
3896.849275	0.07512
3902.7004	0.07433
3908.551525	0.07389
3914.40265	0.07389
3920.253775	0.07416
3926.1049	0.07513
3931.956025	0.07466
3937.80715	0.07496
3943.658275	0.07536
3949.5094	0.07516
3955.360525	0.07521
3961.21165	0.07542
3967.062775	0.07562
3972.9139	0.07607
3978.765025	0.07588
3984.61615	0.07542
3990.467275	0.07567
3996.3184	0.07658
4002.169525	0.0765
4008.02065	0.07568
4013.871775	0.07603
4019.7229	0.07627
4025.574025	0.07631
4031.42515	0.07572
4037.276275	0.07559
4043.1274	0.07651
4048.978525	0.07706
4054.82965	0.07735
4060.680775	0.07702
4066.5319	0.07715
4072.383025	0.0774
4078.23415	0.07728
4084.085275	0.07717
4089.9364	0.07697
4095.787525	0.07725
4101.63865	0.07795
4107.489775	0.07762
4113.3409	0.07731
4119.192025	0.07834
4125.04315	0.07913
4130.894275	0.07935
4136.7454	0.07933
4142.596525	0.07954
4148.44765	0.07975
4154.298775	0.07888
4160.1499	0.07891
4166.001025	0.07891
4171.85215	0.07786
4177.703275	0.07789
4183.5544	0.07872
4189.405525	0.07922
4195.25665	0.07902
4201.107775	0.07846
4206.9589	0.07942
4212.810025	0.08017
4218.66115	0.08046
4224.512275	0.08048
4230.3634	0.07996
4236.214525	0.07993
4242.06565	0.08025
4247.916775	0.08044
4253.7679	0.08049
4259.619025	0.07996
4265.47015	0.08015
4271.321275	0.0811
4277.1724	0.08091
4283.023525	0.08046
4288.87465	0.08037
4294.725775	0.08004
4300.5769	0.08025
4306.428025	0.0809
4312.27915	0.08094
4318.130275	0.08064
4323.9814	0.08164
4329.832525	0.0821
4335.68365	0.0815
4341.534775	0.0812
4347.3859	0.08135
4353.237025	0.08122
4359.08815	0.08098
4364.939275	0.08095
4370.7904	0.08104
4376.641525	0.08085
4382.49265	0.08103
4388.343775	0.08164
4394.1949	0.0816
4400.046025	0.08093
4405.89715	0.08096
4411.748275	0.08102
4417.5994	0.0806
4423.450525	0.08099
4429.30165	0.08163
4435.152775	0.08172
4441.0039	0.08166
4446.855025	0.08151
4452.70615	0.08161
4458.557275	0.08163
4464.4084	0.08171
4470.259525	0.0818
4476.11065	0.08192
4481.961775	0.08189
4487.8129	0.0818
4493.664025	0.08129
4499.51515	0.08139
4505.366275	0.08188
4511.2174	0.08216
4517.068525	0.08272
4522.91965	0.0829
4528.770775	0.08248
4534.6219	0.08148
4540.473025	0.08097
4546.32415	0.08111
4552.175275	0.08156
4558.0264	0.08271
4563.877525	0.08239
4569.72865	0.0815
4575.579775	0.0815
4581.4309	0.08137
4587.282025	0.08136
4593.13315	0.08132
4598.984275	0.08222
4604.8354	0.08261
4610.686525	0.08234
4616.53765	0.08211
4622.388775	0.0819
4628.2399	0.08245
4634.091025	0.08206
4639.94215	0.08217
4645.793275	0.08233
4651.6444	0.0826
4657.495525	0.08311
4663.34665	0.0828
4669.197775	0.08236
4675.0489	0.08224
4680.900025	0.08185
4686.75115	0.0825
4692.602275	0.08244
4698.4534	0.08226
4704.304525	0.08226
4710.15565	0.08197
4716.006775	0.0819
4721.8579	0.08196
4727.709025	0.08217
4733.56015	0.08172
4739.411275	0.08167
4745.2624	0.08209
4751.113525	0.08176
4756.96465	0.08096
4762.815775	0.08051
4768.6669	0.08065
4774.518025	0.08052
4780.36915	0.08034
4786.220275	0.08015
4792.0714	0.08024
4797.922525	0.08027
4803.77365	0.08123
4809.624775	0.08146
4815.4759	0.08083
4821.327025	0.08062
4827.17815	0.08064
4833.029275	0.08152
4838.8804	0.08171
4844.731525	0.08126
4850.58265	0.08127
4856.433775	0.08101
4862.2849	0.08052
4868.136025	0.0798
4873.98715	0.08028
4879.838275	0.08118
4885.6894	0.08051
4891.540525	0.07993
4897.39165	0.07969
4903.242775	0.0795
4909.0939	0.08008
4914.945025	0.07989
4920.79615	0.08058
4926.647275	0.08119
4932.4984	0.07929
4938.349525	0.07854
4944.20065	0.07924
4950.051775	0.07905
4955.9029	0.08033
4961.754025	0.08077
4967.60515	0.08002
4973.456275	0.07955
4979.3074	0.07883
4985.158525	0.07893
4991.00965	0.07914
4996.860775	0.07931
5002.7119	0.07989
5008.563025	0.08012
5014.41415	0.07944
5020.265275	0.07925
5026.1164	0.07869
5031.967525	0.07755
5037.81865	0.07731
5043.669775	0.07624
5049.5209	0.07578
5055.372025	0.07608
5061.22315	0.07688
5067.074275	0.07888
5072.9254	0.07931
5078.776525	0.07828
5084.62765	0.07771
5090.478775	0.07747
5096.3299	0.07912
5102.181025	0.0806
5108.03215	0.07988
5113.883275	0.07806
5119.7344	0.07846
5125.585525	0.07833
5131.43665	0.07732
5137.287775	0.07831
5143.1389	0.0793
5148.990025	0.07855
5154.84115	0.07708
5160.692275	0.07604
5166.5434	0.07751
5172.394525	0.07843
5178.24565	0.07797
5184.096775	0.07712
5189.9479	0.07529
5195.799025	0.07474
5201.65015	0.0759
5207.501275	0.07661
5213.3524	0.07629
5219.203525	0.07649
5225.05465	0.07768
5230.905775	0.07841
5236.7569	0.07758
5242.608025	0.07587
5248.45915	0.0746
5254.310275	0.07413
5260.1614	0.07498
5266.012525	0.07452
5271.86365	0.07399
5277.714775	0.07527
5283.5659	0.07628
5289.417025	0.07664
5295.26815	0.07746
5301.119275	0.07695
5306.9704	0.07762
5312.821525	0.07864
5318.67265	0.0771
5324.523775	0.07572
5330.3749	0.07478
5336.226025	0.07359
5342.07715	0.07342
5347.928275	0.07407
5353.7794	0.07535
5359.630525	0.07494
5365.48165	0.07485
5371.332775	0.07603
5377.1839	0.07499
5383.035025	0.07482
5388.88615	0.07539
5394.737275	0.07724
5400.5884	0.07879
5406.439525	0.07627
5412.29065	0.07407
5418.141775	0.07291
5423.9929	0.07364
5429.844025	0.07595
5435.69515	0.07663
5441.546275	0.07366
5447.3974	0.07097
5453.248525	0.07029
5459.09965	0.07103
5464.950775	0.07296
5470.8019	0.0745
5476.653025	0.07504
5482.50415	0.07498
5488.355275	0.07375
5494.2064	0.07352
5500.057525	0.07317
5505.90865	0.07409
5511.759775	0.07517
5517.6109	0.07516
5523.462025	0.07431
5529.31315	0.07367
5535.164275	0.07343
5541.0154	0.07329
5546.866525	0.07425
5552.71765	0.07527
5558.568775	0.07506
5564.4199	0.07711
5570.271025	0.07665
5576.12215	0.07538
5581.973275	0.07424
5587.8244	0.07201
5593.675525	0.07305
5599.52665	0.07442
5605.377775	0.07457
5611.2289	0.07104
5617.080025	0.06877
5622.93115	0.07071
5628.782275	0.07274
5634.6334	0.07455
5640.484525	0.07538
5646.33565	0.07412
5652.186775	0.07121
5658.0379	0.07085
5663.889025	0.07035
5669.74015	0.06931
5675.591275	0.06834
5681.4424	0.06928
5687.293525	0.07289
5693.14465	0.07374
5698.995775	0.07419
5704.8469	0.07453
5710.698025	0.07328
5716.54915	0.07188
5722.400275	0.07338
5728.2514	0.07465
5734.102525	0.0723
5739.95365	0.07228
5745.804775	0.07203
5751.6559	0.07153
5757.507025	0.0722
5763.35815	0.07031
5769.209275	0.07163
5775.0604	0.07322
5780.911525	0.07462
5786.76265	0.07653
5792.613775	0.07766
5798.4649	0.07951
5804.316025	0.07428
5810.16715	0.06911
5816.018275	0.06793
5821.8694	0.0689
5827.720525	0.06655
5833.57165	0.06905
5839.422775	0.07341
5845.2739	0.06973
5851.125025	0.07044
5856.97615	0.07313
5862.827275	0.07046
5868.6784	0.07294
5874.529525	0.07459
5880.38065	0.07062
5886.231775	0.06759
5892.0829	0.06924
5897.934025	0.06879
5903.78515	0.06951
5909.636275	0.07262
5915.4874	0.07386
5921.338525	0.07311
5927.18965	0.07303
5933.040775	0.07505
5938.8919	0.07463
5944.743025	0.07226
5950.59415	0.07127
5956.445275	0.0734
5962.2964	0.07538
5968.147525	0.07432
5973.99865	0.07638
5979.849775	0.07465
5985.7009	0.07054
5991.552025	0.06942
5997.40315	0.07111
6003.254275	0.07306
