icm	trans	
5.02558	1.00793	
5.076343	1.01044	 
5.127106	1.0092	
5.177869	1.00227	
5.228632	0.99859	
5.279395	1.00043	
5.330158	0.99694	
5.380921	1.00047	
5.431684	1.00002	
5.482447	0.99558	
5.53321	1.0065	
5.583973	1.01776	
5.634736	1.01612	
5.685499	1.01674	
5.736262	1.01035	
5.787025	1.01263
5.837788	1.01534
5.888551	1.00606
5.939314	1.01227
5.990077	1.01352
6.04084	1.00747
6.091603	1.01543
6.142366	1.01267
6.193129	1.00982
6.243892	1.01214
6.294655	1.00277
6.345418	1.0072
6.396181	1.01057
6.446944	1.008
6.497707	1.00926
6.54847	0.99574
6.599233	0.98962
6.649996	1.0006
6.700759	1.00457
6.751522	0.99698
6.802285	0.9956
6.853048	0.99219
6.903811	0.99454
6.954574	1.00572
7.005337	1.00678
7.0561	1.00168
7.106863	0.99714
7.157626	0.99367
7.208389	0.99735
7.259152	1.00462
7.309915	1.0006
7.360678	0.99577
7.411441	0.99486
7.462204	0.9968
7.512967	0.99987
7.56373	0.99929
7.614493	0.99743
7.665256	0.99588
7.716019	0.99536
7.766782	0.99788
7.817545	0.99935
7.868308	1.0007
7.919071	1.00014
7.969834	0.99776
8.020597	1.00105
8.07136	1.00375
8.122123	1.00086
8.172886	0.9995
8.223649	1.00131
8.274412	0.99966
8.325175	1.00277
8.375938	1.00287
8.426701	0.99863
8.477464	0.9994
8.528227	0.99988
8.57899	0.9979
8.629753	0.99734
8.680516	0.99554
8.731279	0.99657
8.782042	0.99985
8.832805	1.00046
8.883568	1.00022
8.934331	0.99627
8.985094	0.99631
9.035857	0.99896
9.08662	1.00023
9.137383	1.00162
9.188146	1.00373
9.238909	0.99982
9.289672	0.99514
9.340435	0.9991
9.391198	0.99882
9.441961	0.99976
9.492724	1.00478
9.543487	1.00105
9.59425	1.00064
9.645013	1.00273
9.695776	1.00283
9.746539	1.00299
9.797302	1.00079
9.848065	1.00051
9.898828	0.99999
9.949591	0.99982
10.000354	1.00086
10.051117	0.99955
10.10188	0.99621
10.152643	0.99559
10.203406	0.99809
10.254169	0.99845
10.304932	0.99841
10.355695	0.99858
10.406458	0.99808
10.457221	0.99746
10.507984	0.99669
10.558747	0.99676
10.60951	0.99705
10.660273	0.99731
10.711036	0.99791
10.761799	0.99703
10.812562	0.99529
10.863325	0.99601
10.914088	0.99844
10.964851	0.99545
11.015614	0.99521
11.066377	0.99748
11.11714	0.99639
11.167903	0.99579
11.218666	0.9959
11.269429	0.99834
11.320192	0.99894
11.370955	0.9974
11.421718	0.99604
11.472481	0.99606
11.523244	0.99511
11.574007	0.99266
11.62477	0.99558
11.675533	0.99947
11.726296	0.99721
11.777059	0.99694
11.827822	0.9968
11.878585	0.99516
11.929348	0.99368
11.980111	0.99186
12.030874	0.99293
12.081637	0.99264
12.1324	0.99246
12.183163	0.99573
12.233926	0.99633
12.284689	0.98976
12.335452	0.98889
12.386215	0.99428
12.436978	0.99516
12.487741	0.99671
12.538504	0.99404
12.589267	0.99278
12.64003	0.99784
12.690793	0.99776
12.741556	0.9932
12.792319	0.99143
12.843082	0.99175
12.893845	0.99425
12.944608	0.99321
12.995371	0.99026
13.046134	0.99007
13.096897	0.99094
13.14766	0.99256
13.198423	0.99212
13.249186	0.99316
13.299949	0.99219
13.350712	0.98862
13.401475	0.98794
13.452238	0.99044
13.503001	0.99291
13.553764	0.99389
13.604527	0.99166
13.65529	0.98808
13.706053	0.98818
13.756816	0.98896
13.807579	0.99146
13.858342	0.99351
13.909105	0.99091
13.959868	0.99073
14.010631	0.992
14.061394	0.98995
14.112157	0.99286
14.16292	0.99046
14.213683	0.9871
14.264446	0.99171
14.315209	0.99112
14.365972	0.9913
14.416735	0.9921
14.467498	0.98671
14.518261	0.98431
14.569024	0.98845
14.619787	0.99164
14.67055	0.99551
14.721313	0.99351
14.772076	0.98896
14.822839	0.99027
14.873602	0.99027
14.924365	0.99007
14.975128	0.99181
15.025891	0.98943
15.076654	0.98768
15.127417	0.99044
15.17818	0.99337
15.228943	0.99243
15.279706	0.99097
15.330469	0.98943
15.381232	0.98914
15.431995	0.99022
15.482758	0.99191
15.533521	0.99122
15.584284	0.98844
15.635047	0.98727
15.68581	0.98704
15.736573	0.98771
15.787336	0.98852
15.838099	0.98973
15.888862	0.98706
15.939625	0.98271
15.990388	0.98364
16.041151	0.98662
16.091914	0.98751
16.142677	0.98874
16.19344	0.98841
16.244203	0.9863
16.294966	0.98634
16.345729	0.9862
16.396492	0.98695
16.447255	0.98873
16.498018	0.98856
16.548781	0.98815
16.599544	0.98548
16.650307	0.98424
16.70107	0.98246
16.751833	0.98358
16.802596	0.98761
16.853359	0.98887
16.904122	0.98827
16.954885	0.98562
17.005648	0.98305
17.056411	0.98307
17.107174	0.9846
17.157937	0.98609
17.2087	0.98687
17.259463	0.98548
17.310226	0.9849
17.360989	0.98476
17.411752	0.9853
17.462515	0.98533
17.513278	0.98544
17.564041	0.98449
17.614804	0.9833
17.665567	0.9859
17.71633	0.98758
17.767093	0.98555
17.817856	0.98398
17.868619	0.98336
17.919382	0.98287
17.970145	0.98296
18.020908	0.98412
18.071671	0.9853
18.122434	0.98525
18.173197	0.98399
18.22396	0.98394
18.274723	0.98454
18.325486	0.98357
18.376249	0.98344
18.427012	0.98383
18.477775	0.98458
18.528538	0.98548
18.579301	0.9862
18.630064	0.98457
18.680827	0.98419
18.73159	0.98401
18.782353	0.98271
18.833116	0.98187
18.883879	0.98207
18.934642	0.98249
18.985405	0.98268
19.036168	0.98332
19.086931	0.98323
19.137694	0.98288
19.188457	0.98225
19.23922	0.98292
19.289983	0.98383
19.340746	0.98311
19.391509	0.98178
19.442272	0.98146
19.493035	0.98129
19.543798	0.98264
19.594561	0.98425
19.645324	0.98375
19.696087	0.98178
19.74685	0.98025
19.797613	0.97979
19.848376	0.98143
19.899139	0.9841
19.949902	0.98358
20.000665	0.98181
20.051428	0.98064
20.102191	0.9809
20.152954	0.98232
20.203717	0.98265
20.25448	0.98186
20.305243	0.98173
20.356006	0.98138
20.406769	0.98114
20.457532	0.98193
20.508295	0.98226
20.559058	0.98156
20.609821	0.98139
20.660584	0.98137
20.711347	0.98109
20.76211	0.98059
20.812873	0.98041
20.863636	0.98117
20.914399	0.98118
20.965162	0.98119
21.015925	0.9804
21.066688	0.97915
21.117451	0.97951
21.168214	0.98103
21.218977	0.98076
21.26974	0.98085
21.320503	0.97948
21.371266	0.97873
21.422029	0.97872
21.472792	0.9792
21.523555	0.98094
21.574318	0.98062
21.625081	0.98084
21.675844	0.97993
21.726607	0.97841
21.77737	0.97926
21.828133	0.98074
21.878896	0.98063
21.929659	0.98008
21.980422	0.98011
22.031185	0.98072
22.081948	0.98132
22.132711	0.98091
22.183474	0.9783
22.234237	0.97793
22.285	0.97926
22.335763	0.98098
22.386526	0.98107
22.437289	0.97942
22.488052	0.97844
22.538815	0.97732
22.589578	0.978
22.640341	0.97928
22.691104	0.97862
22.741867	0.97891
22.79263	0.97807
22.843393	0.97808
22.894156	0.97938
22.944919	0.97815
22.995682	0.97694
23.046445	0.97577
23.097208	0.97558
23.147971	0.97779
23.198734	0.97779
23.249497	0.97709
23.30026	0.97729
23.351023	0.97565
23.401786	0.97587
23.452549	0.97689
23.503312	0.97725
23.554075	0.97592
23.604838	0.9739
23.655601	0.97395
23.706364	0.97544
23.757127	0.97521
23.80789	0.97436
23.858653	0.9735
23.909416	0.97328
23.960179	0.97226
24.010942	0.97235
24.061705	0.97442
24.112468	0.97391
24.163231	0.97371
24.213994	0.97396
24.264757	0.97272
24.31552	0.97236
24.366283	0.97314
24.417046	0.97194
24.467809	0.97176
24.518572	0.97343
24.569335	0.97382
24.620098	0.97241
24.670861	0.97171
24.721624	0.97184
24.772387	0.97222
24.82315	0.97298
24.873913	0.97204
24.924676	0.9722
24.975439	0.97193
25.026202	0.97115
25.076965	0.97219
25.127728	0.97196
25.178491	0.97173
25.229254	0.9708
25.280017	0.96906
25.33078	0.96957
25.381543	0.97112
25.432306	0.97133
25.483069	0.97072
25.533832	0.96937
25.584595	0.96875
25.635358	0.97011
25.686121	0.97088
25.736884	0.97008
25.787647	0.96871
25.83841	0.9676
25.889173	0.96778
25.939936	0.96815
25.990699	0.9681
26.041462	0.96742
26.092225	0.96604
26.142988	0.96594
26.193751	0.96621
26.244514	0.96657
26.295277	0.96722
26.34604	0.96585
26.396803	0.96488
26.447566	0.96496
26.498329	0.96423
26.549092	0.96534
26.599855	0.96589
26.650618	0.96429
26.701381	0.96507
26.752144	0.96662
26.802907	0.96634
26.85367	0.96525
26.904433	0.96479
26.955196	0.96499
27.005959	0.96502
27.056722	0.96595
27.107485	0.96601
27.158248	0.96581
27.209011	0.96558
27.259774	0.96607
27.310537	0.96632
27.3613	0.96474
27.412063	0.96427
27.462826	0.96463
27.513589	0.96541
27.564352	0.96689
27.615115	0.96756
27.665878	0.96627
27.716641	0.96384
27.767404	0.96264
27.818167	0.96365
27.86893	0.96567
27.919693	0.96668
27.970456	0.96589
28.021219	0.96436
28.071982	0.96294
28.122745	0.96335
28.173508	0.96555
28.224271	0.96619
28.275034	0.96407
28.325797	0.9622
28.37656	0.96271
28.427323	0.96326
28.478086	0.963
28.528849	0.96334
28.579612	0.9632
28.630375	0.96216
28.681138	0.96136
28.731901	0.96161
28.782664	0.96208
28.833427	0.96233
28.88419	0.96303
28.934953	0.96268
28.985716	0.96231
29.036479	0.9624
29.087242	0.96143
29.138005	0.96172
29.188768	0.96271
29.239531	0.96254
29.290294	0.96242
29.341057	0.96166
29.39182	0.96067
29.442583	0.96112
29.493346	0.96225
29.544109	0.96281
29.594872	0.96099
29.645635	0.95924
29.696398	0.96044
29.747161	0.96204
29.797924	0.96241
29.848687	0.96327
29.89945	0.96264
29.950213	0.96005
30.000976	0.95941
30.051739	0.96114
30.102502	0.9629
30.153265	0.96276
30.204028	0.962
30.254791	0.96105
30.305554	0.96111
30.356317	0.9622
30.40708	0.96257
30.457843	0.96111
30.508606	0.95852
30.559369	0.95861
30.610132	0.96052
30.660895	0.96068
30.711658	0.95889
30.762421	0.95794
30.813184	0.95789
30.863947	0.95713
30.91471	0.95718
30.965473	0.95765
31.016236	0.95832
31.066999	0.95815
31.117762	0.95606
31.168525	0.956
31.219288	0.95762
31.270051	0.95776
31.320814	0.95695
31.371577	0.9551
31.42234	0.95443
31.473103	0.9562
31.523866	0.95559
31.574629	0.95354
31.625392	0.95242
31.676155	0.95159
31.726918	0.95398
31.777681	0.95769
31.828444	0.95544
31.879207	0.95189
31.92997	0.95243
31.980733	0.95449
32.031496	0.95498
32.082259	0.95344
32.133022	0.95357
32.183785	0.95492
32.234548	0.95419
32.285311	0.95216
32.336074	0.95381
32.386837	0.95472
32.4376	0.95299
32.488363	0.95221
32.539126	0.9527
32.589889	0.95447
32.640652	0.95549
32.691415	0.9546
32.742178	0.95337
32.792941	0.95261
32.843704	0.95409
32.894467	0.95676
32.94523	0.95563
32.995993	0.95486
33.046756	0.95488
33.097519	0.95374
33.148282	0.9532
33.199045	0.95298
33.249808	0.95219
33.300571	0.9513
33.351334	0.94971
33.402097	0.94991
33.45286	0.95198
33.503623	0.95206
33.554386	0.95072
33.605149	0.94987
33.655912	0.94816
33.706675	0.94764
33.757438	0.94981
33.808201	0.95035
33.858964	0.94906
33.909727	0.94763
33.96049	0.94616
34.011253	0.94804
34.062016	0.94989
34.112779	0.94729
34.163542	0.9467
34.214305	0.94643
34.265068	0.94715
34.315831	0.94817
34.366594	0.94766
34.417357	0.94665
34.46812	0.94444
34.518883	0.94315
34.569646	0.94182
34.620409	0.94448
34.671172	0.9479
34.721935	0.94478
34.772698	0.94337
34.823461	0.94312
34.874224	0.9435
34.924987	0.94414
34.97575	0.94385
35.026513	0.94525
35.030234	0.946029703
35.28225	0.945207921
35.534266	0.946
35.786282	0.945435644
36.038298	0.942851485
36.290314	0.940881188
36.54233	0.940940594
36.794346	0.942148515
37.046362	0.942851485
37.298378	0.942257426
37.550394	0.94209901
37.80241	0.942069307
38.054426	0.941613861
38.306442	0.941019802
38.558458	0.938960396
38.810474	0.937653465
39.06249	0.938128713
39.314506	0.937118812
39.566522	0.935792079
39.818538	0.935188119
40.070554	0.934514851
40.32257	0.933831683
40.574586	0.933524752
40.826602	0.932623762
41.078618	0.931841584
41.330634	0.932237624
41.58265	0.931049505
41.834666	0.928980198
42.086682	0.928
42.338698	0.926693069
42.590714	0.924980198
42.84273	0.923930693
43.094746	0.92329703
43.346762	0.922544554
43.598778	0.921881188
43.850794	0.920871287
44.10281	0.919891089
44.354826	0.918633663
44.606842	0.916712871
44.858858	0.915613861
45.110874	0.914584158
45.36289	0.913356436
45.614906	0.912930693
45.866922	0.912960396
46.118938	0.91250495
46.370954	0.911514851
46.62297	0.910663366
46.874986	0.909306931
47.127002	0.909019802
47.379018	0.909653465
47.631034	0.909782178
47.88305	0.909643564
48.135066	0.908811881
48.387082	0.907782178
48.639098	0.906881188
48.891114	0.90619802
49.14313	0.904851485
49.395146	0.903247525
49.647162	0.902168317
49.899178	0.901722772
50.151194	0.900732673
50.40321	0.899148515
50.655226	0.898257426
50.907242	0.897386139
51.159258	0.896168317
51.411274	0.894465347
51.66329	0.892861386
51.915306	0.891178218
52.167322	0.88939604
52.419338	0.888188119
52.671354	0.887405941
52.92337	0.886267327
53.175386	0.884386139
53.427402	0.882653465
53.679418	0.881881188
53.931434	0.881326733
54.18345	0.88060396
54.435466	0.880059406
54.687482	0.879356436
54.939498	0.877336634
55.191514	0.874277228
55.44353	0.871029703
55.695546	0.870188119
55.947562	0.872732673
56.199578	0.873207921
56.451594	0.87190099
56.70361	0.870306931
56.955626	0.868237624
57.207642	0.866
57.459658	0.867247525
57.711674	0.867861386
57.96369	0.866613861
58.215706	0.86549505
58.467722	0.864792079
58.719738	0.863891089
58.971754	0.863356436
59.22377	0.86270297
59.475786	0.861346535
59.727802	0.859752475
59.979818	0.857752475
60.231834	0.857277228
60.48385	0.857
60.735866	0.856128713
60.987882	0.855356436
61.239898	0.853980198
61.491914	0.852831683
61.74393	0.85129703
61.995946	0.848356436
62.247962	0.845772277
62.499978	0.845316832
62.751994	0.844762376
63.00401	0.843306931
63.256026	0.84190099
63.508042	0.840485149
63.760058	0.839237624
64.012074	0.83819802
64.26409	0.837455446
64.516106	0.836465347
64.768122	0.835188119
65.020138	0.834445545
65.272154	0.833742574
65.52417	0.833138614
65.776186	0.83290099
66.028202	0.832128713
66.280218	0.831207921
66.532234	0.830267327
66.78425	0.829089109
67.036266	0.827960396
67.288282	0.826722772
67.540298	0.825762376
67.792314	0.825118812
68.04433	0.82380198
68.296346	0.823861386
68.548362	0.824524752
68.800378	0.822831683
69.052394	0.820267327
69.30441	0.818574257
69.556426	0.81760396
69.808442	0.81649505
70.060458	0.814990099
70.312474	0.81360396
70.56449	0.812316832
70.816506	0.810752475
71.068522	0.809128713
71.320538	0.807356436
71.572554	0.805475248
71.82457	0.803059406
72.076586	0.800633663
72.328602	0.800306931
72.580618	0.799356436
72.832634	0.797089109
73.08465	0.794782178
73.336666	0.793287129
73.588682	0.792861386
73.840698	0.791792079
74.092714	0.790653465
74.34473	0.790594059
74.596746	0.790633663
74.848762	0.789237624
75.100778	0.787108911
75.352794	0.785405941
75.60481	0.78560396
75.856826	0.786366337
76.108842	0.785465347
76.360858	0.784188119
76.612874	0.783405941
76.86489	0.782217822
77.116906	0.780821782
77.368922	0.779594059
77.620938	0.777920792
77.872954	0.776693069
78.12497	0.776069307
78.376986	0.775257426
78.629002	0.774732673
78.881018	0.773683168
79.133034	0.77209901
79.38505	0.769841584
79.637066	0.766940594
79.889082	0.765623762
80.141098	0.765019802
80.393114	0.764089109
80.64513	0.763465347
80.897146	0.76260396
81.149162	0.761554455
81.401178	0.760217822
81.653194	0.75819802
81.90521	0.755623762
82.157226	0.753970297
82.409242	0.75429703
82.661258	0.753257426
82.913274	0.751475248
83.16529	0.75070297
83.417306	0.750435644
83.669322	0.749970297
83.921338	0.749594059
84.173354	0.749336634
84.42537	0.749188119
84.677386	0.749455446
84.929402	0.749861386
85.181418	0.749752475
85.433434	0.749326733
85.68545	0.749118812
85.937466	0.748782178
86.189482	0.748673267
86.441498	0.749019802
86.693514	0.749594059
86.94553	0.75009901
87.197546	0.74970297
87.449562	0.747722772
87.701578	0.744891089
87.953594	0.744920792
88.20561	0.746336634
88.457626	0.744950495
88.709642	0.74350495
88.961658	0.741821782
89.213674	0.741445545
89.46569	0.741267327
89.717706	0.740980198
89.969722	0.740386139
90.221738	0.738732673
90.473754	0.736554455
90.72577	0.735544554
90.977786	0.735148515
91.229802	0.735069307
91.481818	0.735217822
91.733834	0.733683168
91.98585	0.730445545
92.237866	0.728009901
92.489882	0.729277228
92.741898	0.729792079
92.993914	0.72839604
93.24593	0.726712871
93.497946	0.725158416
93.749962	0.725049505
94.001978	0.725138614
94.253994	0.725564356
94.50601	0.725722772
94.758026	0.725009901
95.010042	0.724524752
95.262058	0.723594059
95.514074	0.722257426
95.76609	0.721336634
96.018106	0.721376238
96.270122	0.72180198
96.522138	0.721158416
96.774154	0.719594059
97.02617	0.717425743
97.278186	0.716861386
97.530202	0.716871287
97.782218	0.716277228
98.034234	0.715346535
98.28625	0.713049505
98.538266	0.709267327
98.790282	0.706138614
99.042298	0.708138614
99.294314	0.710277228
99.54633	0.70809901
99.798346	0.704316832
100.050362	0.700336634
100.302378	0.70607
100.554394	0.69406
100.80641	0.69374
101.058426	0.69824
101.310442	0.69948
101.562458	0.6985
101.814474	0.70213
102.06649	0.70532
102.318506	0.70666
102.570522	0.70802
102.822538	0.70886
103.074554	0.70921
103.32657	0.71023
103.578586	0.71101
103.830602	0.71044
104.082618	0.70845
104.334634	0.70511
104.58665	0.69884
104.838666	0.70198
105.090682	0.70679
105.342698	0.70566
105.594714	0.69776
105.84673	0.69658
106.098746	0.69899
106.350762	0.6996
106.602778	0.70083
106.854794	0.70064
107.10681	0.69855
107.358826	0.69676
107.610842	0.69235
107.862858	0.68955
108.114874	0.69306
108.36689	0.69308
108.618906	0.69036
108.870922	0.68951
109.122938	0.68971
109.374954	0.68802
109.62697	0.68768
109.878986	0.68833
110.131002	0.68745
110.383018	0.68726
110.635034	0.68645
110.88705	0.68229
111.139066	0.67517
111.391082	0.67935
111.643098	0.68584
111.895114	0.68952
112.14713	0.69133
112.399146	0.69269
112.651162	0.69384
112.903178	0.69426
113.155194	0.69412
113.40721	0.69406
113.659226	0.6947
113.911242	0.69459
114.163258	0.69399
114.415274	0.69141
114.66729	0.68924
114.919306	0.6889
115.171322	0.68788
115.423338	0.6864
115.675354	0.68611
115.92737	0.68551
116.179386	0.68261
116.431402	0.67912
116.683418	0.67742
116.935434	0.67583
117.18745	0.67325
117.439466	0.6713
117.691482	0.6659
117.943498	0.66053
118.195514	0.66266
118.44753	0.66478
118.699546	0.66459
118.951562	0.66375
119.203578	0.66205
119.455594	0.66126
119.70761	0.66058
119.959626	0.65371
120.211642	0.65027
120.463658	0.65303
120.715674	0.65442
120.96769	0.6554
121.219706	0.65583
121.471722	0.65428
121.723738	0.64712
121.975754	0.63599
122.22777	0.64538
122.479786	0.65189
122.731802	0.65341
122.983818	0.65227
123.235834	0.65112
123.48785	0.65268
123.739866	0.65252
123.991882	0.65053
124.243898	0.64895
124.495914	0.64781
124.74793	0.64719
124.999946	0.64584
125.251962	0.64246
125.503978	0.63952
125.755994	0.63755
126.00801	0.63533
126.260026	0.63219
126.512042	0.62535
126.764058	0.61108
127.016074	0.59406
127.26809	0.59948
127.520106	0.60591
127.772122	0.60796
128.024138	0.60666
128.276154	0.60637
128.52817	0.60378
128.780186	0.6018
129.032202	0.60275
129.284218	0.60335
129.536234	0.60321
129.78825	0.60198
130.040266	0.60017
130.292282	0.59898
130.544298	0.59772
130.796314	0.59667
131.04833	0.59722
131.300346	0.59798
131.552362	0.59556
131.804378	0.59033
132.056394	0.58976
132.30841	0.58877
132.560426	0.57431
132.812442	0.56744
133.064458	0.57784
133.316474	0.57993
133.56849	0.57993
133.820506	0.58245
134.072522	0.58265
134.324538	0.58068
134.576554	0.579
134.82857	0.57825
135.080586	0.57712
135.332602	0.5742
135.584618	0.57232
135.836634	0.5707
136.08865	0.56818
136.340666	0.56562
136.592682	0.56316
136.844698	0.56262
137.096714	0.56154
137.34873	0.56037
137.600746	0.55939
137.852762	0.55959
138.104778	0.56006
138.356794	0.55815
138.60881	0.55555
138.860826	0.55062
139.112842	0.54331
139.364858	0.54819
139.616874	0.54736
139.86889	0.54382
140.120906	0.54912
140.372922	0.55065
140.624938	0.54495
140.876954	0.54542
141.12897	0.55057
141.380986	0.55078
141.633002	0.5522
141.885018	0.55409
142.137034	0.5542
142.38905	0.554
142.641066	0.55244
142.893082	0.54997
143.145098	0.54835
143.397114	0.54716
143.64913	0.54515
143.901146	0.54336
144.153162	0.54101
144.405178	0.53949
144.657194	0.5384
144.90921	0.53749
145.161226	0.53696
145.413242	0.53455
145.665258	0.53235
145.917274	0.53117
146.16929	0.52975
146.421306	0.52785
146.673322	0.52796
146.925338	0.52851
147.177354	0.52804
147.42937	0.52764
147.681386	0.52746
147.933402	0.52733
148.185418	0.52664
148.437434	0.52595
148.68945	0.52338
148.941466	0.51544
149.193482	0.51499
149.445498	0.52322
149.697514	0.52674
149.94953	0.52511
150.201546	0.52053
150.453562	0.50705
150.705578	0.5075
150.957594	0.5162
151.20961	0.51632
151.461626	0.52402
151.713642	0.53321
151.965658	0.53634
152.217674	0.53684
152.46969	0.53749
152.721706	0.53822
152.973722	0.53746
153.225738	0.5314
153.477754	0.51872
153.72977	0.52723
153.981786	0.53504
154.233802	0.53655
154.485818	0.53655
154.737834	0.53687
154.98985	0.53633
155.241866	0.53629
155.493882	0.53634
155.745898	0.5362
155.997914	0.53525
156.24993	0.53149
156.501946	0.52892
156.753962	0.53045
157.005978	0.53283
157.257994	0.53263
157.51001	0.5267
157.762026	0.51899
158.014042	0.52098
158.266058	0.52826
158.518074	0.53263
158.77009	0.53299
159.022106	0.53382
159.274122	0.53568
159.526138	0.53519
159.778154	0.53607
160.03017	0.5377
160.282186	0.53722
160.534202	0.53699
160.786218	0.53718
161.038234	0.53812
161.29025	0.53754
161.542266	0.53605
161.794282	0.53503
162.046298	0.53422
162.298314	0.53351
162.55033	0.53338
162.802346	0.53172
163.054362	0.52829
163.306378	0.52746
163.558394	0.52729
163.81041	0.52791
164.062426	0.52729
164.314442	0.52517
164.566458	0.52284
164.818474	0.52065
165.07049	0.52068
165.322506	0.52092
165.574522	0.51998
165.826538	0.51879
166.078554	0.51827
166.33057	0.51603
166.582586	0.51028
166.834602	0.51087
167.086618	0.51781
167.338634	0.52184
167.59065	0.52455
167.842666	0.52637
168.094682	0.52694
168.346698	0.52652
168.598714	0.52522
168.85073	0.52594
169.102746	0.52803
169.354762	0.52776
169.606778	0.52636
169.858794	0.52311
170.11081	0.5175
170.362826	0.50102
170.614842	0.50381
170.866858	0.51373
171.118874	0.5187
171.37089	0.51869
171.622906	0.51764
171.874922	0.51469
172.126938	0.51225
172.378954	0.51211
172.63097	0.50984
172.882986	0.50526
173.135002	0.49841
173.387018	0.48947
173.639034	0.4919
173.89105	0.4966
174.143066	0.49805
174.395082	0.49637
174.647098	0.49504
174.899114	0.49581
175.15113	0.49496
175.403146	0.49272
175.655162	0.48918
175.907178	0.48013
176.159194	0.47813
176.41121	0.48711
176.663226	0.48934
176.915242	0.4886
177.167258	0.48714
177.419274	0.48183
177.67129	0.47937
177.923306	0.48425
178.175322	0.48767
178.427338	0.4895
178.679354	0.48997
178.93137	0.48783
179.183386	0.48685
179.435402	0.48852
179.687418	0.48967
179.939434	0.48715
180.19145	0.48474
180.443466	0.48438
180.695482	0.48294
180.947498	0.4796
181.199514	0.47086
181.45153	0.46356
181.703546	0.46941
181.955562	0.47218
182.207578	0.46992
182.459594	0.4681
182.71161	0.46669
182.963626	0.46386
183.215642	0.46082
183.467658	0.45848
183.719674	0.45897
183.97169	0.45949
184.223706	0.45896
184.475722	0.45838
184.727738	0.45665
184.979754	0.45487
185.23177	0.45437
185.483786	0.45449
185.735802	0.45527
185.987818	0.45606
186.239834	0.45605
186.49185	0.45647
186.743866	0.45705
186.995882	0.45781
187.247898	0.45834
187.499914	0.45753
187.75193	0.45687
188.003946	0.4535
188.255962	0.44813
188.507978	0.45208
188.759994	0.45404
189.01201	0.45329
189.264026	0.45338
189.516042	0.45388
189.768058	0.45353
190.020074	0.45164
190.27209	0.44984
190.524106	0.44865
190.776122	0.44726
191.028138	0.44571
191.280154	0.44395
191.53217	0.44111
191.784186	0.43848
192.036202	0.43658
192.288218	0.43674
192.540234	0.43691
192.79225	0.43461
193.044266	0.43229
193.296282	0.42768
193.548298	0.42384
193.800314	0.42673
194.05233	0.42634
194.304346	0.42075
194.556362	0.42271
194.808378	0.42654
195.060394	0.42727
195.31241	0.42769
195.564426	0.42712
195.816442	0.42562
196.068458	0.42678
196.320474	0.42811
196.57249	0.42922
196.824506	0.42982
197.076522	0.42914
197.328538	0.42725
197.580554	0.42498
197.83257	0.42625
198.084586	0.42728
198.336602	0.42609
198.588618	0.42603
198.840634	0.4265
199.09265	0.42535
199.344666	0.42344
199.596682	0.42189
199.848698	0.42005
200.100714	0.41778
200.35273	0.41603
200.604746	0.41296
200.856762	0.40987
201.108778	0.40776
201.360794	0.40595
201.61281	0.40538
201.864826	0.40294
202.116842	0.39798
202.368858	0.38901
202.620874	0.3715
202.87289	0.37511
203.124906	0.38344
203.376922	0.38873
203.628938	0.3916
203.880954	0.39288
204.13297	0.3939
204.384986	0.39474
204.637002	0.39534
204.889018	0.3953
205.141034	0.39533
205.39305	0.39577
205.645066	0.39597
205.897082	0.39615
206.149098	0.39717
206.401114	0.39723
206.65313	0.39679
206.905146	0.39661
207.157162	0.39662
207.409178	0.3964
207.661194	0.39482
207.91321	0.39112
208.165226	0.38508
208.417242	0.37366
208.669258	0.37465
208.921274	0.37949
209.17329	0.3809
209.425306	0.38113
209.677322	0.38072
209.929338	0.38
210.181354	0.37921
210.43337	0.37757
210.685386	0.37626
210.937402	0.37426
211.189418	0.3732
211.441434	0.37262
211.69345	0.37145
211.945466	0.37041
212.197482	0.36939
212.449498	0.36439
212.701514	0.36183
212.95353	0.3665
213.205546	0.36828
213.457562	0.3693
213.709578	0.36681
213.961594	0.36245
214.21361	0.36513
214.465626	0.36479
214.717642	0.3644
214.969658	0.36711
215.221674	0.36765
215.47369	0.36805
215.725706	0.36899
215.977722	0.36895
216.229738	0.36873
216.481754	0.36891
216.73377	0.36963
216.985786	0.37031
217.237802	0.36964
217.489818	0.36724
217.741834	0.36538
217.99385	0.36503
218.245866	0.36408
218.497882	0.36268
218.749898	0.36056
219.001914	0.35928
219.25393	0.3585
219.505946	0.35746
219.757962	0.35663
220.009978	0.35509
220.261994	0.35285
220.51401	0.35181
220.766026	0.35159
221.018042	0.34973
221.270058	0.34641
221.522074	0.341
221.77409	0.33752
222.026106	0.3416
222.278122	0.34479
222.530138	0.34645
222.782154	0.34825
223.03417	0.34747
223.286186	0.34549
223.538202	0.34302
223.790218	0.34112
224.042234	0.34546
224.29425	0.34821
224.546266	0.34731
224.798282	0.34876
225.050298	0.35235
225.302314	0.35172
225.55433	0.35087
225.806346	0.35054
226.058362	0.34569
226.310378	0.34003
226.562394	0.34352
226.81441	0.34516
227.066426	0.34339
227.318442	0.34025
227.570458	0.33517
227.822474	0.32253
228.07449	0.32823
228.326506	0.33404
228.578522	0.33675
228.830538	0.33733
229.082554	0.33727
229.33457	0.33659
229.586586	0.33475
229.838602	0.33393
230.090618	0.33455
230.342634	0.33449
230.59465	0.33262
230.846666	0.33149
231.098682	0.3301
231.350698	0.32873
231.602714	0.32988
231.85473	0.33049
232.106746	0.33055
232.358762	0.33144
232.610778	0.33173
232.862794	0.33106
233.11481	0.33037
233.366826	0.33106
233.618842	0.33293
233.870858	0.33322
234.122874	0.33309
234.37489	0.33292
234.626906	0.3335
234.878922	0.3352
235.130938	0.3353
235.382954	0.33475
235.63497	0.33484
235.886986	0.33377
236.139002	0.33256
236.391018	0.33233
236.643034	0.33202
236.89505	0.33114
237.147066	0.32963
237.399082	0.3278
237.651098	0.32675
237.903114	0.32681
238.15513	0.32625
238.407146	0.32391
238.659162	0.32236
238.911178	0.32133
239.163194	0.32056
239.41521	0.32038
239.667226	0.31981
239.919242	0.31865
240.171258	0.3174
240.423274	0.31708
240.67529	0.31697
240.927306	0.31696
241.179322	0.31743
241.431338	0.31778
241.683354	0.31806
241.93537	0.31847
242.187386	0.31888
242.439402	0.31965
242.691418	0.3197
242.943434	0.31945
243.19545	0.31974
243.447466	0.32015
243.699482	0.32035
243.951498	0.31942
244.203514	0.31817
244.45553	0.31876
244.707546	0.31946
244.959562	0.31898
245.211578	0.31556
245.463594	0.31188
245.71561	0.31311
245.967626	0.31277
246.219642	0.31194
246.471658	0.31236
246.723674	0.31277
246.97569	0.31205
247.227706	0.30935
247.479722	0.30572
247.731738	0.30144
247.983754	0.29487
248.23577	0.29831
248.487786	0.30172
248.739802	0.30184
248.991818	0.30148
249.243834	0.30116
249.49585	0.29972
249.747866	0.29907
249.999882	0.29907
250.251898	0.2995
250.503914	0.29968
250.75593	0.29947
251.007946	0.2996
251.259962	0.29993
251.511978	0.30087
251.763994	0.3019
252.01601	0.30202
252.268026	0.302
252.520042	0.3018
252.772058	0.30143
253.024074	0.30094
253.27609	0.29963
253.528106	0.29484
253.780122	0.28401
254.032138	0.28197
254.284154	0.28789
254.53617	0.29106
254.788186	0.29303
255.040202	0.2937
255.292218	0.29318
255.544234	0.29213
255.79625	0.29133
256.048266	0.29008
256.300282	0.28876
256.552298	0.28834
256.804314	0.28784
257.05633	0.2866
257.308346	0.2855
257.560362	0.28509
257.812378	0.28408
258.064394	0.28264
258.31641	0.28239
258.568426	0.28202
258.820442	0.28058
259.072458	0.27959
259.324474	0.27905
259.57649	0.27903
259.828506	0.27945
260.080522	0.27947
260.332538	0.27947
260.584554	0.27918
260.83657	0.27888
261.088586	0.27869
261.340602	0.27885
261.592618	0.27889
261.844634	0.27856
262.09665	0.27859
262.348666	0.27869
262.600682	0.27849
262.852698	0.27823
263.104714	0.2773
263.35673	0.2758
263.608746	0.27494
263.860762	0.27426
264.112778	0.2733
264.364794	0.27272
264.61681	0.27139
264.868826	0.26896
265.120842	0.26754
265.372858	0.26641
265.624874	0.26548
265.87689	0.26404
266.128906	0.25978
266.380922	0.25944
266.632938	0.2596
266.884954	0.25864
267.13697	0.25864
267.388986	0.25805
267.641002	0.25806
267.893018	0.25702
268.145034	0.25544
268.39705	0.25534
268.649066	0.2554
268.901082	0.25549
269.153098	0.25531
269.405114	0.25379
269.65713	0.25278
269.909146	0.25272
270.161162	0.25303
270.413178	0.25297
270.665194	0.25337
270.91721	0.25374
271.169226	0.25325
271.421242	0.25349
271.673258	0.254
271.925274	0.25366
272.17729	0.25227
272.429306	0.251
272.681322	0.24989
272.933338	0.24943
273.185354	0.24907
273.43737	0.24754
273.689386	0.24674
273.941402	0.24626
274.193418	0.24579
274.445434	0.24505
274.69745	0.24358
274.949466	0.24248
275.201482	0.24105
275.453498	0.23874
275.705514	0.23722
275.95753	0.23603
276.209546	0.23462
276.461562	0.23491
276.713578	0.23402
276.965594	0.23302
277.21761	0.23223
277.469626	0.23059
277.721642	0.2295
277.973658	0.22807
278.225674	0.22433
278.47769	0.22347
278.729706	0.2258
278.981722	0.22692
279.233738	0.22713
279.485754	0.22805
279.73777	0.22974
279.989786	0.22949
280.241802	0.22828
280.493818	0.23021
280.745834	0.23117
280.99785	0.22994
281.249866	0.23009
281.501882	0.2314
281.753898	0.23034
282.005914	0.22644
282.25793	0.21958
282.509946	0.22261
282.761962	0.22661
283.013978	0.22756
283.265994	0.2287
283.51801	0.2295
283.770026	0.22751
284.022042	0.22631
284.274058	0.2263
284.526074	0.22646
284.77809	0.22662
285.030106	0.22505
285.282122	0.22471
285.534138	0.22483
285.786154	0.22422
286.03817	0.2243
286.290186	0.22356
286.542202	0.22286
286.794218	0.2232
287.046234	0.22383
287.29825	0.22504
287.550266	0.22527
287.802282	0.22574
288.054298	0.22629
288.306314	0.22676
288.55833	0.22739
288.810346	0.22801
289.062362	0.22951
289.314378	0.22907
289.566394	0.22748
289.81841	0.22923
290.070426	0.23061
290.322442	0.23078
290.574458	0.23173
290.826474	0.23277
291.07849	0.2332
291.330506	0.2335
291.582522	0.23332
291.834538	0.2342
292.086554	0.2349
292.33857	0.23416
292.590586	0.23379
292.842602	0.234
293.094618	0.2343
293.346634	0.23438
293.59865	0.23489
293.850666	0.23515
294.102682	0.23515
294.354698	0.23572
294.606714	0.23632
294.85873	0.23605
295.110746	0.23563
295.362762	0.23559
295.614778	0.23613
295.866794	0.23621
296.11881	0.23645
296.370826	0.23747
296.622842	0.2383
296.874858	0.23852
297.126874	0.23857
297.37889	0.23924
297.630906	0.24002
297.882922	0.24077
298.134938	0.24151
298.386954	0.24309
298.63897	0.24468
298.890986	0.2458
299.143002	0.24674
299.395018	0.24767
299.647034	0.24829
299.89905	0.24836
300.151066	0.2481
300.403082	0.24929
300.655098	0.25085
300.907114	0.25171
301.15913	0.25191
301.411146	0.25164
301.663162	0.25135
301.915178	0.25045
302.167194	0.25145
302.41921	0.25125
302.671226	0.2509
302.923242	0.2514
303.175258	0.24936
303.427274	0.25079
303.67929	0.25187
303.931306	0.25214
304.183322	0.25366
304.435338	0.25514
304.687354	0.2547
304.93937	0.25383
305.191386	0.25486
305.443402	0.25645
305.695418	0.25654
305.947434	0.25703
306.19945	0.25814
306.451466	0.25846
306.703482	0.25905
306.955498	0.26068
307.207514	0.26247
307.45953	0.26409
307.711546	0.2652
307.963562	0.26629
308.215578	0.26749
308.467594	0.26873
308.71961	0.26921
308.971626	0.26946
309.223642	0.27106
309.475658	0.27209
309.727674	0.27237
309.97969	0.27256
310.231706	0.2736
310.483722	0.27519
310.735738	0.27551
310.987754	0.27488
311.23977	0.27446
311.491786	0.27492
311.743802	0.27488
311.995818	0.27411
312.247834	0.27339
312.49985	0.27285
312.751866	0.27278
313.003882	0.27273
313.255898	0.27292
313.507914	0.27343
313.75993	0.27366
314.011946	0.27327
314.263962	0.2731
314.515978	0.27396
314.767994	0.27421
315.02001	0.27212
315.272026	0.27195
315.524042	0.27293
315.776058	0.27337
316.028074	0.27484
316.28009	0.27617
316.532106	0.27755
316.784122	0.27865
317.036138	0.27904
317.288154	0.27954
317.54017	0.27961
317.792186	0.28098
318.044202	0.28268
318.296218	0.28311
318.548234	0.28288
318.80025	0.28228
319.052266	0.28246
319.304282	0.28272
319.556298	0.28193
319.808314	0.28091
320.06033	0.28068
320.312346	0.28055
320.564362	0.28026
320.816378	0.27961
321.068394	0.27843
321.32041	0.27773
321.572426	0.27717
321.824442	0.27608
322.076458	0.27509
322.328474	0.27452
322.58049	0.27355
322.832506	0.27298
323.084522	0.27274
323.336538	0.27189
323.588554	0.2704
323.84057	0.26694
324.092586	0.26699
324.344602	0.26878
324.596618	0.26908
324.848634	0.26937
325.10065	0.26991
325.352666	0.27045
325.604682	0.27096
325.856698	0.27103
326.108714	0.27127
326.36073	0.27126
326.612746	0.27129
326.864762	0.27122
327.116778	0.27081
327.368794	0.26967
327.62081	0.26537
327.872826	0.26534
328.124842	0.26516
328.376858	0.26483
328.628874	0.26456
328.88089	0.26337
329.132906	0.26283
329.384922	0.2617
329.636938	0.26052
329.888954	0.25991
330.14097	0.25864
330.392986	0.25726
330.645002	0.25594
330.897018	0.25451
331.149034	0.25315
331.40105	0.25141
331.653066	0.25023
331.905082	0.24921
332.157098	0.24788
332.409114	0.24688
332.66113	0.24593
332.913146	0.24471
333.165162	0.24305
333.417178	0.24262
333.669194	0.24223
333.92121	0.2411
334.173226	0.24087
334.425242	0.24113
334.677258	0.24091
334.929274	0.23961
335.18129	0.23783
335.433306	0.23676
335.685322	0.23666
335.937338	0.23684
336.189354	0.23639
336.44137	0.23555
336.693386	0.23502
336.945402	0.23461
337.197418	0.2328
337.449434	0.23117
337.70145	0.2305
337.953466	0.22886
338.205482	0.2272
338.457498	0.22671
338.709514	0.22571
338.96153	0.22377
339.213546	0.22198
339.465562	0.22014
339.717578	0.21817
339.969594	0.21692
340.22161	0.21563
340.473626	0.21301
340.725642	0.21119
340.977658	0.21047
341.229674	0.20947
341.48169	0.20844
341.733706	0.20768
341.985722	0.20648
342.237738	0.20531
342.489754	0.20466
342.74177	0.20411
342.993786	0.20325
343.245802	0.20178
343.497818	0.20085
343.749834	0.20042
344.00185	0.20002
344.253866	0.19899
344.505882	0.19783
344.757898	0.19746
345.009914	0.19709
345.26193	0.19647
345.513946	0.19608
345.765962	0.19541
346.017978	0.19471
346.269994	0.19403
346.52201	0.19273
346.774026	0.1914
347.026042	0.19068
347.278058	0.19023
347.530074	0.1895
347.78209	0.18845
348.034106	0.18697
348.286122	0.18557
348.538138	0.18428
348.790154	0.18326
349.04217	0.18202
349.294186	0.18044
349.546202	0.17841
349.798218	0.17658
350.050234	0.17686
350.30225	0.17614
350.554266	0.1753
350.806282	0.17457
351.058298	0.17334
351.310314	0.17208
351.56233	0.17061
351.814346	0.16935
352.066362	0.16979
352.318378	0.17019
352.570394	0.17021
352.82241	0.1699
353.074426	0.16988
353.326442	0.16984
353.578458	0.1692
353.830474	0.16857
354.08249	0.16818
354.334506	0.16735
354.586522	0.16618
354.838538	0.16627
355.090554	0.16664
355.34257	0.1669
355.594586	0.16662
355.846602	0.16629
356.098618	0.16585
356.350634	0.16576
356.60265	0.16555
356.854666	0.16482
357.106682	0.16403
357.358698	0.16229
357.610714	0.16195
357.86273	0.16111
358.114746	0.16003
358.366762	0.15958
358.618778	0.15871
358.870794	0.15842
359.12281	0.15804
359.374826	0.15747
359.626842	0.15642
359.878858	0.15514
360.130874	0.15447
360.38289	0.15466
360.634906	0.15532
360.886922	0.15484
361.138938	0.15384
361.390954	0.15352
361.64297	0.15344
361.894986	0.15358
362.147002	0.15312
362.399018	0.15221
362.651034	0.15185
362.90305	0.15228
363.155066	0.15283
363.407082	0.15286
363.659098	0.1528
363.911114	0.15242
364.16313	0.15271
364.415146	0.15271
364.667162	0.15228
364.919178	0.15269
365.171194	0.15239
365.42321	0.15108
365.675226	0.15029
365.927242	0.15043
366.179258	0.15018
366.431274	0.14948
366.68329	0.14953
366.935306	0.14951
367.187322	0.14773
367.439338	0.14706
367.691354	0.14832
367.94337	0.14793
368.195386	0.14721
368.447402	0.14642
368.699418	0.14509
368.951434	0.14444
369.20345	0.14452
369.455466	0.14429
369.707482	0.1432
369.959498	0.1425
370.211514	0.1425
370.46353	0.14207
370.715546	0.14155
370.967562	0.14107
371.219578	0.14125
371.471594	0.14129
371.72361	0.14081
371.975626	0.14118
372.227642	0.14141
372.479658	0.14096
372.731674	0.13953
372.98369	0.13811
373.235706	0.13834
373.487722	0.13867
373.739738	0.13715
373.991754	0.13664
374.24377	0.13672
374.495786	0.13699
374.747802	0.13687
374.999818	0.13707
375.251834	0.13736
375.50385	0.13488
375.755866	0.1336
376.007882	0.13177
376.259898	0.12877
376.511914	0.13116
376.76393	0.13316
377.015946	0.1329
377.267962	0.13031
377.519978	0.13292
377.771994	0.13678
378.02401	0.13198
378.276026	0.12995
378.528042	0.12998
378.780058	0.12799
379.032074	0.12826
379.28409	0.12991
379.536106	0.12979
379.788122	0.12934
380.040138	0.12904
380.292154	0.12843
380.54417	0.12963
380.796186	0.13141
381.048202	0.13081
381.300218	0.13067
381.552234	0.13143
381.80425	0.13244
382.056266	0.13314
382.308282	0.13393
382.560298	0.13484
382.812314	0.13493
383.06433	0.13516
383.316346	0.13608
383.568362	0.13726
383.820378	0.13749
384.072394	0.1382
384.32441	0.13819
384.576426	0.13741
384.828442	0.13728
385.080458	0.13752
385.332474	0.1371
385.58449	0.13636
385.836506	0.13656
386.088522	0.13712
386.340538	0.13737
386.592554	0.13603
386.84457	0.13548
387.096586	0.13661
387.348602	0.13665
387.600618	0.13571
387.852634	0.13501
388.10465	0.13512
388.356666	0.13473
388.608682	0.13453
388.860698	0.13536
389.112714	0.13593
389.36473	0.13552
389.616746	0.13483
389.868762	0.13471
390.120778	0.13489
390.372794	0.13457
390.62481	0.13461
390.876826	0.13503
391.128842	0.13474
391.380858	0.13426
391.632874	0.13439
391.88489	0.13464
392.136906	0.13409
392.388922	0.13396
392.640938	0.134
392.892954	0.1335
393.14497	0.13297
393.396986	0.1331
393.649002	0.13336
393.901018	0.13283
394.153034	0.1316
394.40505	0.13048
394.657066	0.13014
394.909082	0.12921
395.161098	0.12863
395.413114	0.12837
395.66513	0.12809
395.917146	0.1276
396.169162	0.12701
396.421178	0.12645
396.673194	0.12569
396.92521	0.12423
397.177226	0.12259
397.429242	0.12164
397.681258	0.12048
397.933274	0.12012
398.18529	0.12138
398.437306	0.12125
398.689322	0.12037
398.941338	0.1205
399.193354	0.11946
399.44537	0.1187
399.697386	0.11897
399.949402	0.11864
400.201418	0.11727
400.453434	0.11577
400.70545	0.1162
400.957466	0.11609
401.209482	0.115
401.461498	0.11444
401.713514	0.11365
401.96553	0.1129
402.217546	0.11249
402.469562	0.11219
402.721578	0.11106
402.973594	0.11024
403.22561	0.10955
403.477626	0.10861
403.729642	0.10773
403.981658	0.10648
404.233674	0.10484
404.48569	0.10362
404.737706	0.10167
404.989722	0.09985
405.241738	0.09968
405.493754	0.09914
405.74577	0.09809
405.997786	0.09804
406.249802	0.09861
406.501818	0.09838
406.753834	0.09796
407.00585	0.0979
407.257866	0.0969
407.509882	0.09576
407.761898	0.09527
408.013914	0.09489
408.26593	0.09545
408.517946	0.0949
408.769962	0.09312
409.021978	0.09211
409.273994	0.09128
409.52601	0.09014
409.778026	0.0903
410.030042	0.09052
410.282058	0.08943
410.534074	0.08835
410.78609	0.08695
411.038106	0.08703
411.290122	0.08765
411.542138	0.08749
411.794154	0.08702
412.04617	0.08645
412.298186	0.08641
412.550202	0.08594
412.802218	0.08562
413.054234	0.08488
413.30625	0.08336
413.558266	0.08239
413.810282	0.08215
414.062298	0.08146
414.314314	0.08034
414.56633	0.07985
414.818346	0.07972
415.070362	0.07913
415.322378	0.07864
415.574394	0.07771
415.82641	0.07662
416.078426	0.07562
416.330442	0.07416
416.582458	0.0738
416.834474	0.07377
417.08649	0.07368
417.338506	0.07459
417.590522	0.07477
417.842538	0.07423
418.094554	0.07446
418.34657	0.07408
418.598586	0.07302
418.850602	0.07244
419.102618	0.07168
419.354634	0.07193
419.60665	0.07221
419.858666	0.07218
420.110682	0.07238
420.362698	0.07209
420.614714	0.07173
420.86673	0.0712
421.118746	0.07182
421.370762	0.07246
421.622778	0.07098
421.874794	0.06985
422.12681	0.06987
422.378826	0.06965
422.630842	0.06936
422.882858	0.06936
423.134874	0.06886
423.38689	0.06849
423.638906	0.06842
423.890922	0.0681
424.142938	0.06795
424.394954	0.06755
424.64697	0.06681
424.898986	0.06606
425.151002	0.06616
425.403018	0.06642
425.655034	0.06631
425.90705	0.06593
426.159066	0.06583
426.411082	0.06563
426.663098	0.06495
426.915114	0.0658
427.16713	0.06581
427.419146	0.06435
427.671162	0.06439
427.923178	0.06476
428.175194	0.06434
428.42721	0.06381
428.679226	0.06394
428.931242	0.06359
429.183258	0.06366
429.435274	0.06418
429.68729	0.06386
429.939306	0.06397
430.191322	0.06454
430.443338	0.06495
430.695354	0.06476
430.94737	0.06375
431.199386	0.06312
431.451402	0.0638
431.703418	0.0636
431.955434	0.06242
432.20745	0.06273
432.459466	0.06251
432.711482	0.06147
432.963498	0.06192
433.215514	0.06234
433.46753	0.06196
433.719546	0.06108
433.971562	0.06074
434.223578	0.0608
434.475594	0.0608
434.72761	0.0606
434.979626	0.06023
435.231642	0.06029
435.483658	0.06074
435.735674	0.06083
435.98769	0.06059
436.239706	0.06062
436.491722	0.06039
436.743738	0.05992
436.995754	0.05971
437.24777	0.06043
437.499786	0.06126
437.751802	0.06123
438.003818	0.06082
438.255834	0.06055
438.50785	0.061
438.759866	0.06147
439.011882	0.06052
439.263898	0.06046
439.515914	0.06068
439.76793	0.06043
440.019946	0.06075
440.271962	0.06056
440.523978	0.06049
440.775994	0.06034
441.02801	0.06041
441.280026	0.05953
441.532042	0.05864
441.784058	0.05921
442.036074	0.05977
442.28809	0.05916
442.540106	0.05843
442.792122	0.05797
443.044138	0.05721
443.296154	0.05727
443.54817	0.05768
443.800186	0.05828
444.052202	0.05846
444.304218	0.05848
444.556234	0.05804
444.80825	0.05773
445.060266	0.05773
445.312282	0.05734
445.564298	0.05751
445.816314	0.0575
446.06833	0.05616
446.320346	0.05539
446.572362	0.05555
446.824378	0.05427
447.076394	0.05295
447.32841	0.05365
447.580426	0.05551
447.832442	0.0565
448.084458	0.05622
448.336474	0.05607
448.58849	0.05616
448.840506	0.05567
449.092522	0.05563
449.344538	0.05617
449.596554	0.05666
449.84857	0.05631
450.100586	0.05534
450.352602	0.05544
450.604618	0.05487
450.856634	0.054
451.10865	0.05327
451.360666	0.05216
451.612682	0.05209
451.864698	0.05127
452.116714	0.04928
452.36873	0.0488
452.620746	0.05045
452.872762	0.05194
453.124778	0.05279
453.376794	0.05356
453.62881	0.05188
453.880826	0.05055
454.132842	0.05149
454.384858	0.05118
454.636874	0.05009
454.88889	0.04939
455.140906	0.04892
455.392922	0.04908
455.644938	0.04936
455.896954	0.04943
456.14897	0.05122
456.400986	0.05294
456.653002	0.05387
456.905018	0.05363
457.157034	0.05176
457.40905	0.05187
457.661066	0.05368
457.913082	0.05457
458.165098	0.05481
458.417114	0.05449
458.66913	0.05268
458.921146	0.05347
459.173162	0.05533
459.425178	0.05429
459.677194	0.05273
459.92921	0.053
460.181226	0.05353
460.433242	0.05187
460.685258	0.05263
460.937274	0.05394
461.18929	0.05255
461.441306	0.05316
461.693322	0.05243
461.945338	0.05191
462.197354	0.05246
462.44937	0.05319
462.701386	0.05469
462.953402	0.05394
463.205418	0.05247
463.457434	0.05221
463.70945	0.0525
463.961466	0.05171
464.213482	0.05207
464.465498	0.05337
464.717514	0.05325
464.96953	0.05277
465.221546	0.05169
465.473562	0.05171
465.725578	0.05314
465.977594	0.05298
466.22961	0.0527
466.481626	0.05331
466.733642	0.05267
466.985658	0.05265
467.237674	0.05338
467.48969	0.05177
467.741706	0.0516
467.993722	0.05386
468.245738	0.05446
468.497754	0.05346
468.74977	0.05232
469.001786	0.05229
469.253802	0.05369
469.505818	0.05439
469.757834	0.05319
470.00985	0.05238
470.261866	0.05306
470.513882	0.0531
470.765898	0.05393
471.017914	0.05464
471.26993	0.05489
471.521946	0.05597
471.773962	0.05448
472.025978	0.05273
472.277994	0.05297
472.53001	0.05315
472.782026	0.05299
473.034042	0.05289
473.286058	0.05321
473.538074	0.05326
473.79009	0.05389
474.042106	0.05513
474.294122	0.05543
474.546138	0.05507
474.798154	0.05468
475.05017	0.05433
475.302186	0.05539
475.554202	0.05686
475.806218	0.05718
476.058234	0.05676
476.31025	0.05586
476.562266	0.05604
476.814282	0.05724
477.066298	0.05695
477.318314	0.05656
477.57033	0.05719
477.822346	0.05733
478.074362	0.05811
478.326378	0.05889
478.578394	0.05808
478.83041	0.05818
479.082426	0.05898
479.334442	0.05871
479.586458	0.05859
479.838474	0.05874
480.09049	0.059
480.342506	0.05848
480.594522	0.05825
480.846538	0.05901
481.098554	0.05928
481.35057	0.05954
481.602586	0.05952
481.854602	0.05935
482.106618	0.05866
482.358634	0.05819
482.61065	0.05768
482.862666	0.0572
483.114682	0.05755
483.366698	0.05728
483.618714	0.05695
483.87073	0.05679
484.122746	0.05729
484.374762	0.0578
484.626778	0.0577
484.878794	0.05784
485.13081	0.0578
485.382826	0.0578
485.634842	0.05773
485.886858	0.05752
486.138874	0.05763
486.39089	0.05802
486.642906	0.0581
486.894922	0.05793
487.146938	0.05746
487.398954	0.05701
487.65097	0.05769
487.902986	0.05797
488.155002	0.05756
488.407018	0.0575
488.659034	0.05755
488.91105	0.05829
489.163066	0.0585
489.415082	0.05757
489.667098	0.057
489.919114	0.05678
490.17113	0.05626
490.423146	0.05578
490.675162	0.05557
490.927178	0.05574
491.179194	0.05585
491.43121	0.05578
491.683226	0.05574
491.935242	0.05554
492.187258	0.0557
492.439274	0.05559
492.69129	0.0552
492.943306	0.05528
493.195322	0.05504
493.447338	0.05452
493.699354	0.05421
493.95137	0.05434
494.203386	0.05483
494.455402	0.05446
494.707418	0.0534
494.959434	0.05289
495.21145	0.05249
495.463466	0.05219
495.715482	0.05211
495.967498	0.05237
496.219514	0.05282
496.47153	0.05357
496.723546	0.05412
496.975562	0.05327
497.227578	0.0523
497.479594	0.05162
497.73161	0.05181
497.983626	0.05211
498.235642	0.0514
498.487658	0.05071
498.739674	0.05059
498.99169	0.05164
499.243706	0.0516
499.495722	0.05089
499.747738	0.05179
499.999754	0.05213
500.25177	0.05085
500.503786	0.05001
500.755802	0.05058
501.007818	0.05025
501.259834	0.04967
501.51185	0.04996
501.763866	0.05012
502.015882	0.04952
502.267898	0.04887
502.519914	0.04902
502.77193	0.0493
503.023946	0.04931
503.275962	0.04898
503.527978	0.04934
503.779994	0.04979
504.03201	0.04966
504.284026	0.04888
504.536042	0.04806
504.788058	0.04808
505.040074	0.04783
505.29209	0.04742
505.544106	0.04778
505.796122	0.04833
506.048138	0.04815
506.300154	0.04786
506.55217	0.04772
506.804186	0.0474
507.056202	0.04701
507.308218	0.04676
507.560234	0.04672
507.81225	0.04695
508.064266	0.04727
508.316282	0.04776
508.568298	0.04849
508.820314	0.04872
509.07233	0.04852
509.324346	0.04854
509.576362	0.0484
509.828378	0.04852
510.080394	0.04928
510.33241	0.04894
510.584426	0.04829
510.836442	0.04825
511.088458	0.04834
511.340474	0.04841
511.59249	0.04858
511.844506	0.04851
512.096522	0.04828
512.348538	0.04798
512.600554	0.04789
512.85257	0.04824
513.104586	0.04864
513.356602	0.04872
513.608618	0.04824
513.860634	0.04809
514.11265	0.04827
514.364666	0.04825
514.616682	0.04792
514.868698	0.04751
515.120714	0.04703
515.37273	0.04666
515.624746	0.04653
515.876762	0.04665
516.128778	0.04683
516.380794	0.0467
516.63281	0.04645
516.884826	0.04622
517.136842	0.04603
517.388858	0.04606
517.640874	0.04606
517.89289	0.04608
518.144906	0.04604
518.396922	0.04513
518.648938	0.04445
518.900954	0.04463
519.15297	0.04442
519.404986	0.04394
519.657002	0.04364
519.909018	0.04349
520.161034	0.04321
520.41305	0.04288
520.665066	0.04323
520.917082	0.04343
521.169098	0.0431
521.421114	0.04296
521.67313	0.04271
521.925146	0.04266
522.177162	0.04293
522.429178	0.0426
522.681194	0.04199
522.93321	0.04167
523.185226	0.04175
523.437242	0.04139
523.689258	0.04115
523.941274	0.04134
524.19329	0.04132
524.445306	0.04116
524.697322	0.04108
524.949338	0.0406
525.201354	0.03988
525.45337	0.04006
525.705386	0.04002
525.957402	0.03974
526.209418	0.03936
526.461434	0.03916
526.71345	0.03902
526.965466	0.03852
527.217482	0.03829
527.469498	0.0381
527.721514	0.03799
527.97353	0.03809
528.225546	0.03794
528.477562	0.03736
528.729578	0.0371
528.981594	0.03694
529.23361	0.03683
529.485626	0.03684
529.737642	0.03651
529.989658	0.03627
530.241674	0.03603
530.49369	0.03576
530.745706	0.03573
530.997722	0.03565
531.249738	0.03561
531.501754	0.03566
531.75377	0.03524
532.005786	0.03472
532.257802	0.0344
532.509818	0.03452
532.761834	0.03444
533.01385	0.03397
533.265866	0.03379
533.517882	0.03377
533.769898	0.03356
534.021914	0.03348
534.27393	0.03335
534.525946	0.03269
534.777962	0.03253
535.029978	0.03254
535.281994	0.03221
535.53401	0.03194
535.786026	0.03179
536.038042	0.0319
536.290058	0.03159
536.542074	0.03083
536.79409	0.03059
537.046106	0.03051
537.298122	0.03025
537.550138	0.03057
537.802154	0.03042
538.05417	0.03003
538.306186	0.02983
538.558202	0.02943
538.810218	0.02944
539.062234	0.02915
539.31425	0.02903
539.566266	0.02918
539.818282	0.02907
540.070298	0.02896
540.322314	0.02863
540.57433	0.02848
540.826346	0.02836
541.078362	0.02792
541.330378	0.02794
541.582394	0.02808
541.83441	0.02779
542.086426	0.0271
542.338442	0.02689
542.590458	0.02718
542.842474	0.02674
543.09449	0.02631
543.346506	0.02633
543.598522	0.02617
543.850538	0.02575
544.102554	0.02561
544.35457	0.02536
544.606586	0.02499
544.858602	0.02506
545.110618	0.02508
545.362634	0.02506
545.61465	0.02486
545.866666	0.02467
546.118682	0.02451
546.370698	0.02413
546.622714	0.02394
546.87473	0.02349
547.126746	0.02298
547.378762	0.023
547.630778	0.02314
547.882794	0.0228
548.13481	0.02257
548.386826	0.02275
548.638842	0.02258
548.890858	0.02287
549.142874	0.02321
549.39489	0.02279
549.646906	0.02233
549.898922	0.02193
550.150938	0.02185
550.402954	0.0219
550.65497	0.02159
550.906986	0.02169
551.159002	0.02194
551.411018	0.02146
551.663034	0.02107
551.91505	0.02099
552.167066	0.02102
552.419082	0.02068
552.671098	0.02042
552.923114	0.0206
553.17513	0.0206
553.427146	0.02043
553.679162	0.02006
553.931178	0.01978
554.183194	0.01998
554.43521	0.02007
554.687226	0.01981
554.939242	0.01968
555.191258	0.01952
555.443274	0.01929
555.69529	0.01911
555.947306	0.01871
556.199322	0.01814
556.451338	0.01824
556.703354	0.01848
556.95537	0.01825
557.207386	0.01823
557.459402	0.01862
557.711418	0.01894
557.963434	0.01911
558.21545	0.01903
558.467466	0.01854
558.719482	0.01843
558.971498	0.01878
559.223514	0.01834
559.47553	0.01765
559.727546	0.018
559.979562	0.01838
560.231578	0.01816
560.483594	0.01795
560.73561	0.01794
560.987626	0.01786
561.239642	0.01745
561.491658	0.01702
561.743674	0.0169
561.99569	0.01728
562.247706	0.0176
562.499722	0.01793
562.751738	0.01779
563.003754	0.01715
563.25577	0.017
563.507786	0.0167
563.759802	0.01622
564.011818	0.01578
564.263834	0.01542
564.51585	0.01595
564.767866	0.01636
565.019882	0.01593
565.271898	0.01567
565.523914	0.01639
565.77593	0.01688
566.027946	0.01646
566.279962	0.01605
566.531978	0.01621
566.783994	0.01626
567.03601	0.01571
567.288026	0.01555
567.540042	0.01574
567.792058	0.01552
568.044074	0.01501
568.29609	0.01482
568.548106	0.01506
568.800122	0.01531
569.052138	0.01551
569.304154	0.01513
569.55617	0.01491
569.808186	0.01561
570.060202	0.01531
570.312218	0.01459
570.564234	0.01429
570.81625	0.01458
571.068266	0.01465
571.320282	0.0144
571.572298	0.01462
571.824314	0.01431
572.07633	0.01425
572.328346	0.01422
572.580362	0.01369
572.832378	0.01479
573.084394	0.01544
573.33641	0.01433
573.588426	0.01341
573.840442	0.01373
574.092458	0.01384
574.344474	0.01306
574.59649	0.01314
574.848506	0.01328
575.100522	0.01354
575.352538	0.01372
575.604554	0.01388
575.85657	0.01358
576.108586	0.01289
576.360602	0.01282
576.612618	0.01264
576.864634	0.01278
577.11665	0.01335
577.368666	0.0134
577.620682	0.01251
577.872698	0.01236
578.124714	0.01253
578.37673	0.01219
578.628746	0.01229
578.880762	0.01234
579.132778	0.01268
579.384794	0.01261
579.63681	0.01244
579.888826	0.01285
580.140842	0.01225
580.392858	0.01142
580.644874	0.01127
580.89689	0.01195
581.148906	0.01248
581.400922	0.01279
581.652938	0.01307
581.904954	0.01271
582.15697	0.01358
582.408986	0.01356
582.661002	0.01231
582.913018	0.01201
583.165034	0.01276
583.41705	0.01372
583.669066	0.01341
583.921082	0.013
584.173098	0.01278
584.425114	0.01324
584.67713	0.01386
584.929146	0.0139
585.181162	0.0137
585.433178	0.01341
585.685194	0.01362
585.93721	0.01358
586.189226	0.01294
586.441242	0.01307
586.693258	0.01328
586.945274	0.01242
587.19729	0.01097
587.449306	0.01082
587.701322	0.0119
587.953338	0.01183
588.205354	0.01222
588.45737	0.01392
588.709386	0.01391
588.961402	0.01287
589.213418	0.0125
589.465434	0.01308
589.71745	0.01379
589.969466	0.0145
590.221482	0.01323
590.473498	0.01494
590.725514	0.0171
590.97753	0.01177
591.229546	0.00978
591.481562	0.01216
591.733578	0.01123
591.985594	0.01076
592.23761	0.01075
592.489626	0.0108
592.741642	0.01297
592.993658	0.01323
593.245674	0.01363
593.49769	0.01443
593.749706	0.01323
594.001722	0.01225
594.253738	0.01323
594.505754	0.01351
594.75777	0.0134
595.009786	0.01384
595.261802	0.01348
595.513818	0.01342
595.765834	0.01306
596.01785	0.01261
596.269866	0.01285
596.521882	0.01306
596.773898	0.01349
597.025914	0.01362
597.27793	0.01413
597.529946	0.01403
597.781962	0.01369
598.033978	0.01425
598.285994	0.01411
598.53801	0.01416
598.790026	0.01361
599.042042	0.01312
599.294058	0.0142
599.546074	0.01383
599.79809	0.01302
600.050106	0.01347
600.302122	0.0137
600.554138	0.01346
600.806154	0.01446
601.05817	0.01528
601.310186	0.01433
601.562202	0.01496
601.814218	0.0161
602.066234	0.01555
602.6659	0.0139
608.517025	0.01598
614.36815	0.01847
620.219275	0.02087
626.0704	0.02548
631.921525	0.03067
637.77265	0.03681
643.623775	0.04292
649.4749	0.04949
655.326025	0.0556
661.17715	0.06124
667.028275	0.06555
672.8794	0.06943
678.730525	0.07579
684.58165	0.08208
690.432775	0.08809
696.2839	0.09364
702.135025	0.09734
707.98615	0.09987
713.837275	0.10711
719.6884	0.11448
725.539525	0.10386
731.39065	0.08071
737.241775	0.06661
743.0929	0.07078
748.944025	0.08078
754.79515	0.08696
760.646275	0.09213
766.4974	0.09794
772.348525	0.10335
778.19965	0.10791
784.050775	0.11252
789.9019	0.11984
795.753025	0.12948
801.60415	0.14063
807.455275	0.15234
813.3064	0.16375
819.157525	0.17529
825.00865	0.18584
830.859775	0.19125
836.7109	0.19117
842.562025	0.18517
848.41315	0.17746
854.264275	0.17822
860.1154	0.18679
865.966525	0.18568
871.81765	0.1725
877.668775	0.17876
883.5199	0.19852
889.371025	0.20889
895.22215	0.21274
901.073275	0.21344
906.9244	0.21577
912.775525	0.21793
918.62665	0.21779
924.477775	0.21481
930.3289	0.21332
936.180025	0.21179
942.03115	0.20982
947.882275	0.20733
953.7334	0.20204
959.584525	0.19402
965.43565	0.18119
971.286775	0.17294
977.1379	0.17797
982.989025	0.18454
988.84015	0.18476
994.691275	0.18297
1000.5424	0.17728
1006.393525	0.16739
1012.24465	0.14668
1018.095775	0.11928
1023.9469	0.12335
1029.798025	0.15102
1035.64915	0.16113
1041.500275	0.15739
1047.3514	0.1553
1053.202525	0.1538
1059.05365	0.15092
1064.904775	0.14336
1070.7559	0.13321
1076.607025	0.11763
1082.45815	0.10073
1088.309275	0.08534
1094.1604	0.0708
1100.011525	0.061
1105.86265	0.05742
1111.713775	0.05831
1117.5649	0.05647
1123.416025	0.0517
1129.26715	0.05649
1135.118275	0.07956
1140.9694	0.11048
1146.820525	0.13431
1152.67165	0.14646
1158.522775	0.15009
1164.3739	0.1495
1170.225025	0.14561
1176.07615	0.14214
1181.927275	0.13911
1187.7784	0.13478
1193.629525	0.12936
1199.48065	0.12274
1205.331775	0.11575
1211.1829	0.11006
1217.034025	0.10438
1222.88515	0.09547
1228.736275	0.08241
1234.5874	0.06486
1240.438525	0.04376
1246.28965	0.02695
1252.140775	0.02091
1257.9919	0.02104
1263.843025	0.0235
1269.69415	0.03014
1275.545275	0.04009
1281.3964	0.05355
1287.247525	0.07003
1293.09865	0.08692
1298.949775	0.10229
1304.8009	0.11502
1310.652025	0.1245
1316.50315	0.12981
1322.354275	0.13099
1328.2054	0.1257
1334.056525	0.10534
1339.90765	0.08392
1345.758775	0.09483
1351.6099	0.12027
1357.461025	0.12943
1363.31215	0.12918
1369.163275	0.12688
1375.0144	0.12627
1380.865525	0.1237
1386.71665	0.12188
1392.567775	0.12019
1398.4189	0.1158
1404.270025	0.10471
1410.12115	0.0989
1415.972275	0.11119
1421.8234	0.1232
1427.674525	0.12591
1433.52565	0.126
1439.376775	0.12535
1445.2279	0.12454
1451.079025	0.12403
1456.93015	0.12465
1462.781275	0.12453
1468.6324	0.12197
1474.483525	0.12255
1480.33465	0.1274
1486.185775	0.12997
1492.0369	0.13029
1497.888025	0.12634
1503.73915	0.12098
1509.590275	0.12404
1515.4414	0.12884
1521.292525	0.12815
1527.14365	0.12713
1532.994775	0.12679
1538.8459	0.12608
1544.697025	0.12537
1550.54815	0.12462
1556.399275	0.12392
1562.2504	0.12266
1568.101525	0.12168
1573.95265	0.12019
1579.803775	0.11955
1585.6549	0.12034
1591.506025	0.12074
1597.35715	0.12001
1603.208275	0.11857
1609.0594	0.11725
1614.910525	0.1159
1620.76165	0.1154
1626.612775	0.11445
1632.4639	0.11296
1638.315025	0.11197
1644.16615	0.11026
1650.017275	0.10799
1655.8684	0.10589
1661.719525	0.10415
1667.57065	0.10198
1673.421775	0.09995
1679.2729	0.09785
1685.124025	0.09639
1690.97515	0.09558
1696.826275	0.09257
1702.6774	0.08412
1708.528525	0.06127
1714.37965	0.03265
1720.230775	0.0215
1726.0819	0.02806
1731.933025	0.04233
1737.78415	0.06574
1743.635275	0.09292
1749.4864	0.11314
1755.337525	0.12076
1761.18865	0.1219
1767.039775	0.12152
1772.8909	0.12074
1778.742025	0.12053
1784.59315	0.11986
1790.444275	0.11886
1796.2954	0.11817
1802.146525	0.11787
1807.99765	0.11722
1813.848775	0.11664
1819.6999	0.11621
1825.551025	0.11567
1831.40215	0.11533
1837.253275	0.11515
1843.1044	0.115
1848.955525	0.11492
1854.80665	0.11521
1860.657775	0.11502
1866.5089	0.11518
1872.360025	0.1152
1878.21115	0.11511
1884.062275	0.11503
1889.9134	0.11478
1895.764525	0.11473
1901.61565	0.11449
1907.466775	0.11421
1913.3179	0.11415
1919.169025	0.11439
1925.02015	0.11437
1930.871275	0.1139
1936.7224	0.11382
1942.573525	0.11372
1948.42465	0.11342
1954.275775	0.11307
1960.1269	0.11261
1965.978025	0.11283
1971.82915	0.11335
1977.680275	0.11352
1983.5314	0.1136
1989.382525	0.11343
1995.23365	0.11344
2001.084775	0.11377
2006.9359	0.11409
2012.787025	0.11429
2018.63815	0.11429
2024.489275	0.11436
2030.3404	0.11451
2036.191525	0.11442
2042.04265	0.11454
2047.893775	0.11479
2053.7449	0.11494
2059.596025	0.11532
2065.44715	0.11583
2071.298275	0.11595
2077.1494	0.1163
2083.000525	0.11625
2088.85165	0.11604
2094.702775	0.11639
2100.5539	0.11693
2106.405025	0.11769
2112.25615	0.11857
2118.107275	0.11936
2123.9584	0.12037
2129.809525	0.12125
2135.66065	0.12175
2141.511775	0.12226
2147.3629	0.12282
2153.214025	0.1236
2159.06515	0.12437
2164.916275	0.12475
2170.7674	0.12587
2176.618525	0.12691
2182.46965	0.12735
2188.320775	0.128
2194.1719	0.12874
2200.023025	0.12917
2205.87415	0.1297
2211.725275	0.13026
2217.5764	0.1307
2223.427525	0.13109
2229.27865	0.13122
2235.129775	0.13162
2240.9809	0.13208
2246.832025	0.13235
2252.68315	0.13285
2258.534275	0.13317
2264.3854	0.13336
2270.236525	0.13373
2276.08765	0.13441
2281.938775	0.13442
2287.7899	0.13415
2293.641025	0.13443
2299.49215	0.13532
2305.343275	0.13584
2311.1944	0.13597
2317.045525	0.13674
2322.89665	0.13725
2328.747775	0.13743
2334.5989	0.13802
2340.450025	0.13886
2346.30115	0.13969
2352.152275	0.14004
2358.0034	0.14043
2363.854525	0.14055
2369.70565	0.14073
2375.556775	0.14116
2381.4079	0.14203
2387.259025	0.14255
2393.11015	0.14279
2398.961275	0.14331
2404.8124	0.14334
2410.663525	0.14346
2416.51465	0.14417
2422.365775	0.14484
2428.2169	0.14498
2434.068025	0.14531
2439.91915	0.14579
2445.770275	0.14588
2451.6214	0.14643
2457.472525	0.14696
2463.32365	0.14737
2469.174775	0.14752
2475.0259	0.14794
2480.877025	0.14814
2486.72815	0.14818
2492.579275	0.14875
2498.4304	0.14942
2504.281525	0.15012
2510.13265	0.15065
2515.983775	0.15123
2521.8349	0.15181
2527.686025	0.1519
2533.53715	0.15186
2539.388275	0.15243
2545.2394	0.15259
2551.090525	0.1525
2556.94165	0.15309
2562.792775	0.15303
2568.6439	0.15343
2574.495025	0.15399
2580.34615	0.15424
2586.197275	0.15442
2592.0484	0.1543
2597.899525	0.15443
2603.75065	0.15472
2609.601775	0.15447
2615.4529	0.15401
2621.304025	0.15415
2627.15515	0.15427
2633.006275	0.15376
2638.8574	0.1541
2644.708525	0.15446
2650.55965	0.15453
2656.410775	0.15448
2662.2619	0.1539
2668.113025	0.15332
2673.96415	0.15333
2679.815275	0.15364
2685.6664	0.15345
2691.517525	0.15301
2697.36865	0.15256
2703.219775	0.15212
2709.0709	0.15184
2714.922025	0.15177
2720.77315	0.15152
2726.624275	0.15078
2732.4754	0.15059
2738.326525	0.15048
2744.17765	0.14995
2750.028775	0.14888
2755.8799	0.14834
2761.731025	0.14824
2767.58215	0.14769
2773.433275	0.14725
2779.2844	0.14685
2785.135525	0.14643
2790.98665	0.14596
2796.837775	0.14504
2802.6889	0.14423
2808.540025	0.14406
2814.39115	0.14418
2820.242275	0.14381
2826.0934	0.14331
2831.944525	0.14341
2837.79565	0.14288
2843.646775	0.1424
2849.4979	0.142
2855.349025	0.14129
2861.20015	0.14121
2867.051275	0.14111
2872.9024	0.14082
2878.753525	0.14026
2884.60465	0.14009
2890.455775	0.1395
2896.3069	0.13812
2902.158025	0.13731
2908.00915	0.13747
2913.860275	0.1383
2919.7114	0.13942
2925.562525	0.13957
2931.41365	0.13951
2937.264775	0.13889
2943.1159	0.13817
2948.967025	0.13684
2954.81815	0.13505
2960.669275	0.13373
2966.5204	0.1326
2972.371525	0.13269
2978.22265	0.13391
2984.073775	0.1354
2989.9249	0.13637
2995.776025	0.13638
3001.62715	0.13661
3007.478275	0.13689
3013.3294	0.13635
3019.180525	0.13625
3025.03165	0.13684
3030.882775	0.13688
3036.7339	0.13638
3042.585025	0.13614
3048.43615	0.13526
3054.287275	0.13412
3060.1384	0.13437
3065.989525	0.13469
3071.84065	0.13456
3077.691775	0.1341
3083.5429	0.1336
3089.394025	0.13353
3095.24515	0.13384
3101.096275	0.13379
3106.9474	0.13362
3112.798525	0.13366
3118.64965	0.13332
3124.500775	0.13331
3130.3519	0.13347
3136.203025	0.13345
3142.05415	0.13349
3147.905275	0.13345
3153.7564	0.13373
3159.607525	0.13363
3165.45865	0.13382
3171.309775	0.13399
3177.1609	0.13422
3183.012025	0.13413
3188.86315	0.13358
3194.714275	0.13381
3200.5654	0.13419
3206.416525	0.13373
3212.26765	0.13374
3218.118775	0.13355
3223.9699	0.13363
3229.821025	0.13404
3235.67215	0.13391
3241.523275	0.13366
3247.3744	0.13357
3253.225525	0.13409
3259.07665	0.13404
3264.927775	0.13341
3270.7789	0.13341
3276.630025	0.13354
3282.48115	0.13354
3288.332275	0.13363
3294.1834	0.13366
3300.034525	0.13338
3305.88565	0.1333
3311.736775	0.13323
3317.5879	0.13318
3323.439025	0.13324
3329.29015	0.1329
3335.141275	0.13257
3340.9924	0.13239
3346.843525	0.13212
3352.69465	0.13194
3358.545775	0.13179
3364.3969	0.1318
3370.248025	0.13142
3376.09915	0.13128
3381.950275	0.1315
3387.8014	0.13154
3393.652525	0.13111
3399.50365	0.13029
3405.354775	0.13015
3411.2059	0.13017
3417.057025	0.12881
3422.90815	0.12802
3428.759275	0.12779
3434.6104	0.12789
3440.461525	0.12855
3446.31265	0.12928
3452.163775	0.12908
3458.0149	0.1289
3463.866025	0.12915
3469.71715	0.129
3475.568275	0.12899
3481.4194	0.12872
3487.270525	0.12811
3493.12165	0.12818
3498.972775	0.12815
3504.8239	0.1282
3510.675025	0.12835
3516.52615	0.12855
3522.377275	0.12841
3528.2284	0.12824
3534.079525	0.12873
3539.93065	0.12864
3545.781775	0.12832
3551.6329	0.12812
3557.484025	0.12802
3563.33515	0.12804
3569.186275	0.12776
3575.0374	0.12776
3580.888525	0.1279
3586.73965	0.12792
3592.590775	0.12797
3598.4419	0.12823
3604.293025	0.12822
3610.14415	0.12804
3615.995275	0.128
3621.8464	0.12792
3627.697525	0.12805
3633.54865	0.12831
3639.399775	0.12841
3645.2509	0.12856
3651.102025	0.12794
3656.95315	0.12762
3662.804275	0.12829
3668.6554	0.12874
3674.506525	0.12851
3680.35765	0.12858
3686.208775	0.12884
3692.0599	0.12886
3697.911025	0.12824
3703.76215	0.12837
3709.613275	0.12935
3715.4644	0.12893
3721.315525	0.12845
3727.16665	0.12896
3733.017775	0.12907
3738.8689	0.12829
3744.720025	0.12803
3750.57115	0.12911
3756.422275	0.12962
3762.2734	0.12923
3768.124525	0.12894
3773.97565	0.12916
3779.826775	0.12885
3785.6779	0.12866
3791.529025	0.12872
3797.38015	0.12877
3803.231275	0.12906
3809.0824	0.12932
3814.933525	0.12986
3820.78465	0.13006
3826.635775	0.12984
3832.4869	0.12971
3838.338025	0.12953
3844.18915	0.12964
3850.040275	0.13044
3855.8914	0.13109
3861.742525	0.13103
3867.59365	0.13156
3873.444775	0.1311
3879.2959	0.13058
3885.147025	0.13084
3890.99815	0.13012
3896.849275	0.13084
3902.7004	0.13212
3908.551525	0.13194
3914.40265	0.13196
3920.253775	0.13201
3926.1049	0.13159
3931.956025	0.13104
3937.80715	0.13178
3943.658275	0.13182
3949.5094	0.13172
3955.360525	0.13212
3961.21165	0.13198
3967.062775	0.13123
3972.9139	0.1314
3978.765025	0.13191
3984.61615	0.13216
3990.467275	0.13207
3996.3184	0.13137
4002.169525	0.13153
4008.02065	0.13166
4013.871775	0.1319
4019.7229	0.13201
4025.574025	0.13192
4031.42515	0.13187
4037.276275	0.13213
4043.1274	0.13276
4048.978525	0.13274
4054.82965	0.134
4060.680775	0.13422
4066.5319	0.13343
4072.383025	0.1335
4078.23415	0.13412
4084.085275	0.13489
4089.9364	0.13487
4095.787525	0.13414
4101.63865	0.13445
4107.489775	0.13517
4113.3409	0.13514
4119.192025	0.13506
4125.04315	0.13415
4130.894275	0.13429
4136.7454	0.13535
4142.596525	0.13527
4148.44765	0.13562
4154.298775	0.13558
4160.1499	0.13618
4166.001025	0.1364
4171.85215	0.13503
4177.703275	0.13466
4183.5544	0.13591
4189.405525	0.13666
4195.25665	0.1369
4201.107775	0.13646
4206.9589	0.13593
4212.810025	0.13605
4218.66115	0.13534
4224.512275	0.13478
4230.3634	0.13527
4236.214525	0.13665
4242.06565	0.13712
4247.916775	0.13635
4253.7679	0.13695
4259.619025	0.13684
4265.47015	0.13647
4271.321275	0.13663
4277.1724	0.13586
4283.023525	0.13583
4288.87465	0.13635
4294.725775	0.13676
4300.5769	0.13682
4306.428025	0.13589
4312.27915	0.1369
4318.130275	0.13695
4323.9814	0.13594
4329.832525	0.13645
4335.68365	0.13657
4341.534775	0.13579
4347.3859	0.13644
4353.237025	0.13704
4359.08815	0.13683
4364.939275	0.13685
4370.7904	0.13727
4376.641525	0.13746
4382.49265	0.13663
4388.343775	0.13621
4394.1949	0.13655
4400.046025	0.13611
4405.89715	0.13612
4411.748275	0.13705
4417.5994	0.13743
4423.450525	0.13763
4429.30165	0.13704
4435.152775	0.13667
4441.0039	0.13821
4446.855025	0.1384
4452.70615	0.13729
4458.557275	0.13705
4464.4084	0.13802
4470.259525	0.13845
4476.11065	0.13799
4481.961775	0.13948
4487.8129	0.13988
4493.664025	0.13824
4499.51515	0.13764
4505.366275	0.13777
4511.2174	0.13866
4517.068525	0.13903
4522.91965	0.13955
4528.770775	0.13855
4534.6219	0.13816
4540.473025	0.13778
4546.32415	0.13696
4552.175275	0.13774
4558.0264	0.13791
4563.877525	0.13721
4569.72865	0.13757
4575.579775	0.13774
4581.4309	0.13793
4587.282025	0.13842
4593.13315	0.13814
4598.984275	0.13729
4604.8354	0.13779
4610.686525	0.13771
4616.53765	0.13702
4622.388775	0.13723
4628.2399	0.13754
4634.091025	0.13803
4639.94215	0.13758
4645.793275	0.13778
4651.6444	0.13898
4657.495525	0.13783
4663.34665	0.13703
4669.197775	0.13726
4675.0489	0.1369
4680.900025	0.13679
4686.75115	0.13632
4692.602275	0.1364
4698.4534	0.13672
4704.304525	0.13676
4710.15565	0.1376
4716.006775	0.139
4721.8579	0.13799
4727.709025	0.13682
4733.56015	0.13772
4739.411275	0.13721
4745.2624	0.13741
4751.113525	0.13827
4756.96465	0.13874
4762.815775	0.13778
4768.6669	0.13468
4774.518025	0.13408
4780.36915	0.13594
4786.220275	0.13643
4792.0714	0.13677
4797.922525	0.13678
4803.77365	0.13704
4809.624775	0.13703
4815.4759	0.13731
4821.327025	0.13708
4827.17815	0.13629
4833.029275	0.13637
4838.8804	0.13677
4844.731525	0.1365
4850.58265	0.13725
4856.433775	0.13825
4862.2849	0.13791
4868.136025	0.13668
4873.98715	0.1363
4879.838275	0.13654
4885.6894	0.13734
4891.540525	0.13862
4897.39165	0.13769
4903.242775	0.13874
4909.0939	0.13841
4914.945025	0.13675
4920.79615	0.13877
4926.647275	0.13941
4932.4984	0.13908
4938.349525	0.13843
4944.20065	0.13721
4950.051775	0.13705
4955.9029	0.13758
4961.754025	0.13617
4967.60515	0.13581
4973.456275	0.13782
4979.3074	0.13916
4985.158525	0.13736
4991.00965	0.13646
4996.860775	0.13649
5002.7119	0.13749
5008.563025	0.13879
5014.41415	0.1369
5020.265275	0.13499
5026.1164	0.13476
5031.967525	0.13619
5037.81865	0.13819
5043.669775	0.13774
5049.5209	0.13636
5055.372025	0.1362
5061.22315	0.13674
5067.074275	0.13726
5072.9254	0.13732
5078.776525	0.13835
5084.62765	0.13799
5090.478775	0.13658
5096.3299	0.13867
5102.181025	0.13921
5108.03215	0.13923
5113.883275	0.13848
5119.7344	0.13864
5125.585525	0.1393
5131.43665	0.13758
5137.287775	0.13655
5143.1389	0.13747
5148.990025	0.13731
5154.84115	0.1364
5160.692275	0.13698
5166.5434	0.13896
5172.394525	0.13895
5178.24565	0.14015
5184.096775	0.13858
5189.9479	0.1357
5195.799025	0.1359
5201.65015	0.13776
5207.501275	0.14048
5213.3524	0.13987
5219.203525	0.13983
5225.05465	0.14135
5230.905775	0.14241
5236.7569	0.14145
5242.608025	0.14094
5248.45915	0.14298
5254.310275	0.14196
5260.1614	0.13963
5266.012525	0.13913
5271.86365	0.13953
5277.714775	0.14053
5283.5659	0.1409
5289.417025	0.13925
5295.26815	0.14006
5301.119275	0.14045
5306.9704	0.14117
5312.821525	0.14124
5318.67265	0.13825
5324.523775	0.13829
5330.3749	0.13953
5336.226025	0.13968
5342.07715	0.14106
5347.928275	0.14068
5353.7794	0.14039
5359.630525	0.13942
5365.48165	0.13785
5371.332775	0.13806
5377.1839	0.14004
5383.035025	0.14395
5388.88615	0.14328
5394.737275	0.14052
5400.5884	0.1385
5406.439525	0.13859
5412.29065	0.14153
5418.141775	0.14122
5423.9929	0.13815
5429.844025	0.1374
5435.69515	0.14105
5441.546275	0.14173
5447.3974	0.14083
5453.248525	0.14222
5459.09965	0.14413
5464.950775	0.14115
5470.8019	0.13659
5476.653025	0.14
5482.50415	0.14146
5488.355275	0.1399
5494.2064	0.13958
5500.057525	0.14062
5505.90865	0.14275
5511.759775	0.14084
5517.6109	0.14234
5523.462025	0.14301
5529.31315	0.1412
5535.164275	0.13875
5541.0154	0.13969
5546.866525	0.14297
5552.71765	0.14179
5558.568775	0.13913
5564.4199	0.14142
5570.271025	0.1381
5576.12215	0.1357
5581.973275	0.1402
5587.8244	0.14141
5593.675525	0.13955
5599.52665	0.13633
5605.377775	0.13698
5611.2289	0.13685
5617.080025	0.13556
5622.93115	0.13956
5628.782275	0.1433
5634.6334	0.14298
5640.484525	0.13933
5646.33565	0.13624
5652.186775	0.13622
5658.0379	0.13824
5663.889025	0.13973
5669.74015	0.14084
5675.591275	0.13858
5681.4424	0.13642
5687.293525	0.1399
5693.14465	0.14106
5698.995775	0.1358
5704.8469	0.13882
5710.698025	0.14364
5716.54915	0.14427
5722.400275	0.143
5728.2514	0.13912
5734.102525	0.13753
5739.95365	0.13804
5745.804775	0.13798
5751.6559	0.14085
5757.507025	0.13961
5763.35815	0.13716
5769.209275	0.13863
5775.0604	0.14098
5780.911525	0.14161
5786.76265	0.14033
5792.613775	0.13908
5798.4649	0.13579
5804.316025	0.13489
5810.16715	0.13586
5816.018275	0.13408
5821.8694	0.13561
5827.720525	0.13862
5833.57165	0.13899
5839.422775	0.13848
5845.2739	0.13924
5851.125025	0.13662
5856.97615	0.13316
5862.827275	0.13287
5868.6784	0.13749
5874.529525	0.13625
5880.38065	0.13621
5886.231775	0.14144
5892.0829	0.14047
5897.934025	0.13676
5903.78515	0.13545
5909.636275	0.13499
5915.4874	0.1343
5921.338525	0.13421
5927.18965	0.13398
5933.040775	0.13666
5938.8919	0.1365
5944.743025	0.1313
5950.59415	0.13597
5956.445275	0.13952
5962.2964	0.13495
5968.147525	0.13136
5973.99865	0.13067
5979.849775	0.1305
5985.7009	0.13357
5991.552025	0.13651
5997.40315	0.13685
6003.254275	0.13565
