# icm    alpha [1/mm]
0.733841 0.000333
0.833910 0.000452
1.167474 0.000317
3.135502 0.000595
5.003461 0.001310
5.432025 0.001191
5.916760 0.001343
6.380414 0.001494
6.864983 0.001624
7.349284 0.001711
7.876349 0.001906
8.339569 0.001992
8.845019 0.002100
9.392831 0.002252
10.299892 0.002663
10.786762 0.003140
11.277869 0.004244
11.746326 0.005110
12.274992 0.005543
12.782310 0.005933
13.289060 0.006236
13.733034 0.006583
14.219771 0.007037
14.707074 0.007579
15.236307 0.008098
15.681715 0.008661
15.966846 0.010891
16.190667 0.009289
16.699286 0.009874
16.965037 0.012035
17.187924 0.010610
17.900851 0.013186
18.586658 0.013122
19.335443 0.014290
20.084228 0.015457
20.770036 0.015394
21.581797 0.017793
22.392291 0.017718
23.204086 0.020117
23.702831 0.020070
24.514626 0.022469
25.201034 0.023643
25.949819 0.024810
26.573284 0.024753
27.322735 0.027157
28.009811 0.029568
28.884583 0.033198
29.321652 0.034395
29.884674 0.038054
30.447063 0.040476
31.072463 0.044129
31.758904 0.045303
33.356410 0.082300
34.023538 0.097700
34.690666 0.113000
35.357794 0.129000
36.024922 0.144000
36.692050 0.159000
37.359179 0.175000
38.026307 0.190000
38.693435 0.206000
39.360563 0.221000
40.027691 0.236000
40.694820 0.252000
41.361948 0.267000
42.029076 0.283000
42.696204 0.298000
43.363332 0.313000
44.030461 0.329000
44.697589 0.344000
45.364717 0.360000
46.031845 0.375000
46.698973 0.391000
47.366102 0.406000
48.033230 0.421000
48.700358 0.437000
49.367486 0.452000
50.034614 0.468000
50.701742 0.483000
51.368871 0.498000
52.035999 0.514000
52.703127 0.529000
53.370255 0.545000
54.037383 0.560000
54.704512 0.575000
55.371640 0.591000
56.038768 0.606000
56.705896 0.622000
57.373024 0.637000
58.040153 0.653000
58.707281 0.668000
59.374409 0.683000
60.041537 0.699000
60.708665 0.714000
61.375794 0.730000
62.042922 0.745000
62.710050 0.760000
63.377178 0.776000
64.044306 0.791000
64.711434 0.807000
65.378563 0.822000
66.045691 0.837000
66.712819 0.853000
67.379947 0.868000
68.047075 0.884000
68.714204 0.899000
69.381332 0.915000
70.048460 0.930000
70.715588 0.945000
71.382716 0.961000
72.049845 0.976000
72.716973 0.992000
73.384101 1.010000
74.051229 1.020000
74.718357 1.040000
75.385486 1.050000
76.052614 1.070000
76.719742 1.080000
77.386870 1.100000
78.053998 1.110000
78.721126 1.130000
79.388255 1.150000
80.055383 1.160000
80.722511 1.180000
81.389639 1.190000
82.056767 1.210000
82.723896 1.220000
83.391024 1.240000
84.058152 1.250000
84.725280 1.270000
85.392408 1.280000
86.059537 1.300000
86.726665 1.320000
87.393793 1.330000
87.882464 1.346116
87.943173 1.349500
88.125299 1.359278
88.408828 1.374292
88.775082 1.394279
89.204712 1.418559
89.697720 1.445981
90.754785 1.507150
91.824525 1.570908
92.331876 1.601274
92.778518 1.628647
93.163118 1.652852
93.462992 1.671109
93.656459 1.683217
93.720837 1.687449
93.807230 1.693286
94.023379 1.709309
94.370953 1.735260
94.806921 1.768810
95.332952 1.809814
95.927697 1.856424
97.240605 1.961880
98.571526 2.073326
99.186618 2.126722
99.736999 2.176023
100.197651 2.218095
100.567907 2.251771
100.799734 2.273077
100.892465 2.280940
100.939164 2.285241
101.055578 2.296749
101.242373 2.315573
101.476535 2.339688
101.758064 2.369255
102.087291 2.402208
102.773099 2.474934
103.463577 2.549861
103.798142 2.585328
104.086341 2.617999
104.326841 2.645264
104.519641 2.666945
104.640391 2.680374
104.688758 2.685428
104.808174 2.693021
105.144073 2.714228
105.673772 2.748506
106.351908 2.792840
107.157132 2.846809
108.066761 2.907285
110.085158 3.044514
112.141247 3.188220
113.093239 3.255949
113.949164 3.318866
114.680670 3.372401
115.258403 3.414991
115.627325 3.441883
115.759750 3.451614
115.838805 3.457033
116.024933 3.474437
116.343821 3.499601
116.743764 3.533812
117.789821 3.620235
118.981312 3.721595
120.185145 3.825795
121.234871 3.919360
121.679178 3.957672
122.013410 3.986337
122.209212 4.006404
122.292936 4.012694
122.404013 4.017727
122.710225 4.031601
123.212906 4.054408
123.858353 4.083739
125.500489 4.158645
127.395800 4.245557
129.319798 4.334288
131.034651 4.413790
131.720792 4.445721
132.260499 4.470869
132.591061 4.486309
132.711811 4.491935
132.802207 4.497574
133.014687 4.513120
133.378939 4.538673
133.835922 4.571536
135.030749 4.655460
136.391690 4.752839
137.766641 4.852258
138.965471 4.941341
139.472822 4.977115
139.854752 5.005294
140.078240 5.022596
140.173973 5.028897
140.269706 5.035210
140.493861 5.052614
140.878461 5.081223
141.361461 5.118013
142.623334 5.211972
144.060996 5.320992
145.513000 5.432294
146.779210 5.532024
147.315247 5.572075
147.718860 5.603623
147.954689 5.622993
148.055759 5.630050
148.090784 5.640671
148.228545 5.672642
148.436356 5.722740
148.712881 5.785983
149.025430 5.864639
149.373671 5.951840
150.141869 6.147493
150.914070 6.349580
151.266647 6.443990
151.584534 6.529543
151.867063 6.603775
152.079543 6.662096
152.221641 6.699857
152.257333 6.712493
152.361405 6.720920
152.605240 6.748391
153.023863 6.790866
153.548559 6.844334
154.921176 6.985331
156.484590 7.147145
158.063683 7.312711
159.440635 7.461018
160.023705 7.522123
160.462342 7.569465
160.719520 7.600404
160.829263 7.609942
160.830597 7.621907
160.907317 7.660308
160.986038 7.715852
161.067094 7.791358
161.341951 7.982109
161.620143 8.205839
161.899336 8.435842
162.175527 8.642371
162.257251 8.726947
162.336639 8.790222
162.414026 8.834510
162.415360 8.848399
162.452719 8.856739
162.601822 8.881789
163.124517 8.971436
163.837010 9.099045
164.665583 9.245856
165.498493 9.395041
166.220993 9.528674
166.755362 9.624850
166.908468 9.652077
166.946828 9.661170
167.022881 9.670264
167.289399 9.697597
168.129980 9.795414
169.359831 9.934636
170.792822 10.094810
172.238489 10.257570
173.498361 10.403360
174.370297 10.508300
174.648156 10.538000
174.727878 10.547920
174.885987 10.554520
175.282929 10.577670
176.717588 10.650710
178.770675 10.757890
181.175672 10.883170
183.613025 11.009910
185.746167 11.120710
187.266886 11.197520
187.691513 11.222080
187.861631 11.229100
187.989719 11.239660
188.289260 11.271430
189.449062 11.385080
191.136563 11.546830
193.058226 11.732930
194.999235 11.922040
196.691739 12.091420
197.947942 12.213330
198.263493 12.247850
198.398587 12.259370
198.578044 12.263180
199.072386 12.278500
199.883948 12.301490
200.925668 12.332220
203.576502 12.405480
206.635952 12.490870
209.741434 12.576840
212.508682 12.651560
213.616448 12.683160
214.487050 12.706910
215.021086 12.722780
215.215221 12.726730
215.410356 12.734700
215.898360 12.754620
217.663915 12.826580
220.190663 12.931260
223.150043 13.049010
226.149118 13.167830
228.774601 13.275290
230.645896 13.350200
231.168257 13.371080
231.377735 13.379440
231.638249 13.375190
232.369755 13.366630
233.523553 13.349610
234.999908 13.324170
238.733491 13.273280
243.126863 13.210010
247.601292 13.147050
251.534346 13.092720
253.125447 13.071880
254.382317 13.055230
255.185539 13.046880
255.473071 13.042730
255.703898 13.046790
256.340338 13.063080
257.385394 13.087540
258.726989 13.120230
262.140684 13.198180
266.080076 13.289020
270.078842 13.380490
273.641974 13.459980
275.068294 13.493600
276.189737 13.518870
276.877212 13.535750
277.127385 13.539960
277.316850 13.556950
277.885243 13.603790
278.771856 13.680790
279.916315 13.779820
282.797641 14.032720
286.099259 14.326170
289.439570 14.625750
292.419298 14.894190
293.619461 15.001990
294.556443 15.086900
295.160194 15.139030
295.361667 15.158030
295.629185 15.167510
296.299982 15.200790
298.725327 15.305780
302.196061 15.459810
306.261540 15.639840
310.381391 15.821970
313.987552 15.981200
316.557663 16.091580
317.275827 16.126880
317.563359 16.136960
317.778174 16.136920
318.422620 16.126670
320.725880 16.106010
323.992473 16.070040
327.735396 16.034080
331.521682 15.998200
334.898352 15.962480
337.320027 15.942020
338.003833 15.931890
338.233993 15.931850
338.537536 15.931800
339.301398 15.931670
342.066644 15.931210
346.022714 15.930560
350.655919 15.929800
355.352502 15.929050
359.462012 15.928400
362.390704 15.927940
363.207936 15.927810
363.538165 15.927760
363.861722 15.912700
364.678954 15.877610
367.634332 15.738090
371.863925 15.550670
376.814016 15.336440
381.834155 15.125170
386.223859 14.940350
389.352690 14.813710
390.226628 14.781050
390.576870 14.767070
390.930448 14.767030
391.811058 14.757630
395.003266 14.738670
399.566423 14.705690
404.910120 14.672690
410.327200 14.639760
415.067146 14.607000
418.449486 14.588230
419.390137 14.578950
419.770400 14.578900
420.147327 14.574280
421.378179 14.555820
423.279494 14.528170
425.664478 14.491410
431.935483 14.404410
439.087097 14.304350
446.355458 14.204980
452.829937 14.119710
455.485108 14.083970
457.539862 14.057220
458.877454 14.039420
459.291074 14.034960
459.601289 14.021710
460.528597 13.990800
463.840888 13.867900
468.540806 13.702820
473.924531 13.514130
479.371632 13.328050
484.228326 13.165250
487.714071 13.053700
488.698085 13.024930
489.024977 13.012630
489.351870 12.996260
490.119068 12.955410
493.081117 12.809420
497.394101 12.605410
502.304164 12.373450
507.260926 12.145760
511.583917 11.952320
514.792804 11.817630
515.596693 11.780490
515.940264 11.765670
516.407254 11.761930
517.568057 11.754450
521.777636 11.717240
527.801803 11.672660
534.856684 11.617230
542.004963 11.562060
548.262625 11.514460
552.719041 11.481620
553.966571 11.474310
554.466917 11.470670
554.963928 11.467030
556.341547 11.459730
558.599776 11.445170
561.498448 11.423400
568.876886 11.379880
577.389442 11.325780
586.032088 11.271930
593.734083 11.225460
596.812879 11.207630
599.237890 11.193390
600.722250 11.186260
601.262624 11.182710
602.493476 11.214300
605.512231 11.291890
609.928619 11.405690
615.075513 11.538720
620.265771 11.673300
624.788900 11.790950
627.921067 11.872530
629.205288 11.906060
629.208624 11.921030
629.502160 11.962280
629.805704 12.030110
630.115918 12.117340
631.169981 12.340110
632.237386 12.598610
633.304791 12.862520
634.365525 13.098990
634.675740 13.193970
634.979283 13.268780
635.279491 13.314700
635.282826 13.331440
636.583726 13.373300
639.779270 13.486990
644.452503 13.652920
649.896269 13.842560
655.390070 14.034840
660.176715 14.203050
663.489006 14.328300
664.846612 14.373280
665.293588 14.359710
666.637851 14.328060
671.434503 14.202200
678.239210 14.033130
686.031268 13.839900
693.913387 13.649330
700.944918 13.482610
705.988407 13.368370
707.412726 13.338910
707.889723 13.326310
708.363384 13.309540
709.467481 13.255210
711.365461 13.172050
713.743773 13.064730
719.971414 12.804240
727.059651 12.513460
734.221273 12.229290
740.455585 11.981700
743.104084 11.887800
745.092126 11.813220
746.252929 11.765000
746.749940 11.750200
746.923393 11.761270
747.270300 11.794550
748.828044 11.913650
751.082938 12.083170
753.691409 12.278200
756.306551 12.476380
758.414676 12.653910
760.165888 12.781670
760.519466 12.817840
760.696255 12.829920
760.869708 12.842010
761.226622 12.878360
762.811051 13.008400
765.105972 13.193490
767.764478 13.406440
770.429655 13.622830
772.574472 13.816670
774.359040 13.956180
774.719289 13.995680
774.899414 14.008860
775.786694 14.052890
778.448536 14.172440
782.371250 14.346920
787.381382 14.546310
793.142034 14.748420
799.112832 14.925170
805.120321 15.056650
810.961028 15.103650
817.385473 15.103220
825.164187 15.102710
842.646282 15.101590
850.661827 15.101080
857.403157 15.100650
862.053041 15.100360
863.804252 15.100250
864.778259 15.100190
867.516821 15.109520
871.833140 15.118750
877.356961 15.127910
891.323290 15.160370
907.757993 15.192760
924.499575 15.225220
939.216423 15.257890
945.167206 15.267140
949.870460 15.276460
952.875873 15.285890
953.949949 15.285830
954.373575 15.266610
955.430974 15.204320
957.122143 15.108980
959.243611 14.985940
964.780775 14.687300
970.991739 14.353930
977.242730 14.028120
982.879963 13.744250
985.058136 13.636610
986.802677 13.551100
987.893431 13.495800
988.333736 13.478830
988.770705 13.457650
989.864795 13.398540
991.616007 13.306150
993.807523 13.189500
999.534818 12.902310
1005.955927 12.577800
1012.417064 12.261450
1018.251100 11.994480
1020.502657 11.889320
1022.307239 11.807350
1023.434686 11.755480
1023.888333 11.737000
1026.183254 11.703770
1032.414231 11.622900
1041.473832 11.506260
1051.794305 11.372870
1062.214847 11.241030
1071.294462 11.128240
1078.039128 11.051340
1080.457468 11.020040
1082.915835 11.054630
1089.573774 11.148570
1099.267147 11.285660
1110.308119 11.442360
1121.459166 11.601240
1131.179224 11.740220
1138.394215 11.843690
1140.982673 11.880870
1141.249524 11.899540
1141.793234 11.951980
1142.863974 12.034840
1144.204902 12.141140
1147.697318 12.410990
1151.740115 12.730750
1155.796254 13.058740
1159.061847 13.349000
1160.686304 13.466890
1161.773723 13.560260
1162.324104 13.620010
1162.597626 13.641420
1163.648353 13.649950
1166.290181 13.679890
1175.836785 13.774380
1189.499570 13.913000
1205.500640 14.075020
1221.718526 14.238930
1235.911679 14.382220
1246.028678 14.481560
1248.853965 14.513330
1249.984748 14.522400
1250.258270 14.499600
1251.352361 14.426840
1253.000167 14.322900
1255.195019 14.183980
1260.421968 13.844730
1266.506177 13.466940
1272.617072 13.099460
1277.917405 12.786160
1280.158956 12.662140
1281.843455 12.570910
1282.964230 12.507830
1283.244424 12.488190
1283.527953 12.476410
1284.085005 12.441160
1286.043026 12.312760
1289.418695 12.116920
1293.641617 11.864370
1299.028677 11.576970
1304.709273 11.261080
1310.990285 10.933160
1317.297982 10.604790
1323.635700 10.286300
1330.010110 9.986765
1335.824132 9.714271
1341.081102 9.475978
1345.781020 9.281383
1349.313464 9.133751
1351.368219 9.039490
1351.958627 9.013950
1352.255499 9.005449
1352.268842 9.019608
1352.302198 9.065068
1352.355569 9.130809
1352.425617 9.220179
1352.595735 9.445965
1352.795873 9.710777
1352.992676 9.983019
1353.162794 10.227480
1353.232842 10.327590
1353.286212 10.402490
1353.322904 10.454910
1353.332911 10.471350
1353.649797 10.487800
1354.290240 10.534020
1355.561120 10.607050
1357.155556 10.700730
1361.295086 10.938570
1366.091738 11.220390
1370.901732 11.509470
1374.774411 11.765300
1376.702412 11.869200
1377.993305 11.951490
1378.647091 12.004160
1378.967312 12.023020
1382.082801 12.022920
1390.518637 12.022660
1402.800467 12.022290
1416.783474 12.021860
1430.909913 12.021440
1443.221764 12.021070
1452.361420 12.020800
1455.637019 12.020710
1456.307483 12.039590
1458.645768 12.100200
1461.664523 12.187870
1466.030877 12.307030
1476.831682 12.608080
1489.420391 12.961160
1502.115840 13.324130
1513.183497 13.650060
1517.706626 13.783520
1520.845464 13.883380
1523.287154 13.953270
1523.987638 13.975190
1525.028358 13.992730
1527.463376 14.036680
1536.879890 14.196040
1550.586039 14.424900
1566.196839 14.694280
1581.964414 14.968690
1595.710590 15.210010
1605.910980 15.382680
1608.476088 15.431000
1609.573514 15.450370
1612.815757 15.401790
1620.761253 15.266620
1632.392633 15.085040
1645.945343 14.877490
1659.611464 14.672800
1671.519702 14.493730
1679.755399 14.371040
1683.141075 14.325850
1685.012369 14.285350
1690.279347 14.186780
1697.444303 14.044650
1705.780070 13.882070
1714.155864 13.721380
1721.424226 13.583910
1726.801279 13.490190
1728.722608 13.452040
1730.693972 13.481610
1736.217794 13.557910
1743.746335 13.668920
1752.499057 13.793790
1761.298478 13.919800
1768.937096 14.033760
1774.581000 14.113200
1776.602399 14.144210
1777.012683 14.157540
1778.643811 14.197590
1784.361100 14.340890
1792.153157 14.544870
1801.216093 14.779550
1810.325729 15.018020
1818.234533 15.231640
1824.078576 15.385370
1825.749733 15.428890
1826.170023 15.443430
1826.566965 15.419180
1828.174743 15.351450
1830.583076 15.245630
1833.801970 15.112000
1841.460601 14.783040
1850.366763 14.411300
1859.316287 14.048920
1867.081660 13.743100
1870.367266 13.622640
1872.828969 13.528730
1874.476776 13.469310
1874.883724 13.448160
1875.714298 13.427020
1877.785731 13.368040
1881.104694 13.275870
1885.264238 13.159480
1896.128421 12.872950
1908.310182 12.549180
1920.568662 12.233550
1931.636319 11.967180
1935.905939 11.862270
1939.328307 11.780480
1941.473124 11.728720
1942.330384 11.710290
1942.780695 11.725010
1944.568599 11.765570
1947.260461 11.832240
1950.849611 11.917980
1959.412201 12.136970
1969.372425 12.391060
1979.379348 12.650470
1988.068693 12.882920
1991.734562 12.976270
1994.486466 13.049800
1996.324404 13.094940
1996.788058 13.111400
1996.801401 13.127890
1997.738716 13.173320
1998.699380 13.248010
1999.676723 13.344070
2003.025707 13.589390
2006.411382 13.874060
2009.800393 14.164690
2013.166055 14.425100
2014.153405 14.529700
2015.120741 14.612080
2016.064727 14.662640
2016.078070 14.681080
2016.998706 14.694900
2020.214264 14.736430
2030.367955 14.885080
2045.221565 15.096640
2062.526870 15.340040
2079.978943 15.587370
2095.196137 15.808910
2105.726756 15.968380
2109.082411 16.013510
2110.043075 16.028580
2114.806370 16.028450
2127.718637 16.028110
2146.511638 16.027600
2167.909774 16.027040
2189.521392 16.026470
2208.361092 16.025990
2222.344099 16.025620
2227.360903 16.025500
2230.853319 15.990200
2239.856214 15.899790
2252.928591 15.770110
2267.595404 15.626700
2282.362287 15.484610
2285.257623 12.306920
2285.287644 12.337890
2286.264987 12.283720
2286.398412 12.419550
2287.559215 12.552910
2288.753375 12.723640
2288.776724 12.214400
2290.497915 12.933190
2292.782829 13.166860
2292.799507 12.107340
2295.681501 15.358310
2296.878996 13.694190
2297.839661 11.971070
2300.985170 14.242640
2303.276756 14.499960
2303.903856 11.814020
2304.947912 15.271470
2305.034638 14.738780
2306.238805 14.939230
2307.409615 15.099650
2308.530390 15.199580
2308.560411 15.237840
2311.005436 11.640710
2325.768982 11.269760
2340.625927 10.910630
2347.840919 10.750580
2354.031868 10.606210
2359.208783 10.490140
2363.358320 10.398190
2365.953449 10.339510
2366.997505 10.320010
2371.824177 10.336170
2383.672374 10.381550
2401.007700 10.443440
2421.208341 10.515560
2441.579101 10.588190
2459.334717 10.651310
2471.619883 10.698080
2476.660037 10.714820
