#DataThief /Users/zkermish/Dropbox/Screen Captures/Screen Shot 2014-01-20 at 4.23.32 PM.png Monday 20-Jan-2014 11:51:31 PM
35.8811, 0.253
36.0246, 0.3397
36.168, 0.4264
36.3115, 0.513
36.4549, 0.5996
36.5984, 0.5995
36.7418, 0.6861
36.8852, 0.7727
37.0287, 0.7725
37.1721, 0.8592
37.3155, 0.859
37.459, 0.9456
37.6025, 1.0322
37.7459, 1.0321
37.8893, 1.1187
38.0328, 1.2053
38.1762, 1.2051
38.3197, 1.2918
38.4631, 1.2916
38.6066, 1.3782
38.75, 1.378
38.8934, 1.4647
39.0369, 1.5513
39.1803, 1.5511
39.3237, 1.6377
39.4672, 1.6376
39.6107, 1.7242
39.7541, 1.724
39.8975, 1.8106
40.041, 1.8973
40.1844, 1.8971
40.3279, 1.9837
40.4713, 1.9835
40.6148, 2.0702
40.7582, 2.07
40.9016, 2.1566
41.0451, 2.2432
41.1885, 2.2431
41.332, 2.3296
41.4754, 2.3295
41.6189, 2.4161
41.7623, 2.416
41.9057, 2.5026
42.0492, 2.5892
42.1926, 2.589
42.3361, 2.6757
42.4795, 2.6755
42.623, 2.7621
42.7664, 2.7619
42.9098, 2.8486
43.0533, 2.9352
43.1967, 3.0218
43.3402, 3.1085
43.4836, 3.1083
43.627, 3.1081
43.7705, 3.1947
43.9139, 3.2814
44.0574, 3.3679
44.2008, 3.3678
44.3443, 3.4544
44.4877, 3.5411
44.6311, 3.5409
44.7746, 3.6275
44.918, 3.7141
45.0615, 3.714
45.2049, 3.8006
45.3484, 3.8004
45.4918, 3.887
45.6352, 3.9737
45.7787, 3.9735
45.9221, 4.0601
46.0656, 4.0599
46.209, 4.1466
46.3525, 4.1464
46.4959, 4.233
46.6393, 4.3195
46.7828, 4.3195
46.9262, 4.4061
47.0697, 4.4059
47.2131, 4.4925
47.3566, 4.5792
47.5, 4.579
47.6434, 4.6656
47.7869, 4.6654
47.9303, 4.7521
48.0738, 4.7519
48.2172, 4.8385
48.3607, 4.9251
48.5041, 4.925
48.6475, 5.0116
48.791, 5.0114
48.9344, 5.098
49.0779, 5.0979
49.2213, 5.1844
49.3648, 5.2711
49.5082, 5.2709
49.6516, 5.3576
49.7951, 5.3574
49.9385, 5.444
50.082, 5.4438
50.2254, 5.5305
50.3689, 5.6171
50.5123, 5.6169
50.6557, 5.7036
50.7992, 5.7034
50.9426, 5.79
51.0861, 5.8766
51.2295, 5.9633
51.373, 6.0499
51.5164, 6.0497
51.6598, 6.1363
51.8033, 6.223
51.9466, 6.2227
52.0902, 6.3094
52.2336, 6.3092
52.377, 6.3959
52.5205, 6.4825
52.6639, 6.4823
52.8074, 6.5689
52.9508, 6.6556
53.0943, 6.6554
53.2377, 6.742
53.3811, 6.7418
53.5246, 6.8285
53.668, 6.9151
53.8115, 6.9149
53.9548, 7.0015
54.0984, 7.0014
54.2418, 7.088
54.3852, 7.0878
54.5287, 7.1743
54.6721, 7.261
54.8155, 7.2609
54.959, 7.3475
55.1025, 7.3473
55.2459, 7.434
55.3893, 7.4338
55.5328, 7.5204
55.6762, 7.607
55.8197, 7.6069
55.963, 7.6935
56.1066, 7.6933
56.25, 7.7799
56.3934, 7.8666
56.5369, 7.8664
56.6803, 7.9529
56.8237, 7.9527
56.9672, 8.0395
57.1107, 8.0393
57.2541, 8.1259
57.3975, 8.2126
57.541, 8.2124
57.6844, 8.299
57.8279, 8.2988
57.9713, 8.3855
58.1148, 8.4721
58.2582, 8.4719
58.4016, 8.5585
58.5451, 8.5584
58.6885, 8.645
58.8319, 8.7316
58.9754, 8.7314
59.1189, 8.8181
59.2623, 8.8178
59.4057, 8.9045
59.5492, 8.991
59.6926, 8.991
59.8361, 9.0776
59.9795, 9.1642
60.123, 9.164
60.2664, 9.2507
60.4098, 9.3373
60.5533, 9.3371
60.6966, 9.4237
60.8401, 9.5104
60.9836, 9.5102
61.127, 9.5968
61.2705, 9.6834
61.4139, 9.6833
61.5574, 9.7699
61.7008, 9.7697
61.8443, 9.8563
61.9877, 9.943
62.1311, 9.9428
62.2746, 10.0294
62.418, 10.116
62.5615, 10.1159
62.7048, 10.2025
62.8484, 10.2891
62.9918, 10.2889
63.1352, 10.3756
63.2787, 10.3754
63.4221, 10.462
63.5655, 10.5487
63.709, 10.5485
63.8525, 10.6351
63.9959, 10.7217
64.1393, 10.7216
64.2828, 10.8082
64.4262, 10.8948
64.5697, 10.8946
64.713, 10.9813
64.8566, 10.9811
65.0, 11.0677
65.1434, 11.1543
65.2869, 11.1542
65.4303, 11.2408
65.5737, 11.3274
65.7172, 11.3272
65.8607, 11.4139
66.0041, 11.5005
66.1475, 11.5003
66.291, 11.5869
66.4344, 11.6736
66.5779, 11.6734
66.7213, 11.76
66.8648, 11.7598
67.0082, 11.8465
67.1516, 11.9331
67.2951, 11.9329
67.4385, 12.0195
67.5819, 12.1062
67.7254, 12.106
67.8689, 12.1926
68.0123, 12.2793
68.1557, 12.2791
68.2992, 12.3657
68.4426, 12.3655
68.5861, 12.4522
68.7295, 12.5388
68.873, 12.5386
69.0164, 12.6252
69.1598, 12.7119
69.3033, 12.7117
69.4466, 12.7983
69.5901, 12.8849
69.7336, 12.8848
69.877, 12.9714
70.0205, 13.058
70.1639, 13.0578
70.3074, 13.1445
70.4508, 13.1443
70.5943, 13.2309
70.7377, 13.3175
70.8811, 13.3174
71.0246, 13.404
71.168, 13.4906
71.3115, 13.4904
71.4549, 13.5771
71.5984, 13.6637
71.7418, 13.6635
71.8852, 13.7501
72.0287, 13.8368
72.1721, 13.8366
72.3155, 13.9232
72.459, 13.923
72.6025, 14.0097
72.7459, 14.0963
72.8893, 14.0961
73.0328, 14.1827
73.1762, 14.2694
73.3197, 14.2692
73.4631, 14.3558
73.6066, 14.4425
73.75, 14.4423
73.8934, 14.5289
74.0369, 14.5287
74.1803, 14.6154
74.3237, 14.702
74.4672, 14.7018
74.6107, 14.7884
74.7541, 14.8751
74.8975, 14.8749
75.041, 14.9615
75.1844, 15.0481
75.3279, 15.048
75.4713, 15.1346
75.6148, 15.1344
75.7582, 15.221
75.9016, 15.3077
76.0451, 15.3075
76.1885, 15.3941
76.332, 15.4807
76.4754, 15.5674
76.6189, 15.654
76.7623, 15.6538
76.9057, 15.6536
77.0492, 15.7403
77.1926, 15.8269
77.3361, 15.8267
77.4795, 15.9133
77.623, 16.0
77.7664, 15.9998
77.9098, 16.0864
78.0533, 16.0862
78.1967, 16.1729
78.3402, 16.2595
78.4836, 16.2593
78.627, 16.3458
78.7705, 16.4325
78.9139, 16.4324
79.0574, 16.519
79.2008, 16.6057
79.3443, 16.6055
79.4877, 16.6921
79.6311, 16.7787
79.7746, 16.7786
79.918, 16.8652
80.0615, 16.865
80.2049, 16.9516
80.3484, 17.0383
80.4918, 17.0381
80.6352, 17.1247
80.7787, 17.2113
80.9221, 17.2112
81.0656, 17.2978
81.209, 17.3844
81.3525, 17.3841
81.4959, 17.4708
81.6393, 17.5575
81.7828, 17.5573
81.9262, 17.6439
82.0697, 17.7306
82.2131, 17.7304
82.3566, 17.817
82.5, 17.8168
82.6434, 17.9035
82.7869, 17.9901
82.9303, 17.9899
83.0738, 18.0765
83.2172, 18.1632
83.3607, 18.163
83.5041, 18.2496
83.6475, 18.3363
83.791, 18.3361
83.9344, 18.4227
84.0779, 18.5093
84.2213, 18.5091
84.3648, 18.5958
84.5082, 18.5956
84.6516, 18.6822
84.7951, 18.7689
84.9385, 18.7687
85.082, 18.8553
85.2254, 18.9419
85.3689, 18.9418
85.5123, 19.0284
85.6557, 19.115
85.7992, 19.1148
85.9426, 19.2015
86.0861, 19.2881
86.2295, 19.2879
86.373, 19.3745
86.5164, 19.4612
86.6598, 19.461
86.8033, 19.5476
86.9466, 19.5474
87.0902, 19.6341
87.2336, 19.7207
87.377, 19.7205
87.5205, 19.8071
87.6639, 19.8938
87.8074, 19.8936
87.9508, 19.9802
88.0943, 20.0668
88.2377, 20.0667
88.3811, 20.1533
88.5246, 20.2399
88.668, 20.2397
88.8115, 20.3264
88.9548, 20.413
89.0984, 20.4128
89.2418, 20.4995
89.3852, 20.5861
89.5287, 20.5859
89.6721, 20.6724
89.8155, 20.6724
89.959, 20.759
90.1025, 20.8456
90.2459, 20.8454
90.3893, 20.9321
90.5328, 21.0187
90.6762, 21.0185
90.8197, 21.1051
90.963, 21.1918
91.1066, 21.1916
91.25, 21.2782
91.3934, 21.3648
91.5369, 21.3647
91.6803, 21.4513
91.8237, 21.5379
91.9672, 21.5377
92.1107, 21.6244
92.2541, 21.7109
92.3975, 21.7107
92.541, 21.7974
92.6844, 21.7973
92.8279, 21.8839
92.9713, 21.9705
93.1148, 21.9703
93.2582, 22.057
93.4016, 22.1436
93.5451, 22.1434
93.6885, 22.23
93.8319, 22.3167
93.9754, 22.3165
94.1189, 22.4031
94.2623, 22.4898
94.4057, 22.4896
94.5492, 22.5762
94.6926, 22.6627
94.8361, 22.6627
94.9795, 22.7492
95.123, 22.8359
95.2664, 22.8357
95.4098, 22.9224
95.5533, 23.009
95.6966, 23.0088
95.8401, 23.0954
95.9836, 23.0953
96.127, 23.1819
96.2705, 23.2685
96.4139, 23.3551
96.5574, 23.355
96.7008, 23.4416
96.8443, 23.5282
96.9877, 23.528
97.1311, 23.6147
97.2746, 23.7013
97.418, 23.701
97.5615, 23.7877
97.7048, 23.8744
97.8484, 23.8742
97.9918, 23.9607
98.1352, 24.0475
98.2787, 24.0473
98.4221, 24.1339
98.5655, 24.2205
98.709, 24.2204
98.8525, 24.307
98.9959, 24.3936
99.1393, 24.4802
99.2828, 24.5669
99.4262, 24.6535
99.5697, 24.7401
