#DataThief /Users/zkermish/Dropbox/Screen Captures/Screen Shot 2014-01-20 at 4.23.32 PM.png Monday 20-Jan-2014 4:31:50 PM
37.3013, 0.251
37.1971, 0.3378
37.2366, 0.4243
37.2761, 0.511
37.4197, 0.5109
37.4592, 0.5975
37.6029, 0.5973
37.6423, 0.6839
37.786, 0.6838
37.8255, 0.7704
37.9691, 0.7702
38.0087, 0.8568
38.1522, 0.8567
38.1918, 0.9433
38.2313, 1.0299
38.375, 1.0297
38.4144, 1.1164
38.5581, 1.1162
38.5976, 1.2028
38.7412, 1.2026
38.7807, 1.2893
38.9243, 1.2891
38.9639, 1.3757
39.1075, 1.3755
39.147, 1.4622
39.1865, 1.5488
39.3302, 1.5486
39.3697, 1.6353
39.5133, 1.6351
39.5528, 1.7217
39.6965, 1.7215
39.736, 1.8082
39.8796, 1.808
39.9191, 1.8946
40.0628, 1.8944
40.1022, 1.9811
40.1417, 2.0677
40.2854, 2.0675
40.3249, 2.1541
40.4685, 2.154
40.508, 2.2406
40.6517, 2.2404
40.7953, 2.2402
40.939, 2.24
40.8348, 2.3269
40.8742, 2.4135
41.018, 2.4133
41.1616, 2.4131
41.0575, 2.4999
41.097, 2.5866
41.2406, 2.5864
41.2801, 2.673
41.4238, 2.6728
41.4632, 2.7595
41.6069, 2.7593
41.6463, 2.8458
41.79, 2.8457
41.8295, 2.9324
41.869, 3.019
42.0127, 3.0188
42.0522, 3.1054
42.1958, 3.1053
42.2353, 3.1919
42.379, 3.1917
42.4184, 3.2783
42.5621, 3.2782
42.6016, 3.3648
42.7452, 3.3646
42.7848, 3.4512
42.8242, 3.5379
42.9679, 3.5377
43.0074, 3.6242
43.151, 3.624
43.1905, 3.7107
43.3342, 3.7106
43.3737, 3.7972
43.5173, 3.797
43.5568, 3.8837
43.5963, 3.9703
43.74, 3.9701
43.7795, 4.0567
43.9231, 4.0566
43.9626, 4.1432
44.1063, 4.143
44.1457, 4.2296
44.2894, 4.2295
44.4331, 4.2293
44.5767, 4.2291
44.4725, 4.3159
44.512, 4.4025
44.5514, 4.4892
44.6952, 4.4889
44.7347, 4.5756
44.8782, 4.5754
44.9178, 4.6621
45.0615, 4.6619
45.101, 4.7485
45.2446, 4.7483
45.2841, 4.835
45.4278, 4.8348
45.4673, 4.9214
45.5067, 5.008
45.6503, 5.0079
45.6899, 5.0945
45.8335, 5.0943
45.873, 5.1809
46.0167, 5.1808
46.1602, 5.1806
46.304, 5.1804
46.4477, 5.1802
46.3435, 5.267
46.2393, 5.3538
46.2788, 5.4405
46.4224, 5.4403
46.462, 5.5269
46.6056, 5.5267
46.6451, 5.6134
46.7888, 5.6132
46.8283, 5.6998
46.9719, 5.6996
47.0114, 5.7863
47.1551, 5.7861
47.1945, 5.8727
47.234, 5.9593
47.3777, 5.9592
47.4172, 6.0458
47.5608, 6.0456
47.6002, 6.1322
47.744, 6.132
47.7835, 6.2187
47.9271, 6.2185
48.0708, 6.2183
48.2144, 6.2182
48.1103, 6.305
48.0061, 6.3918
48.1498, 6.3916
48.1893, 6.4782
48.3329, 6.478
48.3724, 6.5647
48.5161, 6.5645
48.5554, 6.6511
48.6992, 6.6509
48.7387, 6.7376
48.8822, 6.7374
49.026, 6.7372
48.9218, 6.8239
48.9613, 6.9106
49.105, 6.9104
49.1445, 6.9971
49.2881, 6.9969
49.3276, 7.0835
49.4713, 7.0834
49.5108, 7.17
49.6543, 7.1698
49.6939, 7.2564
49.8376, 7.2563
49.7334, 7.3431
49.877, 7.3429
49.9165, 7.4295
50.0602, 7.4293
50.0997, 7.516
50.2433, 7.5158
50.2828, 7.6024
50.4264, 7.6021
50.5701, 7.6021
50.466, 7.6888
50.5055, 7.7755
50.6491, 7.7753
50.6886, 7.862
50.8323, 7.8618
50.8718, 7.9484
51.0154, 7.9482
51.0549, 8.0349
51.1985, 8.0347
51.238, 8.1213
51.3817, 8.1211
51.4212, 8.2077
51.5648, 8.2076
51.7085, 8.2074
51.6042, 8.2942
51.6438, 8.3808
51.7875, 8.3806
51.827, 8.4673
51.9706, 8.4671
52.0101, 8.5537
52.1538, 8.5535
52.2974, 8.5534
52.1933, 8.6402
52.2328, 8.7268
52.3764, 8.7266
52.4159, 8.8133
52.5596, 8.8131
52.599, 8.8997
52.7427, 8.8995
52.7822, 8.9862
52.9258, 8.986
52.9653, 9.0726
53.0048, 9.1592
53.1485, 9.1591
53.188, 9.2457
53.3316, 9.2455
53.4753, 9.2453
53.3711, 9.3321
53.5148, 9.332
53.5543, 9.4186
53.6979, 9.4184
53.7374, 9.505
53.7769, 9.5917
53.9205, 9.5915
53.96, 9.6781
54.1037, 9.6779
54.1432, 9.7646
54.2868, 9.7644
54.3263, 9.851
54.47, 9.8508
54.5095, 9.9375
54.549, 10.0241
54.6926, 10.0239
54.7321, 10.1105
54.8758, 10.1104
54.9153, 10.197
55.0589, 10.1968
55.2026, 10.1966
55.3462, 10.1965
55.2421, 10.2833
55.2814, 10.3699
55.321, 10.4565
55.4647, 10.4563
55.5042, 10.543
55.6478, 10.5428
55.6873, 10.6294
55.831, 10.6292
55.8705, 10.7159
56.0141, 10.7157
56.0536, 10.8023
56.0931, 10.8889
56.2368, 10.8888
56.2763, 10.9754
56.4199, 10.9752
56.4594, 11.0618
56.6031, 11.0617
56.6425, 11.1482
56.7862, 11.1481
56.8256, 11.2347
56.9693, 11.2346
56.8652, 11.3214
57.0088, 11.3212
57.0483, 11.4078
57.192, 11.4076
57.2315, 11.4943
57.3751, 11.4941
57.4146, 11.5807
57.5583, 11.5805
57.5977, 11.6672
57.6373, 11.7538
57.7809, 11.7536
57.8204, 11.8401
57.9641, 11.8401
58.0035, 11.9266
58.1472, 11.9264
58.1867, 12.0131
58.2262, 12.0998
58.3698, 12.0996
58.4093, 12.1862
58.553, 12.186
58.6966, 12.1859
58.5925, 12.2727
58.7361, 12.2725
58.7755, 12.3591
58.9193, 12.3589
58.9588, 12.4456
58.9982, 12.5322
59.1419, 12.532
59.1814, 12.6186
59.3251, 12.6185
59.3645, 12.705
59.5082, 12.7048
59.5476, 12.7915
59.5872, 12.8782
59.7308, 12.878
59.7703, 12.9646
59.914, 12.9644
59.9535, 13.0511
60.0971, 13.0509
60.1366, 13.1375
60.1761, 13.2242
60.3197, 13.224
60.4634, 13.2238
60.5029, 13.3104
60.6465, 13.3102
60.5424, 13.3971
60.686, 13.3969
60.7255, 13.4835
60.765, 13.5701
60.9087, 13.5699
60.9482, 13.6566
61.0918, 13.6564
61.2355, 13.6562
61.1313, 13.7429
61.275, 13.7428
61.3145, 13.8295
61.354, 13.9161
61.4976, 13.9159
61.5371, 14.0026
61.6808, 14.0024
61.7202, 14.089
61.7597, 14.1756
61.9034, 14.1755
62.047, 14.1753
62.1907, 14.1751
62.0865, 14.2619
62.126, 14.3485
62.2697, 14.3484
62.4133, 14.3482
62.4527, 14.4348
62.3487, 14.5215
62.4923, 14.5213
62.5318, 14.608
62.6755, 14.6078
62.7149, 14.6945
62.8586, 14.6943
62.7544, 14.7811
62.8981, 14.781
62.9376, 14.8676
63.0812, 14.8674
63.1207, 14.954
63.2644, 14.9539
63.408, 14.9537
63.4475, 15.0403
63.5912, 15.0401
63.6307, 15.1268
63.5265, 15.2136
63.6702, 15.2134
63.7097, 15.3
63.9575, 15.213
64.1011, 15.2129
63.9969, 15.2997
64.0365, 15.3862
63.9323, 15.4731
64.0759, 15.4729
64.1154, 15.5594
64.2591, 15.5594
64.2986, 15.646
64.4422, 15.6458
64.3381, 15.7326
64.4817, 15.7324
64.5211, 15.8191
64.6649, 15.8189
64.8085, 15.8187
64.9522, 15.8185
64.9917, 15.9052
65.1353, 15.905
65.279, 15.9048
65.1748, 15.9916
65.2143, 16.0782
65.1101, 16.165
65.2538, 16.1649
65.3975, 16.1647
65.5411, 16.1645
65.6848, 16.1643
65.5806, 16.2511
65.7243, 16.251
65.8679, 16.2508
65.9074, 16.3374
65.9468, 16.424
65.9864, 16.5107
66.13, 16.5105
66.1695, 16.5971
66.209, 16.6837
66.3527, 16.6836
66.3921, 16.7702
66.288, 16.857
66.4317, 16.8568
66.5753, 16.8566
66.7189, 16.8565
66.7585, 16.9431
66.9021, 16.9428
67.0458, 16.9426
67.0853, 17.0294
67.1247, 17.116
67.1642, 17.2026
67.3079, 17.2024
67.4515, 17.2023
67.491, 17.2889
67.5305, 17.3755
67.5699, 17.4621
67.4658, 17.549
67.6095, 17.5488
67.649, 17.6354
67.7926, 17.6352
67.9363, 17.635
67.9758, 17.7217
68.1195, 17.7215
68.2631, 17.7213
68.3026, 17.8079
68.3421, 17.8946
68.4857, 17.8944
68.6294, 17.8942
68.6689, 17.9808
68.8125, 17.9807
68.7084, 18.0675
68.8519, 18.0673
68.8915, 18.1539
69.0352, 18.1537
68.931, 18.2406
69.0747, 18.2404
69.2183, 18.2402
69.2578, 18.3268
69.2973, 18.4135
69.3368, 18.5001
69.3763, 18.5867
69.4158, 18.6733
69.5594, 18.6732
69.7031, 18.673
69.7426, 18.7596
69.8862, 18.7593
69.9257, 18.846
70.0694, 18.8458
70.213, 18.8457
70.2525, 18.9323
70.292, 19.019
70.3315, 19.1056
70.4752, 19.1054
70.5146, 19.192
70.6583, 19.1919
70.6978, 19.2785
70.7372, 19.3651
70.8809, 19.3649
70.9203, 19.4516
70.9599, 19.5382
70.9994, 19.6248
71.1431, 19.6246
71.2867, 19.6245
71.4304, 19.6242
71.4699, 19.7109
71.5093, 19.7974
71.5488, 19.8841
71.6925, 19.884
71.732, 19.9706
71.8756, 19.9704
71.9151, 20.0571
71.9546, 20.1437
72.0983, 20.1435
72.2419, 20.1433
72.1378, 20.2301
72.1773, 20.3168
72.3209, 20.3166
72.3604, 20.4032
72.5041, 20.403
72.5434, 20.4897
72.583, 20.5763
72.6225, 20.6629
72.7662, 20.6627
72.8056, 20.7494
72.9493, 20.7492
72.8452, 20.8359
72.9888, 20.8357
73.0283, 20.9224
73.172, 20.9223
73.0678, 21.0091
73.2114, 21.0089
73.3551, 21.0087
73.3946, 21.0954
73.5383, 21.0952
73.4341, 21.182
73.5777, 21.1818
73.6172, 21.2684
73.5131, 21.3552
73.6566, 21.3551
73.5526, 21.4419
73.592, 21.5285
