  4.0000000e+000  5.3890002e+001
  4.1246316e+000  5.5319038e+001
  4.2492632e+000  5.6832695e+001
  4.3738947e+000  5.8424293e+001
  4.4985263e+000  6.0087149e+001
  4.6231579e+000  6.1814582e+001
  4.7477895e+000  6.3599911e+001
  4.8724211e+000  6.5436455e+001
  4.9970526e+000  6.7317534e+001
  5.1216842e+000  6.9236463e+001
  5.2463158e+000  7.1186565e+001
  5.3709474e+000  7.3161158e+001
  5.4955789e+000  7.5153558e+001
  5.6202105e+000  7.7157078e+001
  5.7448421e+000  7.9165059e+001
  5.8694737e+000  8.1170824e+001
  5.9941053e+000  8.3167623e+001
  6.1187368e+000  8.5149854e+001
  6.2433684e+000  8.7116700e+001
  6.3680000e+000  8.9068579e+001
  6.4926316e+000  9.1005992e+001
  6.6172632e+000  9.2929456e+001
  6.7418947e+000  9.4839461e+001
  6.8665263e+000  9.6736499e+001
  6.9911579e+000  9.8621065e+001
  7.1157895e+000  1.0049366e+002
  7.2404211e+000  1.0235480e+002
  7.3650526e+000  1.0420498e+002
  7.4896842e+000  1.0604473e+002
  7.6143158e+000  1.0787456e+002
  7.7389474e+000  1.0969499e+002
  7.8635789e+000  1.1150654e+002
  7.9882105e+000  1.1330971e+002
  8.1128421e+000  1.1510504e+002
  8.2374737e+000  1.1689319e+002
  8.3621053e+000  1.1867487e+002
  8.4867368e+000  1.2045077e+002
  8.6113684e+000  1.2222160e+002
  8.7360000e+000  1.2398806e+002
  8.8606316e+000  1.2575083e+002
  8.9852632e+000  1.2751064e+002
  9.1098947e+000  1.2926814e+002
  9.2345263e+000  1.3102379e+002
  9.3591579e+000  1.3277800e+002
  9.4837895e+000  1.3453115e+002
  9.6084211e+000  1.3628365e+002
  9.7330526e+000  1.3803588e+002
  9.8576842e+000  1.3978823e+002
  9.9823158e+000  1.4154111e+002
  1.0106947e+001  1.4329489e+002
  1.0231579e+001  1.4504979e+002
  1.0356211e+001  1.4680602e+002
  1.0480842e+001  1.4856374e+002
  1.0605474e+001  1.5032314e+002
  1.0730105e+001  1.5208439e+002
  1.0854737e+001  1.5384768e+002
  1.0979368e+001  1.5561320e+002
  1.1104000e+001  1.5738111e+002
  1.1228632e+001  1.5915146e+002
  1.1353263e+001  1.6092427e+002
  1.1477895e+001  1.6269954e+002
  1.1602526e+001  1.6447728e+002
  1.1727158e+001  1.6625751e+002
  1.1851789e+001  1.6804023e+002
  1.1976421e+001  1.6982545e+002
  1.2101053e+001  1.7161316e+002
  1.2225684e+001  1.7340330e+002
  1.2350316e+001  1.7519577e+002
  1.2474947e+001  1.7699047e+002
  1.2599579e+001  1.7878728e+002
  1.2724211e+001  1.8058612e+002
  1.2848842e+001  1.8238685e+002
  1.2973474e+001  1.8418941e+002
  1.3098105e+001  1.8599367e+002
  1.3222737e+001  1.8779949e+002
  1.3347368e+001  1.8960669e+002
  1.3472000e+001  1.9141511e+002
  1.3596632e+001  1.9322456e+002
  1.3721263e+001  1.9503489e+002
  1.3845895e+001  1.9684590e+002
  1.3970526e+001  1.9865744e+002
  1.4095158e+001  2.0046933e+002
  1.4219789e+001  2.0228137e+002
  1.4344421e+001  2.0409334e+002
  1.4469053e+001  2.0590506e+002
  1.4593684e+001  2.0771630e+002
  1.4718316e+001  2.0952685e+002
  1.4842947e+001  2.1133651e+002
  1.4967579e+001  2.1314506e+002
  1.5092211e+001  2.1495231e+002
  1.5216842e+001  2.1675802e+002
  1.5341474e+001  2.1856197e+002
  1.5466105e+001  2.2036393e+002
  1.5590737e+001  2.2216370e+002
  1.5715368e+001  2.2396104e+002
  1.5840000e+001  2.2575572e+002
  1.5964632e+001  2.2754752e+002
  1.6089263e+001  2.2933622e+002
  1.6213895e+001  2.3112160e+002
  1.6338526e+001  2.3290343e+002
  1.6463158e+001  2.3468149e+002
  1.6587789e+001  2.3645557e+002
  1.6712421e+001  2.3822543e+002
  1.6837053e+001  2.3999086e+002
  1.6961684e+001  2.4175163e+002
  1.7086316e+001  2.4350751e+002
  1.7210947e+001  2.4525830e+002
  1.7335579e+001  2.4700379e+002
  1.7460211e+001  2.4874375e+002
  1.7584842e+001  2.5047799e+002
  1.7709474e+001  2.5220630e+002
  1.7834105e+001  2.5392847e+002
  1.7958737e+001  2.5564429e+002
  1.8083368e+001  2.5735354e+002
  1.8208000e+001  2.5905604e+002
  1.8332632e+001  2.6075158e+002
  1.8457263e+001  2.6243999e+002
  1.8581895e+001  2.6412106e+002
  1.8706526e+001  2.6579462e+002
  1.8831158e+001  2.6746047e+002
  1.8955789e+001  2.6911842e+002
  1.9080421e+001  2.7076829e+002
  1.9205053e+001  2.7240990e+002
  1.9329684e+001  2.7404307e+002
  1.9454316e+001  2.7566766e+002
  1.9578947e+001  2.7728350e+002
  1.9703579e+001  2.7889042e+002
  1.9828211e+001  2.8048826e+002
  1.9952842e+001  2.8207684e+002
  2.0077474e+001  2.8365602e+002
  2.0202105e+001  2.8522565e+002
  2.0326737e+001  2.8678557e+002
  2.0451368e+001  2.8833566e+002
  2.0576000e+001  2.8987578e+002
  2.0700632e+001  2.9140579e+002
  2.0825263e+001  2.9292555e+002
  2.0949895e+001  2.9443492e+002
  2.1074526e+001  2.9593378e+002
  2.1199158e+001  2.9742201e+002
  2.1323789e+001  2.9889949e+002
  2.1448421e+001  3.0036611e+002
  2.1573053e+001  3.0182177e+002
  2.1697684e+001  3.0326635e+002
  2.1822316e+001  3.0469975e+002
  2.1946947e+001  3.0612186e+002
  2.2071579e+001  3.0753257e+002
  2.2196211e+001  3.0893179e+002
  2.2320842e+001  3.1031943e+002
  2.2445474e+001  3.1169542e+002
  2.2570105e+001  3.1305967e+002
  2.2694737e+001  3.1441210e+002
  2.2819368e+001  3.1575264e+002
  2.2944000e+001  3.1708120e+002
  2.3068632e+001  3.1839771e+002
  2.3193263e+001  3.1970209e+002
  2.3317895e+001  3.2099430e+002
  2.3442526e+001  3.2227426e+002
  2.3567158e+001  3.2354194e+002
  2.3691789e+001  3.2479728e+002
  2.3816421e+001  3.2604023e+002
  2.3941053e+001  3.2727072e+002
  2.4065684e+001  3.2848871e+002
  2.4190316e+001  3.2969416e+002
  2.4314947e+001  3.3088702e+002
  2.4439579e+001  3.3206729e+002
  2.4564211e+001  3.3323492e+002
  2.4688842e+001  3.3438988e+002
  2.4813474e+001  3.3553216e+002
  2.4938105e+001  3.3666171e+002
  2.5062737e+001  3.3777851e+002
  2.5187368e+001  3.3888253e+002
  2.5312000e+001  3.3997378e+002
  2.5436632e+001  3.4105223e+002
  2.5561263e+001  3.4211790e+002
  2.5685895e+001  3.4317077e+002
  2.5810526e+001  3.4421082e+002
  2.5935158e+001  3.4523805e+002
  2.6059789e+001  3.4625246e+002
  2.6184421e+001  3.4725405e+002
  2.6309053e+001  3.4824282e+002
  2.6433684e+001  3.4921880e+002
  2.6558316e+001  3.5018200e+002
  2.6682947e+001  3.5113242e+002
  2.6807579e+001  3.5207006e+002
  2.6932211e+001  3.5299496e+002
  2.7056842e+001  3.5390712e+002
  2.7181474e+001  3.5480656e+002
  2.7306105e+001  3.5569331e+002
  2.7430737e+001  3.5656739e+002
  2.7555368e+001  3.5742883e+002
  2.7680000e+001  3.5827768e+002
  2.7804632e+001  3.5911394e+002
  2.7929263e+001  3.5993766e+002
  2.8053895e+001  3.6074885e+002
  2.8178526e+001  3.6154756e+002
  2.8303158e+001  3.6233383e+002
  2.8427789e+001  3.6310769e+002
  2.8552421e+001  3.6386920e+002
  2.8677053e+001  3.6461839e+002
  2.8801684e+001  3.6535530e+002
  2.8926316e+001  3.6607998e+002
  2.9050947e+001  3.6679248e+002
  2.9175579e+001  3.6749284e+002
  2.9300211e+001  3.6818111e+002
  2.9424842e+001  3.6885735e+002
  2.9549474e+001  3.6952161e+002
  2.9674105e+001  3.7017394e+002
  2.9798737e+001  3.7081441e+002
  2.9923368e+001  3.7144305e+002
  3.0048000e+001  3.7205993e+002
  3.0172632e+001  3.7266511e+002
  3.0297263e+001  3.7325865e+002
  3.0421895e+001  3.7384060e+002
  3.0546526e+001  3.7441104e+002
  3.0671158e+001  3.7497002e+002
  3.0795789e+001  3.7551762e+002
  3.0920421e+001  3.7605389e+002
  3.1045053e+001  3.7657889e+002
  3.1169684e+001  3.7709269e+002
  3.1294316e+001  3.7759536e+002
  3.1418947e+001  3.7808697e+002
  3.1543579e+001  3.7856760e+002
  3.1668211e+001  3.7903730e+002
  3.1792842e+001  3.7949616e+002
  3.1917474e+001  3.7994423e+002
  3.2042105e+001  3.8038159e+002
  3.2166737e+001  3.8080831e+002
  3.2291368e+001  3.8122446e+002
  3.2416000e+001  3.8163013e+002
  3.2540632e+001  3.8202538e+002
  3.2665263e+001  3.8241029e+002
  3.2789895e+001  3.8278493e+002
  3.2914526e+001  3.8314938e+002
  3.3039158e+001  3.8350371e+002
  3.3163789e+001  3.8384800e+002
  3.3288421e+001  3.8418233e+002
  3.3413053e+001  3.8450678e+002
  3.3537684e+001  3.8482141e+002
  3.3662316e+001  3.8512631e+002
  3.3786947e+001  3.8542155e+002
  3.3911579e+001  3.8570722e+002
  3.4036211e+001  3.8598340e+002
  3.4160842e+001  3.8625015e+002
  3.4285474e+001  3.8650757e+002
  3.4410105e+001  3.8675572e+002
  3.4534737e+001  3.8699469e+002
  3.4659368e+001  3.8722456e+002
  3.4784000e+001  3.8744540e+002
  3.4908632e+001  3.8765730e+002
  3.5033263e+001  3.8786034e+002
  3.5157895e+001  3.8805459e+002
  3.5282526e+001  3.8824014e+002
  3.5407158e+001  3.8841705e+002
  3.5531789e+001  3.8858543e+002
  3.5656421e+001  3.8874534e+002
  3.5781053e+001  3.8889686e+002
  3.5905684e+001  3.8904008e+002
  3.6030316e+001  3.8917507e+002
  3.6154947e+001  3.8930190e+002
  3.6279579e+001  3.8942067e+002
  3.6404211e+001  3.8953145e+002
  3.6528842e+001  3.8963432e+002
  3.6653474e+001  3.8972936e+002
  3.6778105e+001  3.8981664e+002
  3.6902737e+001  3.8989625e+002
  3.7027368e+001  3.8996826e+002
  3.7152000e+001  3.9003275e+002
  3.7276632e+001  3.9008980e+002
  3.7401263e+001  3.9013950e+002
  3.7525895e+001  3.9018191e+002
  3.7650526e+001  3.9021712e+002
  3.7775158e+001  3.9024519e+002
  3.7899789e+001  3.9026621e+002
  3.8024421e+001  3.9028025e+002
  3.8149053e+001  3.9028741e+002
  3.8273684e+001  3.9028773e+002
  3.8398316e+001  3.9028131e+002
  3.8522947e+001  3.9026822e+002
  3.8647579e+001  3.9024852e+002
  3.8772211e+001  3.9022231e+002
  3.8896842e+001  3.9018965e+002
  3.9021474e+001  3.9015062e+002
  3.9146105e+001  3.9010529e+002
  3.9270737e+001  3.9005374e+002
  3.9395368e+001  3.8999603e+002
  3.9520000e+001  3.8993225e+002
  3.9644632e+001  3.8986245e+002
  3.9769263e+001  3.8978672e+002
  3.9893895e+001  3.8970512e+002
  4.0018526e+001  3.8961774e+002
  4.0143158e+001  3.8952463e+002
  4.0267789e+001  3.8942588e+002
  4.0392421e+001  3.8932155e+002
  4.0517053e+001  3.8921170e+002
  4.0641684e+001  3.8909641e+002
  4.0766316e+001  3.8897575e+002
  4.0890947e+001  3.8884978e+002
  4.1015579e+001  3.8871858e+002
  4.1140211e+001  3.8858222e+002
  4.1264842e+001  3.8844076e+002
  4.1389474e+001  3.8829426e+002
  4.1514105e+001  3.8814279e+002
  4.1638737e+001  3.8798642e+002
  4.1763368e+001  3.8782522e+002
  4.1888000e+001  3.8765925e+002
  4.2012632e+001  3.8748856e+002
  4.2137263e+001  3.8731323e+002
  4.2261895e+001  3.8713333e+002
  4.2386526e+001  3.8694891e+002
  4.2511158e+001  3.8676004e+002
  4.2635789e+001  3.8656678e+002
  4.2760421e+001  3.8636918e+002
  4.2885053e+001  3.8616732e+002
  4.3009684e+001  3.8596126e+002
  4.3134316e+001  3.8575105e+002
  4.3258947e+001  3.8553675e+002
  4.3383579e+001  3.8531842e+002
  4.3508211e+001  3.8509613e+002
  4.3632842e+001  3.8486993e+002
  4.3757474e+001  3.8463988e+002
  4.3882105e+001  3.8440603e+002
  4.4006737e+001  3.8416844e+002
  4.4131368e+001  3.8392718e+002
  4.4256000e+001  3.8368230e+002
  4.4380632e+001  3.8343385e+002
  4.4505263e+001  3.8318189e+002
  4.4629895e+001  3.8292646e+002
  4.4754526e+001  3.8266764e+002
  4.4879158e+001  3.8240546e+002
  4.5003789e+001  3.8213999e+002
  4.5128421e+001  3.8187128e+002
  4.5253053e+001  3.8159937e+002
  4.5377684e+001  3.8132433e+002
  4.5502316e+001  3.8104620e+002
  4.5626947e+001  3.8076503e+002
  4.5751579e+001  3.8048087e+002
  4.5876211e+001  3.8019379e+002
  4.6000842e+001  3.7990381e+002
  4.6125474e+001  3.7961101e+002
  4.6250105e+001  3.7931541e+002
  4.6374737e+001  3.7901708e+002
  4.6499368e+001  3.7871605e+002
  4.6624000e+001  3.7841238e+002
  4.6748632e+001  3.7810612e+002
  4.6873263e+001  3.7779730e+002
  4.6997895e+001  3.7748597e+002
  4.7122526e+001  3.7717219e+002
  4.7247158e+001  3.7685599e+002
  4.7371789e+001  3.7653743e+002
  4.7496421e+001  3.7621654e+002
  4.7621053e+001  3.7589337e+002
  4.7745684e+001  3.7556795e+002
  4.7870316e+001  3.7524035e+002
  4.7994947e+001  3.7491059e+002
  4.8119579e+001  3.7457872e+002
  4.8244211e+001  3.7424479e+002
  4.8368842e+001  3.7390883e+002
  4.8493474e+001  3.7357089e+002
  4.8618105e+001  3.7323100e+002
  4.8742737e+001  3.7288920e+002
  4.8867368e+001  3.7254554e+002
  4.8992000e+001  3.7220004e+002
  4.9116632e+001  3.7185276e+002
  4.9241263e+001  3.7150373e+002
  4.9365895e+001  3.7115299e+002
  4.9490526e+001  3.7080057e+002
  4.9615158e+001  3.7044651e+002
  4.9739789e+001  3.7009085e+002
  4.9864421e+001  3.6973363e+002
  4.9989053e+001  3.6937488e+002
  5.0113684e+001  3.6901463e+002
  5.0238316e+001  3.6865293e+002
  5.0362947e+001  3.6828980e+002
  5.0487579e+001  3.6792528e+002
  5.0612211e+001  3.6755940e+002
  5.0736842e+001  3.6719220e+002
  5.0861474e+001  3.6682372e+002
  5.0986105e+001  3.6645398e+002
  5.1110737e+001  3.6608302e+002
  5.1235368e+001  3.6571086e+002
  5.1360000e+001  3.6533755e+002
  5.1484632e+001  3.6496311e+002
  5.1609263e+001  3.6458757e+002
  5.1733895e+001  3.6421096e+002
  5.1858526e+001  3.6383331e+002
  5.1983158e+001  3.6345466e+002
  5.2107789e+001  3.6307504e+002
  5.2232421e+001  3.6269447e+002
  5.2357053e+001  3.6231298e+002
  5.2481684e+001  3.6193059e+002
  5.2606316e+001  3.6154734e+002
  5.2730947e+001  3.6116326e+002
  5.2855579e+001  3.6077837e+002
  5.2980211e+001  3.6039270e+002
  5.3104842e+001  3.6000627e+002
  5.3229474e+001  3.5961913e+002
  5.3354105e+001  3.5923128e+002
  5.3478737e+001  3.5884276e+002
  5.3603368e+001  3.5845360e+002
  5.3728000e+001  3.5806380e+002
  5.3852632e+001  3.5767341e+002
  5.3977263e+001  3.5728244e+002
  5.4101895e+001  3.5689092e+002
  5.4226526e+001  3.5649888e+002
  5.4351158e+001  3.5610633e+002
  5.4475789e+001  3.5571331e+002
  5.4600421e+001  3.5531983e+002
  5.4725053e+001  3.5492591e+002
  5.4849684e+001  3.5453158e+002
  5.4974316e+001  3.5413687e+002
  5.5098947e+001  3.5374179e+002
  5.5223579e+001  3.5334637e+002
  5.5348211e+001  3.5295062e+002
  5.5472842e+001  3.5255457e+002
  5.5597474e+001  3.5215824e+002
  5.5722105e+001  3.5176165e+002
  5.5846737e+001  3.5136482e+002
  5.5971368e+001  3.5096777e+002
  5.6096000e+001  3.5057052e+002
  5.6220632e+001  3.5017309e+002
  5.6345263e+001  3.4977550e+002
  5.6469895e+001  3.4937776e+002
  5.6594526e+001  3.4897990e+002
  5.6719158e+001  3.4858193e+002
  5.6843789e+001  3.4818387e+002
  5.6968421e+001  3.4778574e+002
  5.7093053e+001  3.4738756e+002
  5.7217684e+001  3.4698935e+002
  5.7342316e+001  3.4659113e+002
  5.7466947e+001  3.4619290e+002
  5.7591579e+001  3.4579468e+002
  5.7716211e+001  3.4539650e+002
  5.7840842e+001  3.4499837e+002
  5.7965474e+001  3.4460030e+002
  5.8090105e+001  3.4420232e+002
  5.8214737e+001  3.4380443e+002
  5.8339368e+001  3.4340665e+002
  5.8464000e+001  3.4300900e+002
  5.8588632e+001  3.4261148e+002
  5.8713263e+001  3.4221413e+002
  5.8837895e+001  3.4181694e+002
  5.8962526e+001  3.4141995e+002
  5.9087158e+001  3.4102315e+002
  5.9211789e+001  3.4062657e+002
  5.9336421e+001  3.4023021e+002
  5.9461053e+001  3.3983410e+002
  5.9585684e+001  3.3943824e+002
  5.9710316e+001  3.3904265e+002
  5.9834947e+001  3.3864733e+002
  5.9959579e+001  3.3825230e+002
  6.0084211e+001  3.3785759e+002
  6.0208842e+001  3.3746318e+002
  6.0333474e+001  3.3706911e+002
  6.0458105e+001  3.3667538e+002
  6.0582737e+001  3.3628200e+002
  6.0707368e+001  3.3588898e+002
  6.0832000e+001  3.3549634e+002
  6.0956632e+001  3.3510409e+002
  6.1081263e+001  3.3471224e+002
  6.1205895e+001  3.3432080e+002
  6.1330526e+001  3.3392977e+002
  6.1455158e+001  3.3353917e+002
  6.1579789e+001  3.3314902e+002
  6.1704421e+001  3.3275931e+002
  6.1829053e+001  3.3237007e+002
  6.1953684e+001  3.3198130e+002
  6.2078316e+001  3.3159300e+002
  6.2202947e+001  3.3120520e+002
  6.2327579e+001  3.3081789e+002
  6.2452211e+001  3.3043109e+002
  6.2576842e+001  3.3004481e+002
  6.2701474e+001  3.2965906e+002
  6.2826105e+001  3.2927385e+002
  6.2950737e+001  3.2888917e+002
  6.3075368e+001  3.2850505e+002
  6.3200000e+001  3.2812149e+002
  6.3324632e+001  3.2773849e+002
  6.3449263e+001  3.2735607e+002
  6.3573895e+001  3.2697424e+002
  6.3698526e+001  3.2659300e+002
  6.3823158e+001  3.2621236e+002
  6.3947789e+001  3.2583232e+002
  6.4072421e+001  3.2545290e+002
  6.4197053e+001  3.2507410e+002
  6.4321684e+001  3.2469593e+002
  6.4446316e+001  3.2431840e+002
  6.4570947e+001  3.2394151e+002
  6.4695579e+001  3.2356526e+002
  6.4820211e+001  3.2318967e+002
  6.4944842e+001  3.2281475e+002
  6.5069474e+001  3.2244049e+002
  6.5194105e+001  3.2206691e+002
  6.5318737e+001  3.2169401e+002
  6.5443368e+001  3.2132179e+002
  6.5568000e+001  3.2095027e+002
  6.5692632e+001  3.2057945e+002
  6.5817263e+001  3.2020933e+002
  6.5941895e+001  3.1983992e+002
  6.6066526e+001  3.1947123e+002
  6.6191158e+001  3.1910326e+002
  6.6315789e+001  3.1873601e+002
  6.6440421e+001  3.1836949e+002
  6.6565053e+001  3.1800370e+002
  6.6689684e+001  3.1763866e+002
  6.6814316e+001  3.1727436e+002
  6.6938947e+001  3.1691081e+002
  6.7063579e+001  3.1654802e+002
  6.7188211e+001  3.1618598e+002
  6.7312842e+001  3.1582472e+002
  6.7437474e+001  3.1546421e+002
  6.7562105e+001  3.1510448e+002
  6.7686737e+001  3.1474553e+002
  6.7811368e+001  3.1438736e+002
  6.7936000e+001  3.1402996e+002
  6.8060632e+001  3.1367336e+002
  6.8185263e+001  3.1331754e+002
  6.8309895e+001  3.1296253e+002
  6.8434526e+001  3.1260831e+002
  6.8559158e+001  3.1225489e+002
  6.8683789e+001  3.1190228e+002
  6.8808421e+001  3.1155048e+002
  6.8933053e+001  3.1119949e+002
  6.9057684e+001  3.1084931e+002
  6.9182316e+001  3.1049995e+002
  6.9306947e+001  3.1015141e+002
  6.9431579e+001  3.0980370e+002
  6.9556211e+001  3.0945681e+002
  6.9680842e+001  3.0911075e+002
  6.9805474e+001  3.0876552e+002
  6.9930105e+001  3.0842112e+002
  7.0054737e+001  3.0807757e+002
  7.0179368e+001  3.0773485e+002
  7.0304000e+001  3.0739297e+002
  7.0428632e+001  3.0705195e+002
  7.0553263e+001  3.0671177e+002
  7.0677895e+001  3.0637244e+002
  7.0802526e+001  3.0603396e+002
  7.0927158e+001  3.0569633e+002
  7.1051789e+001  3.0535955e+002
  7.1176421e+001  3.0502363e+002
  7.1301053e+001  3.0468857e+002
  7.1425684e+001  3.0435438e+002
  7.1550316e+001  3.0402104e+002
  7.1674947e+001  3.0368857e+002
  7.1799579e+001  3.0335697e+002
  7.1924211e+001  3.0302622e+002
  7.2048842e+001  3.0269635e+002
  7.2173474e+001  3.0236734e+002
  7.2298105e+001  3.0203921e+002
  7.2422737e+001  3.0171195e+002
  7.2547368e+001  3.0138557e+002
  7.2672000e+001  3.0106006e+002
  7.2796632e+001  3.0073542e+002
  7.2921263e+001  3.0041166e+002
  7.3045895e+001  3.0008878e+002
  7.3170526e+001  2.9976678e+002
  7.3295158e+001  2.9944566e+002
  7.3419789e+001  2.9912542e+002
  7.3544421e+001  2.9880607e+002
  7.3669053e+001  2.9848759e+002
  7.3793684e+001  2.9817000e+002
  7.3918316e+001  2.9785329e+002
  7.4042947e+001  2.9753747e+002
  7.4167579e+001  2.9722253e+002
  7.4292211e+001  2.9690848e+002
  7.4416842e+001  2.9659531e+002
  7.4541474e+001  2.9628303e+002
  7.4666105e+001  2.9597164e+002
  7.4790737e+001  2.9566113e+002
  7.4915368e+001  2.9535151e+002
  7.5040000e+001  2.9504278e+002
  7.5164632e+001  2.9473494e+002
  7.5289263e+001  2.9442799e+002
  7.5413895e+001  2.9412192e+002
  7.5538526e+001  2.9381674e+002
  7.5663158e+001  2.9351245e+002
  7.5787789e+001  2.9320905e+002
  7.5912421e+001  2.9290654e+002
  7.6037053e+001  2.9260492e+002
  7.6161684e+001  2.9230419e+002
  7.6286316e+001  2.9200434e+002
  7.6410947e+001  2.9170538e+002
  7.6535579e+001  2.9140732e+002
  7.6660211e+001  2.9111014e+002
  7.6784842e+001  2.9081385e+002
  7.6909474e+001  2.9051844e+002
  7.7034105e+001  2.9022392e+002
  7.7158737e+001  2.8993029e+002
  7.7283368e+001  2.8963755e+002
  7.7408000e+001  2.8934569e+002
  7.7532632e+001  2.8905472e+002
  7.7657263e+001  2.8876463e+002
  7.7781895e+001  2.8847543e+002
  7.7906526e+001  2.8818711e+002
  7.8031158e+001  2.8789967e+002
  7.8155789e+001  2.8761312e+002
  7.8280421e+001  2.8732745e+002
  7.8405053e+001  2.8704267e+002
  7.8529684e+001  2.8675876e+002
  7.8654316e+001  2.8647574e+002
  7.8778947e+001  2.8619359e+002
  7.8903579e+001  2.8591232e+002
  7.9028211e+001  2.8563193e+002
  7.9152842e+001  2.8535242e+002
  7.9277474e+001  2.8507378e+002
  7.9402105e+001  2.8479602e+002
  7.9526737e+001  2.8451913e+002
  7.9651368e+001  2.8424312e+002
  7.9776000e+001  2.8396798e+002
  7.9900632e+001  2.8369371e+002
  8.0025263e+001  2.8342031e+002
  8.0149895e+001  2.8314778e+002
  8.0274526e+001  2.8287613e+002
  8.0399158e+001  2.8260534e+002
  8.0523789e+001  2.8233542e+002
  8.0648421e+001  2.8206637e+002
  8.0773053e+001  2.8179818e+002
  8.0897684e+001  2.8153085e+002
  8.1022316e+001  2.8126439e+002
  8.1146947e+001  2.8099878e+002
  8.1271579e+001  2.8073403e+002
  8.1396211e+001  2.8047015e+002
  8.1520842e+001  2.8020712e+002
  8.1645474e+001  2.7994495e+002
  8.1770105e+001  2.7968363e+002
  8.1894737e+001  2.7942317e+002
  8.2019368e+001  2.7916356e+002
  8.2144000e+001  2.7890481e+002
  8.2268632e+001  2.7864690e+002
  8.2393263e+001  2.7838984e+002
  8.2517895e+001  2.7813363e+002
  8.2642526e+001  2.7787827e+002
  8.2767158e+001  2.7762375e+002
  8.2891789e+001  2.7737008e+002
  8.3016421e+001  2.7711725e+002
  8.3141053e+001  2.7686526e+002
  8.3265684e+001  2.7661410e+002
  8.3390316e+001  2.7636379e+002
  8.3514947e+001  2.7611431e+002
  8.3639579e+001  2.7586567e+002
  8.3764211e+001  2.7561786e+002
  8.3888842e+001  2.7537088e+002
  8.4013474e+001  2.7512473e+002
  8.4138105e+001  2.7487942e+002
  8.4262737e+001  2.7463492e+002
  8.4387368e+001  2.7439125e+002
  8.4512000e+001  2.7414841e+002
  8.4636632e+001  2.7390639e+002
  8.4761263e+001  2.7366519e+002
  8.4885895e+001  2.7342482e+002
  8.5010526e+001  2.7318526e+002
  8.5135158e+001  2.7294651e+002
  8.5259789e+001  2.7270858e+002
  8.5384421e+001  2.7247147e+002
  8.5509053e+001  2.7223517e+002
  8.5633684e+001  2.7199967e+002
  8.5758316e+001  2.7176499e+002
  8.5882947e+001  2.7153111e+002
  8.6007579e+001  2.7129803e+002
  8.6132211e+001  2.7106576e+002
  8.6256842e+001  2.7083429e+002
  8.6381474e+001  2.7060362e+002
  8.6506105e+001  2.7037375e+002
  8.6630737e+001  2.7014467e+002
  8.6755368e+001  2.6991640e+002
  8.6880000e+001  2.6968891e+002
  8.7004632e+001  2.6946221e+002
  8.7129263e+001  2.6923630e+002
  8.7253895e+001  2.6901118e+002
  8.7378526e+001  2.6878685e+002
  8.7503158e+001  2.6856330e+002
  8.7627789e+001  2.6834054e+002
  8.7752421e+001  2.6811855e+002
  8.7877053e+001  2.6789735e+002
  8.8001684e+001  2.6767692e+002
  8.8126316e+001  2.6745727e+002
  8.8250947e+001  2.6723838e+002
  8.8375579e+001  2.6702028e+002
  8.8500211e+001  2.6680294e+002
  8.8624842e+001  2.6658637e+002
  8.8749474e+001  2.6637056e+002
  8.8874105e+001  2.6615552e+002
  8.8998737e+001  2.6594125e+002
  8.9123368e+001  2.6572773e+002
  8.9248000e+001  2.6551498e+002
  8.9372632e+001  2.6530298e+002
  8.9497263e+001  2.6509173e+002
  8.9621895e+001  2.6488124e+002
  8.9746526e+001  2.6467150e+002
  8.9871158e+001  2.6446251e+002
  8.9995789e+001  2.6425427e+002
  9.0120421e+001  2.6404678e+002
  9.0245053e+001  2.6384003e+002
  9.0369684e+001  2.6363402e+002
  9.0494316e+001  2.6342876e+002
  9.0618947e+001  2.6322423e+002
  9.0743579e+001  2.6302044e+002
  9.0868211e+001  2.6281738e+002
  9.0992842e+001  2.6261506e+002
  9.1117474e+001  2.6241347e+002
  9.1242105e+001  2.6221261e+002
  9.1366737e+001  2.6201247e+002
  9.1491368e+001  2.6181306e+002
  9.1616000e+001  2.6161437e+002
  9.1740632e+001  2.6141642e+002
  9.1865263e+001  2.6121918e+002
  9.1989895e+001  2.6102265e+002
  9.2114526e+001  2.6082683e+002
  9.2239158e+001  2.6063174e+002
  9.2363789e+001  2.6043735e+002
  9.2488421e+001  2.6024368e+002
  9.2613053e+001  2.6005072e+002
  9.2737684e+001  2.5985846e+002
  9.2862316e+001  2.5966691e+002
  9.2986947e+001  2.5947605e+002
  9.3111579e+001  2.5928590e+002
  9.3236211e+001  2.5909646e+002
  9.3360842e+001  2.5890771e+002
  9.3485474e+001  2.5871965e+002
  9.3610105e+001  2.5853228e+002
  9.3734737e+001  2.5834561e+002
  9.3859368e+001  2.5815963e+002
  9.3984000e+001  2.5797433e+002
  9.4108632e+001  2.5778972e+002
  9.4233263e+001  2.5760579e+002
  9.4357895e+001  2.5742254e+002
  9.4482526e+001  2.5723998e+002
  9.4607158e+001  2.5705810e+002
  9.4731789e+001  2.5687688e+002
  9.4856421e+001  2.5669635e+002
  9.4981053e+001  2.5651648e+002
  9.5105684e+001  2.5633729e+002
  9.5230316e+001  2.5615877e+002
  9.5354947e+001  2.5598092e+002
  9.5479579e+001  2.5580372e+002
  9.5604211e+001  2.5562719e+002
  9.5728842e+001  2.5545132e+002
  9.5853474e+001  2.5527611e+002
  9.5978105e+001  2.5510156e+002
  9.6102737e+001  2.5492766e+002
  9.6227368e+001  2.5475442e+002
  9.6352000e+001  2.5458183e+002
  9.6476632e+001  2.5440989e+002
  9.6601263e+001  2.5423859e+002
  9.6725895e+001  2.5406794e+002
  9.6850526e+001  2.5389793e+002
  9.6975158e+001  2.5372857e+002
  9.7099789e+001  2.5355984e+002
  9.7224421e+001  2.5339176e+002
  9.7349053e+001  2.5322431e+002
  9.7473684e+001  2.5305750e+002
  9.7598316e+001  2.5289132e+002
  9.7722947e+001  2.5272577e+002
  9.7847579e+001  2.5256085e+002
  9.7972211e+001  2.5239655e+002
  9.8096842e+001  2.5223288e+002
  9.8221474e+001  2.5206983e+002
  9.8346105e+001  2.5190741e+002
  9.8470737e+001  2.5174560e+002
  9.8595368e+001  2.5158442e+002
  9.8720000e+001  2.5142384e+002
  9.8844632e+001  2.5126389e+002
  9.8969263e+001  2.5110455e+002
  9.9093895e+001  2.5094581e+002
  9.9218526e+001  2.5078768e+002
  9.9343158e+001  2.5063016e+002
  9.9467789e+001  2.5047325e+002
  9.9592421e+001  2.5031694e+002
  9.9717053e+001  2.5016123e+002
  9.9841684e+001  2.5000611e+002
  9.9966316e+001  2.4985160e+002
  1.0009095e+002  2.4969768e+002
  1.0021558e+002  2.4954435e+002
  1.0034021e+002  2.4939162e+002
  1.0046484e+002  2.4923948e+002
  1.0058947e+002  2.4908792e+002
  1.0071411e+002  2.4893695e+002
  1.0083874e+002  2.4878656e+002
  1.0096337e+002  2.4863676e+002
  1.0108800e+002  2.4848754e+002
  1.0121263e+002  2.4833890e+002
  1.0133726e+002  2.4819084e+002
  1.0146189e+002  2.4804335e+002
  1.0158653e+002  2.4789644e+002
  1.0171116e+002  2.4775010e+002
  1.0183579e+002  2.4760432e+002
  1.0196042e+002  2.4745911e+002
  1.0208505e+002  2.4731447e+002
  1.0220968e+002  2.4717040e+002
  1.0233432e+002  2.4702690e+002
  1.0245895e+002  2.4688394e+002
  1.0258358e+002  2.4674155e+002
  1.0270821e+002  2.4659972e+002
  1.0283284e+002  2.4645845e+002
  1.0295747e+002  2.4631773e+002
  1.0308211e+002  2.4617757e+002
  1.0320674e+002  2.4603795e+002
  1.0333137e+002  2.4589887e+002
  1.0345600e+002  2.4576035e+002
  1.0358063e+002  2.4562237e+002
  1.0370526e+002  2.4548494e+002
  1.0382989e+002  2.4534805e+002
  1.0395453e+002  2.4521169e+002
  1.0407916e+002  2.4507588e+002
  1.0420379e+002  2.4494060e+002
  1.0432842e+002  2.4480586e+002
  1.0445305e+002  2.4467166e+002
  1.0457768e+002  2.4453798e+002
  1.0470232e+002  2.4440483e+002
  1.0482695e+002  2.4427221e+002
  1.0495158e+002  2.4414012e+002
  1.0507621e+002  2.4400856e+002
  1.0520084e+002  2.4387752e+002
  1.0532547e+002  2.4374700e+002
  1.0545011e+002  2.4361700e+002
  1.0557474e+002  2.4348751e+002
  1.0569937e+002  2.4335854e+002
  1.0582400e+002  2.4323009e+002
  1.0594863e+002  2.4310215e+002
  1.0607326e+002  2.4297472e+002
  1.0619789e+002  2.4284779e+002
  1.0632253e+002  2.4272137e+002
  1.0644716e+002  2.4259547e+002
  1.0657179e+002  2.4247006e+002
  1.0669642e+002  2.4234516e+002
  1.0682105e+002  2.4222077e+002
  1.0694568e+002  2.4209686e+002
  1.0707032e+002  2.4197346e+002
  1.0719495e+002  2.4185056e+002
  1.0731958e+002  2.4172814e+002
  1.0744421e+002  2.4160622e+002
  1.0756884e+002  2.4148479e+002
  1.0769347e+002  2.4136385e+002
  1.0781811e+002  2.4124341e+002
  1.0794274e+002  2.4112345e+002
  1.0806737e+002  2.4100397e+002
  1.0819200e+002  2.4088497e+002
  1.0831663e+002  2.4076646e+002
  1.0844126e+002  2.4064843e+002
  1.0856589e+002  2.4053088e+002
  1.0869053e+002  2.4041380e+002
  1.0881516e+002  2.4029719e+002
  1.0893979e+002  2.4018106e+002
  1.0906442e+002  2.4006540e+002
  1.0918905e+002  2.3995022e+002
  1.0931368e+002  2.3983550e+002
  1.0943832e+002  2.3972125e+002
  1.0956295e+002  2.3960747e+002
  1.0968758e+002  2.3949415e+002
  1.0981221e+002  2.3938129e+002
  1.0993684e+002  2.3926889e+002
  1.1006147e+002  2.3915694e+002
  1.1018611e+002  2.3904546e+002
  1.1031074e+002  2.3893443e+002
  1.1043537e+002  2.3882386e+002
  1.1056000e+002  2.3871375e+002
  1.1068463e+002  2.3860408e+002
  1.1080926e+002  2.3849487e+002
  1.1093389e+002  2.3838610e+002
  1.1105853e+002  2.3827778e+002
  1.1118316e+002  2.3816991e+002
  1.1130779e+002  2.3806248e+002
  1.1143242e+002  2.3795549e+002
  1.1155705e+002  2.3784894e+002
  1.1168168e+002  2.3774283e+002
  1.1180632e+002  2.3763717e+002
  1.1193095e+002  2.3753194e+002
  1.1205558e+002  2.3742714e+002
  1.1218021e+002  2.3732278e+002
  1.1230484e+002  2.3721885e+002
  1.1242947e+002  2.3711534e+002
  1.1255411e+002  2.3701227e+002
  1.1267874e+002  2.3690963e+002
  1.1280337e+002  2.3680741e+002
  1.1292800e+002  2.3670561e+002
  1.1305263e+002  2.3660424e+002
  1.1317726e+002  2.3650329e+002
  1.1330189e+002  2.3640276e+002
  1.1342653e+002  2.3630265e+002
  1.1355116e+002  2.3620295e+002
  1.1367579e+002  2.3610368e+002
  1.1380042e+002  2.3600481e+002
  1.1392505e+002  2.3590636e+002
  1.1404968e+002  2.3580833e+002
  1.1417432e+002  2.3571070e+002
  1.1429895e+002  2.3561348e+002
  1.1442358e+002  2.3551667e+002
  1.1454821e+002  2.3542026e+002
  1.1467284e+002  2.3532426e+002
  1.1479747e+002  2.3522866e+002
  1.1492211e+002  2.3513347e+002
  1.1504674e+002  2.3503867e+002
  1.1517137e+002  2.3494427e+002
  1.1529600e+002  2.3485027e+002
  1.1542063e+002  2.3475667e+002
  1.1554526e+002  2.3466346e+002
  1.1566989e+002  2.3457064e+002
  1.1579453e+002  2.3447821e+002
  1.1591916e+002  2.3438618e+002
  1.1604379e+002  2.3429454e+002
  1.1616842e+002  2.3420328e+002
  1.1629305e+002  2.3411240e+002
  1.1641768e+002  2.3402192e+002
  1.1654232e+002  2.3393182e+002
  1.1666695e+002  2.3384210e+002
  1.1679158e+002  2.3375275e+002
  1.1691621e+002  2.3366379e+002
  1.1704084e+002  2.3357521e+002
  1.1716547e+002  2.3348700e+002
  1.1729011e+002  2.3339918e+002
  1.1741474e+002  2.3331172e+002
  1.1753937e+002  2.3322464e+002
  1.1766400e+002  2.3313793e+002
  1.1778863e+002  2.3305159e+002
  1.1791326e+002  2.3296562e+002
  1.1803789e+002  2.3288002e+002
  1.1816253e+002  2.3279478e+002
  1.1828716e+002  2.3270991e+002
  1.1841179e+002  2.3262540e+002
  1.1853642e+002  2.3254125e+002
  1.1866105e+002  2.3245747e+002
  1.1878568e+002  2.3237405e+002
  1.1891032e+002  2.3229098e+002
  1.1903495e+002  2.3220827e+002
  1.1915958e+002  2.3212592e+002
  1.1928421e+002  2.3204392e+002
  1.1940884e+002  2.3196228e+002
  1.1953347e+002  2.3188099e+002
  1.1965811e+002  2.3180004e+002
  1.1978274e+002  2.3171945e+002
  1.1990737e+002  2.3163921e+002
  1.2003200e+002  2.3155931e+002
  1.2015663e+002  2.3147976e+002
  1.2028126e+002  2.3140055e+002
  1.2040589e+002  2.3132169e+002
  1.2053053e+002  2.3124318e+002
  1.2065516e+002  2.3116500e+002
  1.2077979e+002  2.3108716e+002
  1.2090442e+002  2.3100966e+002
  1.2102905e+002  2.3093249e+002
  1.2115368e+002  2.3085567e+002
  1.2127832e+002  2.3077917e+002
  1.2140295e+002  2.3070301e+002
  1.2152758e+002  2.3062718e+002
  1.2165221e+002  2.3055169e+002
  1.2177684e+002  2.3047652e+002
  1.2190147e+002  2.3040168e+002
  1.2202611e+002  2.3032717e+002
  1.2215074e+002  2.3025299e+002
  1.2227537e+002  2.3017913e+002
  1.2240000e+002  2.3010559e+002
  1.2252463e+002  2.3003238e+002
  1.2264926e+002  2.2995950e+002
  1.2277389e+002  2.2988693e+002
  1.2289853e+002  2.2981468e+002
  1.2302316e+002  2.2974275e+002
  1.2314779e+002  2.2967113e+002
  1.2327242e+002  2.2959983e+002
  1.2339705e+002  2.2952885e+002
  1.2352168e+002  2.2945818e+002
  1.2364632e+002  2.2938782e+002
  1.2377095e+002  2.2931777e+002
  1.2389558e+002  2.2924803e+002
  1.2402021e+002  2.2917860e+002
  1.2414484e+002  2.2910948e+002
  1.2426947e+002  2.2904066e+002
  1.2439411e+002  2.2897215e+002
  1.2451874e+002  2.2890395e+002
  1.2464337e+002  2.2883605e+002
  1.2476800e+002  2.2876845e+002
  1.2489263e+002  2.2870116e+002
  1.2501726e+002  2.2863415e+002
  1.2514189e+002  2.2856744e+002
  1.2526653e+002  2.2850104e+002
  1.2539116e+002  2.2843493e+002
  1.2551579e+002  2.2836913e+002
  1.2564042e+002  2.2830361e+002
  1.2576505e+002  2.2823839e+002
  1.2588968e+002  2.2817346e+002
  1.2601432e+002  2.2810883e+002
  1.2613895e+002  2.2804447e+002
  1.2626358e+002  2.2798041e+002
  1.2638821e+002  2.2791663e+002
  1.2651284e+002  2.2785315e+002
  1.2663747e+002  2.2778994e+002
  1.2676211e+002  2.2772702e+002
  1.2688674e+002  2.2766439e+002
  1.2701137e+002  2.2760204e+002
  1.2713600e+002  2.2753998e+002
  1.2726063e+002  2.2747819e+002
  1.2738526e+002  2.2741668e+002
  1.2750989e+002  2.2735545e+002
  1.2763453e+002  2.2729449e+002
  1.2775916e+002  2.2723381e+002
  1.2788379e+002  2.2717341e+002
  1.2800842e+002  2.2711328e+002
  1.2813305e+002  2.2705342e+002
  1.2825768e+002  2.2699384e+002
  1.2838232e+002  2.2693452e+002
  1.2850695e+002  2.2687548e+002
  1.2863158e+002  2.2681670e+002
  1.2875621e+002  2.2675819e+002
  1.2888084e+002  2.2669995e+002
  1.2900547e+002  2.2664198e+002
  1.2913011e+002  2.2658427e+002
  1.2925474e+002  2.2652682e+002
  1.2937937e+002  2.2646964e+002
  1.2950400e+002  2.2641272e+002
  1.2962863e+002  2.2635606e+002
  1.2975326e+002  2.2629966e+002
  1.2987789e+002  2.2624352e+002
  1.3000253e+002  2.2618763e+002
  1.3012716e+002  2.2613201e+002
  1.3025179e+002  2.2607663e+002
  1.3037642e+002  2.2602151e+002
  1.3050105e+002  2.2596665e+002
  1.3062568e+002  2.2591204e+002
  1.3075032e+002  2.2585768e+002
  1.3087495e+002  2.2580357e+002
  1.3099958e+002  2.2574972e+002
  1.3112421e+002  2.2569612e+002
  1.3124884e+002  2.2564276e+002
  1.3137347e+002  2.2558964e+002
  1.3149811e+002  2.2553677e+002
  1.3162274e+002  2.2548415e+002
  1.3174737e+002  2.2543177e+002
  1.3187200e+002  2.2537964e+002
  1.3199663e+002  2.2532774e+002
  1.3212126e+002  2.2527610e+002
  1.3224589e+002  2.2522469e+002
  1.3237053e+002  2.2517352e+002
  1.3249516e+002  2.2512259e+002
  1.3261979e+002  2.2507189e+002
  1.3274442e+002  2.2502144e+002
  1.3286905e+002  2.2497121e+002
  1.3299368e+002  2.2492123e+002
  1.3311832e+002  2.2487148e+002
  1.3324295e+002  2.2482196e+002
  1.3336758e+002  2.2477267e+002
  1.3349221e+002  2.2472361e+002
  1.3361684e+002  2.2467479e+002
  1.3374147e+002  2.2462619e+002
  1.3386611e+002  2.2457783e+002
  1.3399074e+002  2.2452969e+002
  1.3411537e+002  2.2448178e+002
  1.3424000e+002  2.2443409e+002
  1.3436463e+002  2.2438663e+002
  1.3448926e+002  2.2433939e+002
  1.3461389e+002  2.2429237e+002
  1.3473853e+002  2.2424558e+002
  1.3486316e+002  2.2419901e+002
  1.3498779e+002  2.2415266e+002
  1.3511242e+002  2.2410653e+002
  1.3523705e+002  2.2406062e+002
  1.3536168e+002  2.2401492e+002
  1.3548632e+002  2.2396944e+002
  1.3561095e+002  2.2392418e+002
  1.3573558e+002  2.2387914e+002
  1.3586021e+002  2.2383431e+002
  1.3598484e+002  2.2378969e+002
  1.3610947e+002  2.2374529e+002
  1.3623411e+002  2.2370110e+002
  1.3635874e+002  2.2365712e+002
  1.3648337e+002  2.2361335e+002
  1.3660800e+002  2.2356979e+002
  1.3673263e+002  2.2352643e+002
  1.3685726e+002  2.2348329e+002
  1.3698189e+002  2.2344035e+002
  1.3710653e+002  2.2339762e+002
  1.3723116e+002  2.2335509e+002
  1.3735579e+002  2.2331277e+002
  1.3748042e+002  2.2327065e+002
  1.3760505e+002  2.2322874e+002
  1.3772968e+002  2.2318703e+002
  1.3785432e+002  2.2314551e+002
  1.3797895e+002  2.2310420e+002
  1.3810358e+002  2.2306309e+002
  1.3822821e+002  2.2302217e+002
  1.3835284e+002  2.2298146e+002
  1.3847747e+002  2.2294094e+002
  1.3860211e+002  2.2290062e+002
  1.3872674e+002  2.2286049e+002
  1.3885137e+002  2.2282056e+002
  1.3897600e+002  2.2278082e+002
  1.3910063e+002  2.2274127e+002
  1.3922526e+002  2.2270192e+002
  1.3934989e+002  2.2266276e+002
  1.3947453e+002  2.2262379e+002
  1.3959916e+002  2.2258501e+002
  1.3972379e+002  2.2254642e+002
  1.3984842e+002  2.2250801e+002
  1.3997305e+002  2.2246979e+002
  1.4009768e+002  2.2243177e+002
  1.4022232e+002  2.2239393e+002
  1.4034695e+002  2.2235627e+002
  1.4047158e+002  2.2231880e+002
  1.4059621e+002  2.2228151e+002
  1.4072084e+002  2.2224441e+002
  1.4084547e+002  2.2220749e+002
  1.4097011e+002  2.2217075e+002
  1.4109474e+002  2.2213419e+002
  1.4121937e+002  2.2209781e+002
  1.4134400e+002  2.2206160e+002
  1.4146863e+002  2.2202558e+002
  1.4159326e+002  2.2198974e+002
  1.4171789e+002  2.2195407e+002
  1.4184253e+002  2.2191858e+002
  1.4196716e+002  2.2188327e+002
  1.4209179e+002  2.2184813e+002
  1.4221642e+002  2.2181316e+002
  1.4234105e+002  2.2177837e+002
  1.4246568e+002  2.2174375e+002
  1.4259032e+002  2.2170931e+002
  1.4271495e+002  2.2167503e+002
  1.4283958e+002  2.2164092e+002
  1.4296421e+002  2.2160698e+002
  1.4308884e+002  2.2157321e+002
  1.4321347e+002  2.2153962e+002
  1.4333811e+002  2.2150619e+002
  1.4346274e+002  2.2147292e+002
  1.4358737e+002  2.2143983e+002
  1.4371200e+002  2.2140689e+002
  1.4383663e+002  2.2137412e+002
  1.4396126e+002  2.2134152e+002
  1.4408589e+002  2.2130908e+002
  1.4421053e+002  2.2127680e+002
  1.4433516e+002  2.2124469e+002
  1.4445979e+002  2.2121273e+002
  1.4458442e+002  2.2118094e+002
  1.4470905e+002  2.2114931e+002
  1.4483368e+002  2.2111784e+002
  1.4495832e+002  2.2108652e+002
  1.4508295e+002  2.2105536e+002
  1.4520758e+002  2.2102436e+002
  1.4533221e+002  2.2099352e+002
  1.4545684e+002  2.2096283e+002
  1.4558147e+002  2.2093230e+002
  1.4570611e+002  2.2090193e+002
  1.4583074e+002  2.2087170e+002
  1.4595537e+002  2.2084163e+002
  1.4608000e+002  2.2081171e+002
  1.4620463e+002  2.2078195e+002
  1.4632926e+002  2.2075233e+002
  1.4645389e+002  2.2072287e+002
  1.4657853e+002  2.2069355e+002
  1.4670316e+002  2.2066439e+002
  1.4682779e+002  2.2063537e+002
  1.4695242e+002  2.2060651e+002
  1.4707705e+002  2.2057779e+002
  1.4720168e+002  2.2054921e+002
  1.4732632e+002  2.2052078e+002
  1.4745095e+002  2.2049250e+002
  1.4757558e+002  2.2046436e+002
  1.4770021e+002  2.2043637e+002
  1.4782484e+002  2.2040852e+002
  1.4794947e+002  2.2038081e+002
  1.4807411e+002  2.2035325e+002
  1.4819874e+002  2.2032583e+002
  1.4832337e+002  2.2029855e+002
  1.4844800e+002  2.2027141e+002
  1.4857263e+002  2.2024440e+002
  1.4869726e+002  2.2021754e+002
  1.4882189e+002  2.2019081e+002
  1.4894653e+002  2.2016422e+002
  1.4907116e+002  2.2013778e+002
  1.4919579e+002  2.2011147e+002
  1.4932042e+002  2.2008529e+002
  1.4944505e+002  2.2005924e+002
  1.4956968e+002  2.2003334e+002
  1.4969432e+002  2.2000756e+002
  1.4981895e+002  2.1998192e+002
  1.4994358e+002  2.1995641e+002
  1.5006821e+002  2.1993104e+002
  1.5019284e+002  2.1990580e+002
  1.5031747e+002  2.1988069e+002
  1.5044211e+002  2.1985571e+002
  1.5056674e+002  2.1983086e+002
  1.5069137e+002  2.1980614e+002
  1.5081600e+002  2.1978155e+002
  1.5094063e+002  2.1975709e+002
  1.5106526e+002  2.1973275e+002
  1.5118989e+002  2.1970854e+002
  1.5131453e+002  2.1968446e+002
  1.5143916e+002  2.1966051e+002
  1.5156379e+002  2.1963668e+002
  1.5168842e+002  2.1961297e+002
  1.5181305e+002  2.1958939e+002
  1.5193768e+002  2.1956594e+002
  1.5206232e+002  2.1954260e+002
  1.5218695e+002  2.1951939e+002
  1.5231158e+002  2.1949630e+002
  1.5243621e+002  2.1947333e+002
  1.5256084e+002  2.1945048e+002
  1.5268547e+002  2.1942775e+002
  1.5281011e+002  2.1940514e+002
  1.5293474e+002  2.1938266e+002
  1.5305937e+002  2.1936029e+002
  1.5318400e+002  2.1933803e+002
  1.5330863e+002  2.1931590e+002
  1.5343326e+002  2.1929389e+002
  1.5355789e+002  2.1927199e+002
  1.5368253e+002  2.1925020e+002
  1.5380716e+002  2.1922854e+002
  1.5393179e+002  2.1920698e+002
  1.5405642e+002  2.1918554e+002
  1.5418105e+002  2.1916421e+002
  1.5430568e+002  2.1914299e+002
  1.5443032e+002  2.1912189e+002
  1.5455495e+002  2.1910091e+002
  1.5467958e+002  2.1908003e+002
  1.5480421e+002  2.1905926e+002
  1.5492884e+002  2.1903860e+002
  1.5505347e+002  2.1901806e+002
  1.5517811e+002  2.1899762e+002
  1.5530274e+002  2.1897729e+002
  1.5542737e+002  2.1895707e+002
  1.5555200e+002  2.1893696e+002
  1.5567663e+002  2.1891696e+002
  1.5580126e+002  2.1889706e+002
  1.5592589e+002  2.1887727e+002
  1.5605053e+002  2.1885758e+002
  1.5617516e+002  2.1883800e+002
  1.5629979e+002  2.1881852e+002
  1.5642442e+002  2.1879915e+002
  1.5654905e+002  2.1877989e+002
  1.5667368e+002  2.1876073e+002
  1.5679832e+002  2.1874166e+002
  1.5692295e+002  2.1872271e+002
  1.5704758e+002  2.1870385e+002
  1.5717221e+002  2.1868510e+002
  1.5729684e+002  2.1866645e+002
  1.5742147e+002  2.1864789e+002
  1.5754611e+002  2.1862944e+002
  1.5767074e+002  2.1861108e+002
  1.5779537e+002  2.1859282e+002
  1.5792000e+002  2.1857466e+002
  1.5804463e+002  2.1855660e+002
  1.5816926e+002  2.1853864e+002
  1.5829389e+002  2.1852077e+002
  1.5841853e+002  2.1850300e+002
  1.5854316e+002  2.1848532e+002
  1.5866779e+002  2.1846774e+002
  1.5879242e+002  2.1845026e+002
  1.5891705e+002  2.1843287e+002
  1.5904168e+002  2.1841558e+002
  1.5916632e+002  2.1839837e+002
  1.5929095e+002  2.1838126e+002
  1.5941558e+002  2.1836425e+002
  1.5954021e+002  2.1834733e+002
  1.5966484e+002  2.1833050e+002
  1.5978947e+002  2.1831375e+002
  1.5991411e+002  2.1829710e+002
  1.6003874e+002  2.1828055e+002
  1.6016337e+002  2.1826408e+002
  1.6028800e+002  2.1824770e+002
  1.6041263e+002  2.1823140e+002
  1.6053726e+002  2.1821520e+002
  1.6066189e+002  2.1819908e+002
  1.6078653e+002  2.1818305e+002
  1.6091116e+002  2.1816711e+002
  1.6103579e+002  2.1815126e+002
  1.6116042e+002  2.1813549e+002
  1.6128505e+002  2.1811980e+002
  1.6140968e+002  2.1810420e+002
  1.6153432e+002  2.1808869e+002
  1.6165895e+002  2.1807327e+002
  1.6178358e+002  2.1805792e+002
  1.6190821e+002  2.1804266e+002
  1.6203284e+002  2.1802748e+002
  1.6215747e+002  2.1801239e+002
  1.6228211e+002  2.1799738e+002
  1.6240674e+002  2.1798245e+002
  1.6253137e+002  2.1796759e+002
  1.6265600e+002  2.1795282e+002
  1.6278063e+002  2.1793814e+002
  1.6290526e+002  2.1792353e+002
  1.6302989e+002  2.1790901e+002
  1.6315453e+002  2.1789456e+002
  1.6327916e+002  2.1788018e+002
  1.6340379e+002  2.1786589e+002
  1.6352842e+002  2.1785167e+002
  1.6365305e+002  2.1783753e+002
  1.6377768e+002  2.1782347e+002
  1.6390232e+002  2.1780949e+002
  1.6402695e+002  2.1779558e+002
  1.6415158e+002  2.1778175e+002
  1.6427621e+002  2.1776799e+002
  1.6440084e+002  2.1775431e+002
  1.6452547e+002  2.1774071e+002
  1.6465011e+002  2.1772718e+002
  1.6477474e+002  2.1771372e+002
  1.6489937e+002  2.1770034e+002
  1.6502400e+002  2.1768702e+002
  1.6514863e+002  2.1767378e+002
  1.6527326e+002  2.1766062e+002
  1.6539789e+002  2.1764752e+002
  1.6552253e+002  2.1763450e+002
  1.6564716e+002  2.1762155e+002
  1.6577179e+002  2.1760866e+002
  1.6589642e+002  2.1759585e+002
  1.6602105e+002  2.1758312e+002
  1.6614568e+002  2.1757045e+002
  1.6627032e+002  2.1755784e+002
  1.6639495e+002  2.1754531e+002
  1.6651958e+002  2.1753284e+002
  1.6664421e+002  2.1752044e+002
  1.6676884e+002  2.1750811e+002
  1.6689347e+002  2.1749585e+002
  1.6701811e+002  2.1748365e+002
  1.6714274e+002  2.1747152e+002
  1.6726737e+002  2.1745946e+002
  1.6739200e+002  2.1744746e+002
  1.6751663e+002  2.1743553e+002
  1.6764126e+002  2.1742366e+002
  1.6776589e+002  2.1741185e+002
  1.6789053e+002  2.1740011e+002
  1.6801516e+002  2.1738843e+002
  1.6813979e+002  2.1737682e+002
  1.6826442e+002  2.1736528e+002
  1.6838905e+002  2.1735379e+002
  1.6851368e+002  2.1734236e+002
  1.6863832e+002  2.1733099e+002
  1.6876295e+002  2.1731969e+002
  1.6888758e+002  2.1730846e+002
  1.6901221e+002  2.1729728e+002
  1.6913684e+002  2.1728616e+002
  1.6926147e+002  2.1727510e+002
  1.6938611e+002  2.1726410e+002
  1.6951074e+002  2.1725316e+002
  1.6963537e+002  2.1724228e+002
  1.6976000e+002  2.1723146e+002
  1.6988463e+002  2.1722069e+002
  1.7000926e+002  2.1720998e+002
  1.7013389e+002  2.1719933e+002
  1.7025853e+002  2.1718875e+002
  1.7038316e+002  2.1717821e+002
  1.7050779e+002  2.1716773e+002
  1.7063242e+002  2.1715731e+002
  1.7075705e+002  2.1714695e+002
  1.7088168e+002  2.1713664e+002
  1.7100632e+002  2.1712638e+002
  1.7113095e+002  2.1711618e+002
  1.7125558e+002  2.1710604e+002
  1.7138021e+002  2.1709595e+002
  1.7150484e+002  2.1708591e+002
  1.7162947e+002  2.1707592e+002
  1.7175411e+002  2.1706600e+002
  1.7187874e+002  2.1705612e+002
  1.7200337e+002  2.1704630e+002
  1.7212800e+002  2.1703652e+002
  1.7225263e+002  2.1702680e+002
  1.7237726e+002  2.1701714e+002
  1.7250189e+002  2.1700752e+002
  1.7262653e+002  2.1699796e+002
  1.7275116e+002  2.1698844e+002
  1.7287579e+002  2.1697897e+002
  1.7300042e+002  2.1696955e+002
  1.7312505e+002  2.1696019e+002
  1.7324968e+002  2.1695088e+002
  1.7337432e+002  2.1694161e+002
  1.7349895e+002  2.1693239e+002
  1.7362358e+002  2.1692322e+002
  1.7374821e+002  2.1691409e+002
  1.7387284e+002  2.1690502e+002
  1.7399747e+002  2.1689599e+002
  1.7412211e+002  2.1688702e+002
  1.7424674e+002  2.1687808e+002
  1.7437137e+002  2.1686919e+002
  1.7449600e+002  2.1686035e+002
  1.7462063e+002  2.1685156e+002
  1.7474526e+002  2.1684281e+002
  1.7486989e+002  2.1683411e+002
  1.7499453e+002  2.1682545e+002
  1.7511916e+002  2.1681684e+002
  1.7524379e+002  2.1680827e+002
  1.7536842e+002  2.1679974e+002
  1.7549305e+002  2.1679126e+002
  1.7561768e+002  2.1678282e+002
  1.7574232e+002  2.1677442e+002
  1.7586695e+002  2.1676607e+002
  1.7599158e+002  2.1675776e+002
  1.7611621e+002  2.1674949e+002
  1.7624084e+002  2.1674127e+002
  1.7636547e+002  2.1673308e+002
  1.7649011e+002  2.1672494e+002
  1.7661474e+002  2.1671684e+002
  1.7673937e+002  2.1670878e+002
  1.7686400e+002  2.1670076e+002
  1.7698863e+002  2.1669278e+002
  1.7711326e+002  2.1668484e+002
  1.7723789e+002  2.1667694e+002
  1.7736253e+002  2.1666908e+002
  1.7748716e+002  2.1666126e+002
  1.7761179e+002  2.1665348e+002
  1.7773642e+002  2.1664573e+002
  1.7786105e+002  2.1663802e+002
  1.7798568e+002  2.1663036e+002
  1.7811032e+002  2.1662273e+002
  1.7823495e+002  2.1661514e+002
  1.7835958e+002  2.1660759e+002
  1.7848421e+002  2.1660007e+002
  1.7860884e+002  2.1659259e+002
  1.7873347e+002  2.1658515e+002
  1.7885811e+002  2.1657774e+002
  1.7898274e+002  2.1657037e+002
  1.7910737e+002  2.1656303e+002
  1.7923200e+002  2.1655573e+002
  1.7935663e+002  2.1654846e+002
  1.7948126e+002  2.1654123e+002
  1.7960589e+002  2.1653404e+002
  1.7973053e+002  2.1652687e+002
  1.7985516e+002  2.1651974e+002
  1.7997979e+002  2.1651264e+002
  1.8010442e+002  2.1650558e+002
  1.8022905e+002  2.1649856e+002
  1.8035368e+002  2.1649156e+002
  1.8047832e+002  2.1648460e+002
  1.8060295e+002  2.1647767e+002
  1.8072758e+002  2.1647077e+002
  1.8085221e+002  2.1646391e+002
  1.8097684e+002  2.1645707e+002
  1.8110147e+002  2.1645027e+002
  1.8122611e+002  2.1644350e+002
  1.8135074e+002  2.1643676e+002
  1.8147537e+002  2.1643006e+002
  1.8160000e+002  2.1642338e+002
  1.8172463e+002  2.1641673e+002
  1.8184926e+002  2.1641011e+002
  1.8197389e+002  2.1640353e+002
  1.8209853e+002  2.1639697e+002
  1.8222316e+002  2.1639044e+002
  1.8234779e+002  2.1638394e+002
  1.8247242e+002  2.1637747e+002
  1.8259705e+002  2.1637103e+002
  1.8272168e+002  2.1636461e+002
  1.8284632e+002  2.1635823e+002
  1.8297095e+002  2.1635187e+002
  1.8309558e+002  2.1634554e+002
  1.8322021e+002  2.1633924e+002
  1.8334484e+002  2.1633296e+002
  1.8346947e+002  2.1632671e+002
  1.8359411e+002  2.1632048e+002
  1.8371874e+002  2.1631429e+002
  1.8384337e+002  2.1630812e+002
  1.8396800e+002  2.1630198e+002
  1.8409263e+002  2.1629587e+002
  1.8421726e+002  2.1628978e+002
  1.8434189e+002  2.1628371e+002
  1.8446653e+002  2.1627767e+002
  1.8459116e+002  2.1627165e+002
  1.8471579e+002  2.1626566e+002
  1.8484042e+002  2.1625969e+002
  1.8496505e+002  2.1625375e+002
  1.8508968e+002  2.1624783e+002
  1.8521432e+002  2.1624194e+002
  1.8533895e+002  2.1623607e+002
  1.8546358e+002  2.1623022e+002
  1.8558821e+002  2.1622439e+002
  1.8571284e+002  2.1621859e+002
  1.8583747e+002  2.1621281e+002
  1.8596211e+002  2.1620706e+002
  1.8608674e+002  2.1620132e+002
  1.8621137e+002  2.1619561e+002
  1.8633600e+002  2.1618992e+002
  1.8646063e+002  2.1618425e+002
  1.8658526e+002  2.1617861e+002
  1.8670989e+002  2.1617298e+002
  1.8683453e+002  2.1616738e+002
  1.8695916e+002  2.1616179e+002
  1.8708379e+002  2.1615623e+002
  1.8720842e+002  2.1615069e+002
  1.8733305e+002  2.1614517e+002
  1.8745768e+002  2.1613966e+002
  1.8758232e+002  2.1613418e+002
  1.8770695e+002  2.1612872e+002
  1.8783158e+002  2.1612328e+002
  1.8795621e+002  2.1611785e+002
  1.8808084e+002  2.1611245e+002
  1.8820547e+002  2.1610706e+002
  1.8833011e+002  2.1610170e+002
  1.8845474e+002  2.1609635e+002
  1.8857937e+002  2.1609102e+002
  1.8870400e+002  2.1608571e+002
  1.8882863e+002  2.1608041e+002
  1.8895326e+002  2.1607513e+002
  1.8907789e+002  2.1606987e+002
  1.8920253e+002  2.1606463e+002
  1.8932716e+002  2.1605941e+002
  1.8945179e+002  2.1605420e+002
  1.8957642e+002  2.1604901e+002
  1.8970105e+002  2.1604384e+002
  1.8982568e+002  2.1603868e+002
  1.8995032e+002  2.1603354e+002
  1.9007495e+002  2.1602842e+002
  1.9019958e+002  2.1602331e+002
  1.9032421e+002  2.1601821e+002
  1.9044884e+002  2.1601314e+002
  1.9057347e+002  2.1600808e+002
  1.9069811e+002  2.1600304e+002
  1.9082274e+002  2.1599800e+002
  1.9094737e+002  2.1599298e+002
  1.9107200e+002  2.1598798e+002
  1.9119663e+002  2.1598300e+002
  1.9132126e+002  2.1597803e+002
  1.9144589e+002  2.1597307e+002
  1.9157053e+002  2.1596812e+002
  1.9169516e+002  2.1596318e+002
  1.9181979e+002  2.1595826e+002
  1.9194442e+002  2.1595336e+002
  1.9206905e+002  2.1594847e+002
  1.9219368e+002  2.1594359e+002
  1.9231832e+002  2.1593873e+002
  1.9244295e+002  2.1593388e+002
  1.9256758e+002  2.1592903e+002
  1.9269221e+002  2.1592421e+002
  1.9281684e+002  2.1591940e+002
  1.9294147e+002  2.1591459e+002
  1.9306611e+002  2.1590980e+002
  1.9319074e+002  2.1590502e+002
  1.9331537e+002  2.1590025e+002
  1.9344000e+002  2.1589550e+002
  1.9356463e+002  2.1589075e+002
  1.9368926e+002  2.1588602e+002
  1.9381389e+002  2.1588130e+002
  1.9393853e+002  2.1587658e+002
  1.9406316e+002  2.1587188e+002
  1.9418779e+002  2.1586719e+002
  1.9431242e+002  2.1586251e+002
  1.9443705e+002  2.1585784e+002
  1.9456168e+002  2.1585318e+002
  1.9468632e+002  2.1584853e+002
  1.9481095e+002  2.1584389e+002
  1.9493558e+002  2.1583926e+002
  1.9506021e+002  2.1583464e+002
  1.9518484e+002  2.1583003e+002
  1.9530947e+002  2.1582542e+002
  1.9543411e+002  2.1582083e+002
  1.9555874e+002  2.1581624e+002
  1.9568337e+002  2.1581167e+002
  1.9580800e+002  2.1580710e+002
  1.9593263e+002  2.1580254e+002
  1.9605726e+002  2.1579799e+002
  1.9618189e+002  2.1579345e+002
  1.9630653e+002  2.1578891e+002
  1.9643116e+002  2.1578438e+002
  1.9655579e+002  2.1577986e+002
  1.9668042e+002  2.1577535e+002
  1.9680505e+002  2.1577085e+002
  1.9692968e+002  2.1576636e+002
  1.9705432e+002  2.1576187e+002
  1.9717895e+002  2.1575738e+002
  1.9730358e+002  2.1575291e+002
  1.9742821e+002  2.1574844e+002
  1.9755284e+002  2.1574398e+002
  1.9767747e+002  2.1573952e+002
  1.9780211e+002  2.1573507e+002
  1.9792674e+002  2.1573063e+002
  1.9805137e+002  2.1572619e+002
  1.9817600e+002  2.1572176e+002
  1.9830063e+002  2.1571733e+002
  1.9842526e+002  2.1571291e+002
  1.9854989e+002  2.1570850e+002
  1.9867453e+002  2.1570409e+002
  1.9879916e+002  2.1569968e+002
  1.9892379e+002  2.1569529e+002
  1.9904842e+002  2.1569089e+002
  1.9917305e+002  2.1568650e+002
  1.9929768e+002  2.1568212e+002
  1.9942232e+002  2.1567775e+002
  1.9954695e+002  2.1567338e+002
  1.9967158e+002  2.1566901e+002
  1.9979621e+002  2.1566464e+002
  1.9992084e+002  2.1566028e+002
  2.0004547e+002  2.1565592e+002
  2.0017011e+002  2.1565157e+002
  2.0029474e+002  2.1564722e+002
  2.0041937e+002  2.1564287e+002
  2.0054400e+002  2.1563853e+002
  2.0066863e+002  2.1563420e+002
  2.0079326e+002  2.1562987e+002
  2.0091789e+002  2.1562553e+002
  2.0104253e+002  2.1562120e+002
  2.0116716e+002  2.1561688e+002
  2.0129179e+002  2.1561256e+002
  2.0141642e+002  2.1560824e+002
  2.0154105e+002  2.1560392e+002
  2.0166568e+002  2.1559961e+002
  2.0179032e+002  2.1559530e+002
  2.0191495e+002  2.1559099e+002
  2.0203958e+002  2.1558668e+002
  2.0216421e+002  2.1558238e+002
  2.0228884e+002  2.1557808e+002
  2.0241347e+002  2.1557378e+002
  2.0253811e+002  2.1556948e+002
  2.0266274e+002  2.1556518e+002
  2.0278737e+002  2.1556089e+002
  2.0291200e+002  2.1555660e+002
  2.0303663e+002  2.1555231e+002
  2.0316126e+002  2.1554802e+002
  2.0328589e+002  2.1554373e+002
  2.0341053e+002  2.1553944e+002
  2.0353516e+002  2.1553515e+002
  2.0365979e+002  2.1553086e+002
  2.0378442e+002  2.1552658e+002
  2.0390905e+002  2.1552229e+002
  2.0403368e+002  2.1551801e+002
  2.0415832e+002  2.1551373e+002
  2.0428295e+002  2.1550944e+002
  2.0440758e+002  2.1550516e+002
  2.0453221e+002  2.1550088e+002
  2.0465684e+002  2.1549660e+002
  2.0478147e+002  2.1549232e+002
  2.0490611e+002  2.1548804e+002
  2.0503074e+002  2.1548375e+002
  2.0515537e+002  2.1547947e+002
  2.0528000e+002  2.1547519e+002
  2.0540463e+002  2.1547091e+002
  2.0552926e+002  2.1546662e+002
  2.0565389e+002  2.1546234e+002
  2.0577853e+002  2.1545806e+002
  2.0590316e+002  2.1545377e+002
  2.0602779e+002  2.1544949e+002
  2.0615242e+002  2.1544520e+002
  2.0627705e+002  2.1544091e+002
  2.0640168e+002  2.1543662e+002
  2.0652632e+002  2.1543233e+002
  2.0665095e+002  2.1542804e+002
  2.0677558e+002  2.1542375e+002
  2.0690021e+002  2.1541945e+002
  2.0702484e+002  2.1541515e+002
  2.0714947e+002  2.1541086e+002
  2.0727411e+002  2.1540656e+002
  2.0739874e+002  2.1540226e+002
  2.0752337e+002  2.1539795e+002
  2.0764800e+002  2.1539365e+002
  2.0777263e+002  2.1538935e+002
  2.0789726e+002  2.1538504e+002
  2.0802189e+002  2.1538073e+002
  2.0814653e+002  2.1537642e+002
  2.0827116e+002  2.1537210e+002
  2.0839579e+002  2.1536778e+002
  2.0852042e+002  2.1536346e+002
  2.0864505e+002  2.1535914e+002
  2.0876968e+002  2.1535482e+002
  2.0889432e+002  2.1535049e+002
  2.0901895e+002  2.1534616e+002
  2.0914358e+002  2.1534183e+002
  2.0926821e+002  2.1533749e+002
  2.0939284e+002  2.1533315e+002
  2.0951747e+002  2.1532881e+002
  2.0964211e+002  2.1532446e+002
  2.0976674e+002  2.1532011e+002
  2.0989137e+002  2.1531577e+002
  2.1001600e+002  2.1531141e+002
  2.1014063e+002  2.1530705e+002
  2.1026526e+002  2.1530269e+002
  2.1038989e+002  2.1529832e+002
  2.1051453e+002  2.1529396e+002
  2.1063916e+002  2.1528959e+002
  2.1076379e+002  2.1528521e+002
  2.1088842e+002  2.1528083e+002
  2.1101305e+002  2.1527645e+002
  2.1113768e+002  2.1527206e+002
  2.1126232e+002  2.1526767e+002
  2.1138695e+002  2.1526328e+002
  2.1151158e+002  2.1525888e+002
  2.1163621e+002  2.1525447e+002
  2.1176084e+002  2.1525007e+002
  2.1188547e+002  2.1524566e+002
  2.1201011e+002  2.1524125e+002
  2.1213474e+002  2.1523682e+002
  2.1225937e+002  2.1523240e+002
  2.1238400e+002  2.1522797e+002
  2.1250863e+002  2.1522354e+002
  2.1263326e+002  2.1521910e+002
  2.1275789e+002  2.1521465e+002
  2.1288253e+002  2.1521020e+002
  2.1300716e+002  2.1520575e+002
  2.1313179e+002  2.1520129e+002
  2.1325642e+002  2.1519683e+002
  2.1338105e+002  2.1519236e+002
  2.1350568e+002  2.1518789e+002
  2.1363032e+002  2.1518342e+002
  2.1375495e+002  2.1517893e+002
  2.1387958e+002  2.1517445e+002
  2.1400421e+002  2.1516995e+002
  2.1412884e+002  2.1516546e+002
  2.1425347e+002  2.1516095e+002
  2.1437811e+002  2.1515645e+002
  2.1450274e+002  2.1515194e+002
  2.1462737e+002  2.1514742e+002
  2.1475200e+002  2.1514290e+002
  2.1487663e+002  2.1513837e+002
  2.1500126e+002  2.1513384e+002
  2.1512589e+002  2.1512929e+002
  2.1525053e+002  2.1512475e+002
  2.1537516e+002  2.1512019e+002
  2.1549979e+002  2.1511564e+002
  2.1562442e+002  2.1511108e+002
  2.1574905e+002  2.1510651e+002
  2.1587368e+002  2.1510193e+002
  2.1599832e+002  2.1509735e+002
  2.1612295e+002  2.1509276e+002
  2.1624758e+002  2.1508817e+002
  2.1637221e+002  2.1508357e+002
  2.1649684e+002  2.1507897e+002
  2.1662147e+002  2.1507436e+002
  2.1674611e+002  2.1506974e+002
  2.1687074e+002  2.1506512e+002
  2.1699537e+002  2.1506049e+002
  2.1712000e+002  2.1505586e+002
  2.1724463e+002  2.1505122e+002
  2.1736926e+002  2.1504658e+002
  2.1749389e+002  2.1504192e+002
  2.1761853e+002  2.1503726e+002
  2.1774316e+002  2.1503259e+002
  2.1786779e+002  2.1502792e+002
  2.1799242e+002  2.1502324e+002
  2.1811705e+002  2.1501856e+002
  2.1824168e+002  2.1501387e+002
  2.1836632e+002  2.1500917e+002
  2.1849095e+002  2.1500446e+002
  2.1861558e+002  2.1499975e+002
  2.1874021e+002  2.1499503e+002
  2.1886484e+002  2.1499031e+002
  2.1898947e+002  2.1498558e+002
  2.1911411e+002  2.1498084e+002
  2.1923874e+002  2.1497609e+002
  2.1936337e+002  2.1497134e+002
  2.1948800e+002  2.1496658e+002
  2.1961263e+002  2.1496182e+002
  2.1973726e+002  2.1495704e+002
  2.1986189e+002  2.1495226e+002
  2.1998653e+002  2.1494748e+002
  2.2011116e+002  2.1494268e+002
  2.2023579e+002  2.1493789e+002
  2.2036042e+002  2.1493308e+002
  2.2048505e+002  2.1492827e+002
  2.2060968e+002  2.1492345e+002
  2.2073432e+002  2.1491863e+002
  2.2085895e+002  2.1491379e+002
  2.2098358e+002  2.1490895e+002
  2.2110821e+002  2.1490410e+002
  2.2123284e+002  2.1489925e+002
  2.2135747e+002  2.1489438e+002
  2.2148211e+002  2.1488951e+002
  2.2160674e+002  2.1488463e+002
  2.2173137e+002  2.1487975e+002
  2.2185600e+002  2.1487485e+002
  2.2198063e+002  2.1486995e+002
  2.2210526e+002  2.1486505e+002
  2.2222989e+002  2.1486014e+002
  2.2235453e+002  2.1485522e+002
  2.2247916e+002  2.1485029e+002
  2.2260379e+002  2.1484535e+002
  2.2272842e+002  2.1484041e+002
  2.2285305e+002  2.1483546e+002
  2.2297768e+002  2.1483051e+002
  2.2310232e+002  2.1482554e+002
  2.2322695e+002  2.1482057e+002
  2.2335158e+002  2.1481559e+002
  2.2347621e+002  2.1481061e+002
  2.2360084e+002  2.1480561e+002
  2.2372547e+002  2.1480061e+002
  2.2385011e+002  2.1479560e+002
  2.2397474e+002  2.1479059e+002
  2.2409937e+002  2.1478556e+002
  2.2422400e+002  2.1478053e+002
  2.2434863e+002  2.1477550e+002
  2.2447326e+002  2.1477045e+002
  2.2459789e+002  2.1476539e+002
  2.2472253e+002  2.1476033e+002
  2.2484716e+002  2.1475527e+002
  2.2497179e+002  2.1475019e+002
  2.2509642e+002  2.1474511e+002
  2.2522105e+002  2.1474001e+002
  2.2534568e+002  2.1473492e+002
  2.2547032e+002  2.1472981e+002
  2.2559495e+002  2.1472470e+002
  2.2571958e+002  2.1471957e+002
  2.2584421e+002  2.1471445e+002
  2.2596884e+002  2.1470932e+002
  2.2609347e+002  2.1470418e+002
  2.2621811e+002  2.1469902e+002
  2.2634274e+002  2.1469386e+002
  2.2646737e+002  2.1468870e+002
  2.2659200e+002  2.1468352e+002
  2.2671663e+002  2.1467835e+002
  2.2684126e+002  2.1467316e+002
  2.2696589e+002  2.1466797e+002
  2.2709053e+002  2.1466276e+002
  2.2721516e+002  2.1465755e+002
  2.2733979e+002  2.1465233e+002
  2.2746442e+002  2.1464711e+002
  2.2758905e+002  2.1464188e+002
  2.2771368e+002  2.1463664e+002
  2.2783832e+002  2.1463139e+002
  2.2796295e+002  2.1462613e+002
  2.2808758e+002  2.1462087e+002
  2.2821221e+002  2.1461560e+002
  2.2833684e+002  2.1461032e+002
  2.2846147e+002  2.1460503e+002
  2.2858611e+002  2.1459974e+002
  2.2871074e+002  2.1459444e+002
  2.2883537e+002  2.1458913e+002
  2.2896000e+002  2.1458381e+002
  2.2908463e+002  2.1457849e+002
  2.2920926e+002  2.1457316e+002
  2.2933389e+002  2.1456783e+002
  2.2945853e+002  2.1456249e+002
  2.2958316e+002  2.1455713e+002
  2.2970779e+002  2.1455178e+002
  2.2983242e+002  2.1454641e+002
  2.2995705e+002  2.1454104e+002
  2.3008168e+002  2.1453566e+002
  2.3020632e+002  2.1453027e+002
  2.3033095e+002  2.1452487e+002
  2.3045558e+002  2.1451947e+002
  2.3058021e+002  2.1451406e+002
  2.3070484e+002  2.1450864e+002
  2.3082947e+002  2.1450321e+002
  2.3095411e+002  2.1449778e+002
  2.3107874e+002  2.1449234e+002
  2.3120337e+002  2.1448689e+002
  2.3132800e+002  2.1448144e+002
  2.3145263e+002  2.1447598e+002
  2.3157726e+002  2.1447051e+002
  2.3170189e+002  2.1446504e+002
  2.3182653e+002  2.1445955e+002
  2.3195116e+002  2.1445407e+002
  2.3207579e+002  2.1444857e+002
  2.3220042e+002  2.1444307e+002
  2.3232505e+002  2.1443756e+002
  2.3244968e+002  2.1443204e+002
  2.3257432e+002  2.1442651e+002
  2.3269895e+002  2.1442098e+002
  2.3282358e+002  2.1441544e+002
  2.3294821e+002  2.1440989e+002
  2.3307284e+002  2.1440434e+002
  2.3319747e+002  2.1439878e+002
  2.3332211e+002  2.1439322e+002
  2.3344674e+002  2.1438764e+002
  2.3357137e+002  2.1438206e+002
  2.3369600e+002  2.1437647e+002
  2.3382063e+002  2.1437087e+002
  2.3394526e+002  2.1436527e+002
  2.3406989e+002  2.1435966e+002
  2.3419453e+002  2.1435405e+002
  2.3431916e+002  2.1434843e+002
  2.3444379e+002  2.1434280e+002
  2.3456842e+002  2.1433717e+002
  2.3469305e+002  2.1433152e+002
  2.3481768e+002  2.1432587e+002
  2.3494232e+002  2.1432022e+002
  2.3506695e+002  2.1431455e+002
  2.3519158e+002  2.1430889e+002
  2.3531621e+002  2.1430322e+002
  2.3544084e+002  2.1429754e+002
  2.3556547e+002  2.1429185e+002
  2.3569011e+002  2.1428615e+002
  2.3581474e+002  2.1428045e+002
  2.3593937e+002  2.1427474e+002
  2.3606400e+002  2.1426903e+002
  2.3618863e+002  2.1426332e+002
  2.3631326e+002  2.1425759e+002
  2.3643789e+002  2.1425186e+002
  2.3656253e+002  2.1424612e+002
  2.3668716e+002  2.1424038e+002
  2.3681179e+002  2.1423464e+002
  2.3693642e+002  2.1422888e+002
  2.3706105e+002  2.1422312e+002
  2.3718568e+002  2.1421734e+002
  2.3731032e+002  2.1421157e+002
  2.3743495e+002  2.1420580e+002
  2.3755958e+002  2.1420001e+002
  2.3768421e+002  2.1419422e+002
  2.3780884e+002  2.1418842e+002
  2.3793347e+002  2.1418261e+002
  2.3805811e+002  2.1417680e+002
  2.3818274e+002  2.1417098e+002
  2.3830737e+002  2.1416516e+002
  2.3843200e+002  2.1415934e+002
  2.3855663e+002  2.1415350e+002
  2.3868126e+002  2.1414766e+002
  2.3880589e+002  2.1414181e+002
  2.3893053e+002  2.1413596e+002
  2.3905516e+002  2.1413011e+002
  2.3917979e+002  2.1412424e+002
  2.3930442e+002  2.1411838e+002
  2.3942905e+002  2.1411251e+002
  2.3955368e+002  2.1410663e+002
  2.3967832e+002  2.1410075e+002
  2.3980295e+002  2.1409486e+002
  2.3992758e+002  2.1408896e+002
  2.4005221e+002  2.1408307e+002
  2.4017684e+002  2.1407717e+002
  2.4030147e+002  2.1407126e+002
  2.4042611e+002  2.1406535e+002
  2.4055074e+002  2.1405943e+002
  2.4067537e+002  2.1405350e+002
  2.4080000e+002  2.1404758e+002
  2.4092463e+002  2.1404164e+002
  2.4104926e+002  2.1403570e+002
  2.4117389e+002  2.1402976e+002
  2.4129853e+002  2.1402381e+002
  2.4142316e+002  2.1401786e+002
  2.4154779e+002  2.1401190e+002
  2.4167242e+002  2.1400593e+002
  2.4179705e+002  2.1399997e+002
  2.4192168e+002  2.1399400e+002
  2.4204632e+002  2.1398802e+002
  2.4217095e+002  2.1398204e+002
  2.4229558e+002  2.1397606e+002
  2.4242021e+002  2.1397006e+002
  2.4254484e+002  2.1396407e+002
  2.4266947e+002  2.1395807e+002
  2.4279411e+002  2.1395207e+002
  2.4291874e+002  2.1394606e+002
  2.4304337e+002  2.1394005e+002
  2.4316800e+002  2.1393403e+002
  2.4329263e+002  2.1392801e+002
  2.4341726e+002  2.1392199e+002
  2.4354189e+002  2.1391596e+002
  2.4366653e+002  2.1390993e+002
  2.4379116e+002  2.1390390e+002
  2.4391579e+002  2.1389785e+002
  2.4404042e+002  2.1389181e+002
  2.4416505e+002  2.1388576e+002
  2.4428968e+002  2.1387971e+002
  2.4441432e+002  2.1387366e+002
  2.4453895e+002  2.1386760e+002
  2.4466358e+002  2.1386154e+002
  2.4478821e+002  2.1385547e+002
  2.4491284e+002  2.1384941e+002
  2.4503747e+002  2.1384334e+002
  2.4516211e+002  2.1383726e+002
  2.4528674e+002  2.1383118e+002
  2.4541137e+002  2.1382510e+002
  2.4553600e+002  2.1381901e+002
  2.4566063e+002  2.1381292e+002
  2.4578526e+002  2.1380683e+002
  2.4590989e+002  2.1380074e+002
  2.4603453e+002  2.1379464e+002
  2.4615916e+002  2.1378854e+002
  2.4628379e+002  2.1378244e+002
  2.4640842e+002  2.1377633e+002
  2.4653305e+002  2.1377022e+002
  2.4665768e+002  2.1376411e+002
  2.4678232e+002  2.1375800e+002
  2.4690695e+002  2.1375188e+002
  2.4703158e+002  2.1374576e+002
  2.4715621e+002  2.1373964e+002
  2.4728084e+002  2.1373351e+002
  2.4740547e+002  2.1372739e+002
  2.4753011e+002  2.1372126e+002
  2.4765474e+002  2.1371514e+002
  2.4777937e+002  2.1370900e+002
  2.4790400e+002  2.1370287e+002
  2.4802863e+002  2.1369673e+002
  2.4815326e+002  2.1369059e+002
  2.4827789e+002  2.1368445e+002
  2.4840253e+002  2.1367831e+002
  2.4852716e+002  2.1367216e+002
  2.4865179e+002  2.1366601e+002
  2.4877642e+002  2.1365987e+002
  2.4890105e+002  2.1365372e+002
  2.4902568e+002  2.1364757e+002
  2.4915032e+002  2.1364141e+002
  2.4927495e+002  2.1363525e+002
  2.4939958e+002  2.1362910e+002
  2.4952421e+002  2.1362294e+002
  2.4964884e+002  2.1361678e+002
  2.4977347e+002  2.1361063e+002
  2.4989811e+002  2.1360447e+002
  2.5002274e+002  2.1359830e+002
  2.5014737e+002  2.1359214e+002
  2.5027200e+002  2.1358598e+002
  2.5039663e+002  2.1357982e+002
  2.5052126e+002  2.1357365e+002
  2.5064589e+002  2.1356748e+002
  2.5077053e+002  2.1356131e+002
  2.5089516e+002  2.1355515e+002
  2.5101979e+002  2.1354898e+002
  2.5114442e+002  2.1354281e+002
  2.5126905e+002  2.1353665e+002
  2.5139368e+002  2.1353048e+002
  2.5151832e+002  2.1352430e+002
  2.5164295e+002  2.1351813e+002
  2.5176758e+002  2.1351196e+002
  2.5189221e+002  2.1350579e+002
  2.5201684e+002  2.1349961e+002
  2.5214147e+002  2.1349344e+002
  2.5226611e+002  2.1348727e+002
  2.5239074e+002  2.1348111e+002
  2.5251537e+002  2.1347494e+002
  2.5264000e+002  2.1346876e+002
  2.5276463e+002  2.1346259e+002
  2.5288926e+002  2.1345642e+002
  2.5301389e+002  2.1345025e+002
  2.5313853e+002  2.1344408e+002
  2.5326316e+002  2.1343792e+002
  2.5338779e+002  2.1343175e+002
  2.5351242e+002  2.1342558e+002
  2.5363705e+002  2.1341941e+002
  2.5376168e+002  2.1341325e+002
  2.5388632e+002  2.1340709e+002
  2.5401095e+002  2.1340093e+002
  2.5413558e+002  2.1339477e+002
  2.5426021e+002  2.1338861e+002
  2.5438484e+002  2.1338245e+002
  2.5450947e+002  2.1337629e+002
  2.5463411e+002  2.1337014e+002
  2.5475874e+002  2.1336398e+002
  2.5488337e+002  2.1335782e+002
  2.5500800e+002  2.1335167e+002
  2.5513263e+002  2.1334553e+002
  2.5525726e+002  2.1333938e+002
  2.5538189e+002  2.1333323e+002
  2.5550653e+002  2.1332709e+002
  2.5563116e+002  2.1332095e+002
  2.5575579e+002  2.1331481e+002
  2.5588042e+002  2.1330867e+002
  2.5600505e+002  2.1330253e+002
  2.5612968e+002  2.1329640e+002
  2.5625432e+002  2.1329027e+002
  2.5637895e+002  2.1328414e+002
  2.5650358e+002  2.1327801e+002
  2.5662821e+002  2.1327189e+002
  2.5675284e+002  2.1326577e+002
  2.5687747e+002  2.1325965e+002
  2.5700211e+002  2.1325353e+002
  2.5712674e+002  2.1324742e+002
  2.5725137e+002  2.1324132e+002
  2.5737600e+002  2.1323521e+002
  2.5750063e+002  2.1322911e+002
  2.5762526e+002  2.1322301e+002
  2.5774989e+002  2.1321691e+002
  2.5787453e+002  2.1321081e+002
  2.5799916e+002  2.1320472e+002
  2.5812379e+002  2.1319863e+002
  2.5824842e+002  2.1319254e+002
  2.5837305e+002  2.1318647e+002
  2.5849768e+002  2.1318039e+002
  2.5862232e+002  2.1317432e+002
  2.5874695e+002  2.1316825e+002
  2.5887158e+002  2.1316219e+002
  2.5899621e+002  2.1315612e+002
  2.5912084e+002  2.1315006e+002
  2.5924547e+002  2.1314401e+002
  2.5937011e+002  2.1313797e+002
  2.5949474e+002  2.1313193e+002
  2.5961937e+002  2.1312589e+002
  2.5974400e+002  2.1311985e+002
  2.5986863e+002  2.1311382e+002
  2.5999326e+002  2.1310780e+002
  2.6011789e+002  2.1310178e+002
  2.6024253e+002  2.1309576e+002
  2.6036716e+002  2.1308974e+002
  2.6049179e+002  2.1308374e+002
  2.6061642e+002  2.1307774e+002
  2.6074105e+002  2.1307174e+002
  2.6086568e+002  2.1306575e+002
  2.6099032e+002  2.1305976e+002
  2.6111495e+002  2.1305378e+002
  2.6123958e+002  2.1304781e+002
  2.6136421e+002  2.1304184e+002
  2.6148884e+002  2.1303588e+002
  2.6161347e+002  2.1302992e+002
  2.6173811e+002  2.1302397e+002
  2.6186274e+002  2.1301802e+002
  2.6198737e+002  2.1301209e+002
  2.6211200e+002  2.1300615e+002
  2.6223663e+002  2.1300022e+002
  2.6236126e+002  2.1299430e+002
  2.6248589e+002  2.1298839e+002
  2.6261053e+002  2.1298248e+002
  2.6273516e+002  2.1297658e+002
  2.6285979e+002  2.1297068e+002
  2.6298442e+002  2.1296480e+002
  2.6310905e+002  2.1295892e+002
  2.6323368e+002  2.1295304e+002
  2.6335832e+002  2.1294716e+002
  2.6348295e+002  2.1294130e+002
  2.6360758e+002  2.1293545e+002
  2.6373221e+002  2.1292960e+002
  2.6385684e+002  2.1292376e+002
  2.6398147e+002  2.1291793e+002
  2.6410611e+002  2.1291210e+002
  2.6423074e+002  2.1290628e+002
  2.6435537e+002  2.1290047e+002
  2.6448000e+002  2.1289467e+002
  2.6460463e+002  2.1288888e+002
  2.6472926e+002  2.1288309e+002
  2.6485389e+002  2.1287731e+002
  2.6497853e+002  2.1287154e+002
  2.6510316e+002  2.1286578e+002
  2.6522779e+002  2.1286002e+002
  2.6535242e+002  2.1285428e+002
  2.6547705e+002  2.1284854e+002
  2.6560168e+002  2.1284281e+002
  2.6572632e+002  2.1283709e+002
  2.6585095e+002  2.1283138e+002
  2.6597558e+002  2.1282567e+002
  2.6610021e+002  2.1281998e+002
  2.6622484e+002  2.1281430e+002
  2.6634947e+002  2.1280863e+002
  2.6647411e+002  2.1280296e+002
  2.6659874e+002  2.1279730e+002
  2.6672337e+002  2.1279166e+002
  2.6684800e+002  2.1278602e+002
  2.6697263e+002  2.1278039e+002
  2.6709726e+002  2.1277477e+002
  2.6722189e+002  2.1276915e+002
  2.6734653e+002  2.1276355e+002
  2.6747116e+002  2.1275796e+002
  2.6759579e+002  2.1275238e+002
  2.6772042e+002  2.1274681e+002
  2.6784505e+002  2.1274125e+002
  2.6796968e+002  2.1273569e+002
  2.6809432e+002  2.1273015e+002
  2.6821895e+002  2.1272463e+002
  2.6834358e+002  2.1271911e+002
  2.6846821e+002  2.1271360e+002
  2.6859284e+002  2.1270810e+002
  2.6871747e+002  2.1270261e+002
  2.6884211e+002  2.1269713e+002
  2.6896674e+002  2.1269167e+002
  2.6909137e+002  2.1268621e+002
  2.6921600e+002  2.1268077e+002
  2.6934063e+002  2.1267534e+002
  2.6946526e+002  2.1266992e+002
  2.6958989e+002  2.1266450e+002
  2.6971453e+002  2.1265911e+002
  2.6983916e+002  2.1265372e+002
  2.6996379e+002  2.1264835e+002
  2.7008842e+002  2.1264299e+002
  2.7021305e+002  2.1263764e+002
  2.7033768e+002  2.1263230e+002
  2.7046232e+002  2.1262697e+002
  2.7058695e+002  2.1262165e+002
  2.7071158e+002  2.1261635e+002
  2.7083621e+002  2.1261106e+002
  2.7096084e+002  2.1260578e+002
  2.7108547e+002  2.1260052e+002
  2.7121011e+002  2.1259527e+002
  2.7133474e+002  2.1259003e+002
  2.7145937e+002  2.1258481e+002
  2.7158400e+002  2.1257959e+002
  2.7170863e+002  2.1257439e+002
  2.7183326e+002  2.1256920e+002
  2.7195789e+002  2.1256402e+002
  2.7208253e+002  2.1255886e+002
  2.7220716e+002  2.1255371e+002
  2.7233179e+002  2.1254858e+002
  2.7245642e+002  2.1254346e+002
  2.7258105e+002  2.1253836e+002
  2.7270568e+002  2.1253326e+002
  2.7283032e+002  2.1252818e+002
  2.7295495e+002  2.1252312e+002
  2.7307958e+002  2.1251807e+002
  2.7320421e+002  2.1251303e+002
  2.7332884e+002  2.1250801e+002
  2.7345347e+002  2.1250300e+002
  2.7357811e+002  2.1249800e+002
  2.7370274e+002  2.1249303e+002
  2.7382737e+002  2.1248806e+002
  2.7395200e+002  2.1248311e+002
  2.7407663e+002  2.1247818e+002
  2.7420126e+002  2.1247326e+002
  2.7432589e+002  2.1246836e+002
  2.7445053e+002  2.1246347e+002
  2.7457516e+002  2.1245859e+002
  2.7469979e+002  2.1245373e+002
  2.7482442e+002  2.1244889e+002
  2.7494905e+002  2.1244406e+002
  2.7507368e+002  2.1243925e+002
  2.7519832e+002  2.1243445e+002
  2.7532295e+002  2.1242967e+002
  2.7544758e+002  2.1242491e+002
  2.7557221e+002  2.1242016e+002
  2.7569684e+002  2.1241543e+002
  2.7582147e+002  2.1241072e+002
  2.7594611e+002  2.1240602e+002
  2.7607074e+002  2.1240133e+002
  2.7619537e+002  2.1239667e+002
  2.7632000e+002  2.1239202e+002
  2.7644463e+002  2.1238739e+002
  2.7656926e+002  2.1238277e+002
  2.7669389e+002  2.1237818e+002
  2.7681853e+002  2.1237359e+002
  2.7694316e+002  2.1236903e+002
  2.7706779e+002  2.1236448e+002
  2.7719242e+002  2.1235995e+002
  2.7731705e+002  2.1235543e+002
  2.7744168e+002  2.1235094e+002
  2.7756632e+002  2.1234646e+002
  2.7769095e+002  2.1234201e+002
  2.7781558e+002  2.1233757e+002
  2.7794021e+002  2.1233315e+002
  2.7806484e+002  2.1232874e+002
  2.7818947e+002  2.1232436e+002
  2.7831411e+002  2.1231999e+002
  2.7843874e+002  2.1231564e+002
  2.7856337e+002  2.1231131e+002
  2.7868800e+002  2.1230699e+002
  2.7881263e+002  2.1230270e+002
  2.7893726e+002  2.1229843e+002
  2.7906189e+002  2.1229418e+002
  2.7918653e+002  2.1228994e+002
  2.7931116e+002  2.1228573e+002
  2.7943579e+002  2.1228153e+002
  2.7956042e+002  2.1227735e+002
  2.7968505e+002  2.1227319e+002
  2.7980968e+002  2.1226905e+002
  2.7993432e+002  2.1226493e+002
  2.8005895e+002  2.1226083e+002
  2.8018358e+002  2.1225675e+002
  2.8030821e+002  2.1225269e+002
  2.8043284e+002  2.1224865e+002
  2.8055747e+002  2.1224464e+002
  2.8068211e+002  2.1224064e+002
  2.8080674e+002  2.1223666e+002
  2.8093137e+002  2.1223270e+002
  2.8105600e+002  2.1222876e+002
  2.8118063e+002  2.1222485e+002
  2.8130526e+002  2.1222095e+002
  2.8142989e+002  2.1221708e+002
  2.8155453e+002  2.1221322e+002
  2.8167916e+002  2.1220939e+002
  2.8180379e+002  2.1220558e+002
  2.8192842e+002  2.1220179e+002
  2.8205305e+002  2.1219802e+002
  2.8217768e+002  2.1219427e+002
  2.8230232e+002  2.1219055e+002
  2.8242695e+002  2.1218684e+002
  2.8255158e+002  2.1218316e+002
  2.8267621e+002  2.1217951e+002
  2.8280084e+002  2.1217587e+002
  2.8292547e+002  2.1217226e+002
  2.8305011e+002  2.1216866e+002
  2.8317474e+002  2.1216510e+002
  2.8329937e+002  2.1216155e+002
  2.8342400e+002  2.1215803e+002
  2.8354863e+002  2.1215454e+002
  2.8367326e+002  2.1215106e+002
  2.8379789e+002  2.1214760e+002
  2.8392253e+002  2.1214417e+002
  2.8404716e+002  2.1214077e+002
  2.8417179e+002  2.1213738e+002
  2.8429642e+002  2.1213402e+002
  2.8442105e+002  2.1213068e+002
  2.8454568e+002  2.1212737e+002
  2.8467032e+002  2.1212408e+002
  2.8479495e+002  2.1212081e+002
  2.8491958e+002  2.1211757e+002
  2.8504421e+002  2.1211435e+002
  2.8516884e+002  2.1211115e+002
  2.8529347e+002  2.1210798e+002
  2.8541811e+002  2.1210484e+002
  2.8554274e+002  2.1210172e+002
  2.8566737e+002  2.1209862e+002
  2.8579200e+002  2.1209555e+002
  2.8591663e+002  2.1209250e+002
  2.8604126e+002  2.1208948e+002
  2.8616589e+002  2.1208648e+002
  2.8629053e+002  2.1208351e+002
  2.8641516e+002  2.1208057e+002
  2.8653979e+002  2.1207766e+002
  2.8666442e+002  2.1207476e+002
  2.8678905e+002  2.1207189e+002
  2.8691368e+002  2.1206905e+002
  2.8703832e+002  2.1206624e+002
  2.8716295e+002  2.1206345e+002
  2.8728758e+002  2.1206068e+002
  2.8741221e+002  2.1205795e+002
  2.8753684e+002  2.1205524e+002
  2.8766147e+002  2.1205255e+002
  2.8778611e+002  2.1204989e+002
  2.8791074e+002  2.1204726e+002
  2.8803537e+002  2.1204466e+002
  2.8816000e+002  2.1204207e+002
  2.8828463e+002  2.1203952e+002
  2.8840926e+002  2.1203700e+002
  2.8853389e+002  2.1203450e+002
  2.8865853e+002  2.1203203e+002
  2.8878316e+002  2.1202959e+002
  2.8890779e+002  2.1202718e+002
  2.8903242e+002  2.1202479e+002
  2.8915705e+002  2.1202244e+002
  2.8928168e+002  2.1202011e+002
  2.8940632e+002  2.1201780e+002
  2.8953095e+002  2.1201553e+002
  2.8965558e+002  2.1201329e+002
  2.8978021e+002  2.1201107e+002
  2.8990484e+002  2.1200888e+002
  2.9002947e+002  2.1200672e+002
  2.9015411e+002  2.1200459e+002
  2.9027874e+002  2.1200249e+002
  2.9040337e+002  2.1200042e+002
  2.9052800e+002  2.1199838e+002
  2.9065263e+002  2.1199636e+002
  2.9077726e+002  2.1199438e+002
  2.9090189e+002  2.1199242e+002
  2.9102653e+002  2.1199049e+002
  2.9115116e+002  2.1198859e+002
  2.9127579e+002  2.1198673e+002
  2.9140042e+002  2.1198489e+002
  2.9152505e+002  2.1198309e+002
  2.9164968e+002  2.1198131e+002
  2.9177432e+002  2.1197956e+002
  2.9189895e+002  2.1197785e+002
  2.9202358e+002  2.1197616e+002
  2.9214821e+002  2.1197451e+002
  2.9227284e+002  2.1197288e+002
  2.9239747e+002  2.1197128e+002
  2.9252211e+002  2.1196972e+002
  2.9264674e+002  2.1196819e+002
  2.9277137e+002  2.1196669e+002
  2.9289600e+002  2.1196522e+002
  2.9302063e+002  2.1196379e+002
  2.9314526e+002  2.1196238e+002
  2.9326989e+002  2.1196101e+002
  2.9339453e+002  2.1195967e+002
  2.9351916e+002  2.1195835e+002
  2.9364379e+002  2.1195707e+002
  2.9376842e+002  2.1195582e+002
  2.9389305e+002  2.1195461e+002
  2.9401768e+002  2.1195344e+002
  2.9414232e+002  2.1195229e+002
  2.9426695e+002  2.1195117e+002
  2.9439158e+002  2.1195008e+002
  2.9451621e+002  2.1194903e+002
  2.9464084e+002  2.1194801e+002
  2.9476547e+002  2.1194703e+002
  2.9489011e+002  2.1194608e+002
  2.9501474e+002  2.1194516e+002
  2.9513937e+002  2.1194428e+002
  2.9526400e+002  2.1194343e+002
  2.9538863e+002  2.1194261e+002
  2.9551326e+002  2.1194183e+002
  2.9563789e+002  2.1194108e+002
  2.9576253e+002  2.1194036e+002
  2.9588716e+002  2.1193968e+002
  2.9601179e+002  2.1193903e+002
  2.9613642e+002  2.1193842e+002
  2.9626105e+002  2.1193784e+002
  2.9638568e+002  2.1193730e+002
  2.9651032e+002  2.1193678e+002
  2.9663495e+002  2.1193631e+002
  2.9675958e+002  2.1193588e+002
  2.9688421e+002  2.1193547e+002
  2.9700884e+002  2.1193511e+002
  2.9713347e+002  2.1193477e+002
  2.9725811e+002  2.1193448e+002
  2.9738274e+002  2.1193422e+002
  2.9750737e+002  2.1193399e+002
  2.9763200e+002  2.1193380e+002
  2.9775663e+002  2.1193364e+002
  2.9788126e+002  2.1193352e+002
  2.9800589e+002  2.1193344e+002
  2.9813053e+002  2.1193339e+002
  2.9825516e+002  2.1193338e+002
  2.9837979e+002  2.1193341e+002
  2.9850442e+002  2.1193347e+002
  2.9862905e+002  2.1193357e+002
  2.9875368e+002  2.1193371e+002
  2.9887832e+002  2.1193388e+002
  2.9900295e+002  2.1193409e+002
  2.9912758e+002  2.1193434e+002
  2.9925221e+002  2.1193463e+002
  2.9937684e+002  2.1193496e+002
  2.9950147e+002  2.1193532e+002
  2.9962611e+002  2.1193572e+002
  2.9975074e+002  2.1193615e+002
  2.9987537e+002  2.1193662e+002
  3.0000000e+002  2.1193714e+002
