  4.0000000e+000  6.3793800e-002
  4.1246316e+000  6.2102818e-002
  4.2492632e+000  6.0938953e-002
  4.3738947e+000  6.0260410e-002
  4.4985263e+000  6.0025389e-002
  4.6231579e+000  6.0192094e-002
  4.7477895e+000  6.0718727e-002
  4.8724211e+000  6.1563491e-002
  4.9970526e+000  6.2684584e-002
  5.1216842e+000  6.4040209e-002
  5.2463158e+000  6.5588576e-002
  5.3709474e+000  6.7287891e-002
  5.4955789e+000  6.9096320e-002
  5.6202105e+000  7.0972054e-002
  5.7448421e+000  7.2873431e-002
  5.8694737e+000  7.4758695e-002
  5.9941053e+000  7.6585536e-002
  6.1187368e+000  7.8320088e-002
  6.2433684e+000  7.9963527e-002
  6.3680000e+000  8.1526119e-002
  6.4926316e+000  8.3018733e-002
  6.6172632e+000  8.4452340e-002
  6.7418947e+000  8.5837699e-002
  6.8665263e+000  8.7185574e-002
  6.9911579e+000  8.8506980e-002
  7.1157895e+000  8.9810817e-002
  7.2404211e+000  9.1096997e-002
  7.3650526e+000  9.2363055e-002
  7.4896842e+000  9.3606298e-002
  7.6143158e+000  9.4823989e-002
  7.7389474e+000  9.6013475e-002
  7.8635789e+000  9.7172100e-002
  7.9882105e+000  9.8297113e-002
  8.1128421e+000  9.9386364e-002
  8.2374737e+000  1.0044032e-001
  8.3621053e+000  1.0146013e-001
  8.4867368e+000  1.0244707e-001
  8.6113684e+000  1.0340240e-001
  8.7360000e+000  1.0432735e-001
  8.8606316e+000  1.0522319e-001
  8.9852632e+000  1.0609116e-001
  9.1098947e+000  1.0693240e-001
  9.2345263e+000  1.0774746e-001
  9.3591579e+000  1.0853673e-001
  9.4837895e+000  1.0930055e-001
  9.6084211e+000  1.1003927e-001
  9.7330526e+000  1.1075328e-001
  9.8576842e+000  1.1144293e-001
  9.9823158e+000  1.1210849e-001
  1.0106947e+001  1.1275071e-001
  1.0231579e+001  1.1337246e-001
  1.0356211e+001  1.1397719e-001
  1.0480842e+001  1.1456848e-001
  1.0605474e+001  1.1514993e-001
  1.0730105e+001  1.1572507e-001
  1.0854737e+001  1.1629745e-001
  1.0979368e+001  1.1687077e-001
  1.1104000e+001  1.1744808e-001
  1.1228632e+001  1.1802946e-001
  1.1353263e+001  1.1861417e-001
  1.1477895e+001  1.1920125e-001
  1.1602526e+001  1.1978972e-001
  1.1727158e+001  1.2037866e-001
  1.1851789e+001  1.2096714e-001
  1.1976421e+001  1.2155417e-001
  1.2101053e+001  1.2213896e-001
  1.2225684e+001  1.2272145e-001
  1.2350316e+001  1.2330182e-001
  1.2474947e+001  1.2388030e-001
  1.2599579e+001  1.2445714e-001
  1.2724211e+001  1.2503256e-001
  1.2848842e+001  1.2560680e-001
  1.2973474e+001  1.2618008e-001
  1.3098105e+001  1.2675263e-001
  1.3222737e+001  1.2732441e-001
  1.3347368e+001  1.2789536e-001
  1.3472000e+001  1.2846539e-001
  1.3596632e+001  1.2903440e-001
  1.3721263e+001  1.2960232e-001
  1.3845895e+001  1.3016904e-001
  1.3970526e+001  1.3073448e-001
  1.4095158e+001  1.3129855e-001
  1.4219789e+001  1.3186125e-001
  1.4344421e+001  1.3242260e-001
  1.4469053e+001  1.3298262e-001
  1.4593684e+001  1.3354133e-001
  1.4718316e+001  1.3409875e-001
  1.4842947e+001  1.3465491e-001
  1.4967579e+001  1.3520984e-001
  1.5092211e+001  1.3576355e-001
  1.5216842e+001  1.3631603e-001
  1.5341474e+001  1.3686726e-001
  1.5466105e+001  1.3741720e-001
  1.5590737e+001  1.3796585e-001
  1.5715368e+001  1.3851317e-001
  1.5840000e+001  1.3905913e-001
  1.5964632e+001  1.3960371e-001
  1.6089263e+001  1.4014689e-001
  1.6213895e+001  1.4068864e-001
  1.6338526e+001  1.4122897e-001
  1.6463158e+001  1.4176783e-001
  1.6587789e+001  1.4230523e-001
  1.6712421e+001  1.4284115e-001
  1.6837053e+001  1.4337556e-001
  1.6961684e+001  1.4390847e-001
  1.7086316e+001  1.4443985e-001
  1.7210947e+001  1.4496970e-001
  1.7335579e+001  1.4549800e-001
  1.7460211e+001  1.4602474e-001
  1.7584842e+001  1.4654992e-001
  1.7709474e+001  1.4707353e-001
  1.7834105e+001  1.4759558e-001
  1.7958737e+001  1.4811603e-001
  1.8083368e+001  1.4863490e-001
  1.8208000e+001  1.4915219e-001
  1.8332632e+001  1.4966790e-001
  1.8457263e+001  1.5018204e-001
  1.8581895e+001  1.5069463e-001
  1.8706526e+001  1.5120567e-001
  1.8831158e+001  1.5171518e-001
  1.8955789e+001  1.5222316e-001
  1.9080421e+001  1.5272964e-001
  1.9205053e+001  1.5323461e-001
  1.9329684e+001  1.5373807e-001
  1.9454316e+001  1.5424002e-001
  1.9578947e+001  1.5474047e-001
  1.9703579e+001  1.5523941e-001
  1.9828211e+001  1.5573684e-001
  1.9952842e+001  1.5623275e-001
  2.0077474e+001  1.5672716e-001
  2.0202105e+001  1.5722003e-001
  2.0326737e+001  1.5771134e-001
  2.0451368e+001  1.5820106e-001
  2.0576000e+001  1.5868915e-001
  2.0700632e+001  1.5917558e-001
  2.0825263e+001  1.5966031e-001
  2.0949895e+001  1.6014331e-001
  2.1074526e+001  1.6062456e-001
  2.1199158e+001  1.6110406e-001
  2.1323789e+001  1.6158185e-001
  2.1448421e+001  1.6205797e-001
  2.1573053e+001  1.6253245e-001
  2.1697684e+001  1.6300533e-001
  2.1822316e+001  1.6347666e-001
  2.1946947e+001  1.6394647e-001
  2.2071579e+001  1.6441479e-001
  2.2196211e+001  1.6488163e-001
  2.2320842e+001  1.6534698e-001
  2.2445474e+001  1.6581083e-001
  2.2570105e+001  1.6627316e-001
  2.2694737e+001  1.6673396e-001
  2.2819368e+001  1.6719320e-001
  2.2944000e+001  1.6765087e-001
  2.3068632e+001  1.6810696e-001
  2.3193263e+001  1.6856147e-001
  2.3317895e+001  1.6901439e-001
  2.3442526e+001  1.6946571e-001
  2.3567158e+001  1.6991545e-001
  2.3691789e+001  1.7036359e-001
  2.3816421e+001  1.7081014e-001
  2.3941053e+001  1.7125510e-001
  2.4065684e+001  1.7169847e-001
  2.4190316e+001  1.7214025e-001
  2.4314947e+001  1.7258046e-001
  2.4439579e+001  1.7301913e-001
  2.4564211e+001  1.7345627e-001
  2.4688842e+001  1.7389189e-001
  2.4813474e+001  1.7432602e-001
  2.4938105e+001  1.7475868e-001
  2.5062737e+001  1.7518987e-001
  2.5187368e+001  1.7561961e-001
  2.5312000e+001  1.7604790e-001
  2.5436632e+001  1.7647473e-001
  2.5561263e+001  1.7690012e-001
  2.5685895e+001  1.7732405e-001
  2.5810526e+001  1.7774652e-001
  2.5935158e+001  1.7816753e-001
  2.6059789e+001  1.7858709e-001
  2.6184421e+001  1.7900519e-001
  2.6309053e+001  1.7942181e-001
  2.6433684e+001  1.7983693e-001
  2.6558316e+001  1.8025054e-001
  2.6682947e+001  1.8066263e-001
  2.6807579e+001  1.8107319e-001
  2.6932211e+001  1.8148220e-001
  2.7056842e+001  1.8188963e-001
  2.7181474e+001  1.8229551e-001
  2.7306105e+001  1.8269990e-001
  2.7430737e+001  1.8310282e-001
  2.7555368e+001  1.8350434e-001
  2.7680000e+001  1.8390449e-001
  2.7804632e+001  1.8430333e-001
  2.7929263e+001  1.8470090e-001
  2.8053895e+001  1.8509725e-001
  2.8178526e+001  1.8549238e-001
  2.8303158e+001  1.8588628e-001
  2.8427789e+001  1.8627890e-001
  2.8552421e+001  1.8667020e-001
  2.8677053e+001  1.8706014e-001
  2.8801684e+001  1.8744869e-001
  2.8926316e+001  1.8783581e-001
  2.9050947e+001  1.8822147e-001
  2.9175579e+001  1.8860566e-001
  2.9300211e+001  1.8898838e-001
  2.9424842e+001  1.8936965e-001
  2.9549474e+001  1.8974950e-001
  2.9674105e+001  1.9012795e-001
  2.9798737e+001  1.9050500e-001
  2.9923368e+001  1.9088068e-001
  3.0048000e+001  1.9125501e-001
  3.0172632e+001  1.9162800e-001
  3.0297263e+001  1.9199968e-001
  3.0421895e+001  1.9237008e-001
  3.0546526e+001  1.9273921e-001
  3.0671158e+001  1.9310710e-001
  3.0795789e+001  1.9347377e-001
  3.0920421e+001  1.9383925e-001
  3.1045053e+001  1.9420356e-001
  3.1169684e+001  1.9456670e-001
  3.1294316e+001  1.9492869e-001
  3.1418947e+001  1.9528950e-001
  3.1543579e+001  1.9564914e-001
  3.1668211e+001  1.9600758e-001
  3.1792842e+001  1.9636484e-001
  3.1917474e+001  1.9672090e-001
  3.2042105e+001  1.9707575e-001
  3.2166737e+001  1.9742939e-001
  3.2291368e+001  1.9778181e-001
  3.2416000e+001  1.9813301e-001
  3.2540632e+001  1.9848296e-001
  3.2665263e+001  1.9883166e-001
  3.2789895e+001  1.9917912e-001
  3.2914526e+001  1.9952532e-001
  3.3039158e+001  1.9987023e-001
  3.3163789e+001  2.0021389e-001
  3.3288421e+001  2.0055633e-001
  3.3413053e+001  2.0089758e-001
  3.3537684e+001  2.0123769e-001
  3.3662316e+001  2.0157669e-001
  3.3786947e+001  2.0191464e-001
  3.3911579e+001  2.0225156e-001
  3.4036211e+001  2.0258751e-001
  3.4160842e+001  2.0292249e-001
  3.4285474e+001  2.0325648e-001
  3.4410105e+001  2.0358947e-001
  3.4534737e+001  2.0392142e-001
  3.4659368e+001  2.0425231e-001
  3.4784000e+001  2.0458210e-001
  3.4908632e+001  2.0491077e-001
  3.5033263e+001  2.0523830e-001
  3.5157895e+001  2.0556467e-001
  3.5282526e+001  2.0588986e-001
  3.5407158e+001  2.0621388e-001
  3.5531789e+001  2.0653673e-001
  3.5656421e+001  2.0685839e-001
  3.5781053e+001  2.0717888e-001
  3.5905684e+001  2.0749817e-001
  3.6030316e+001  2.0781626e-001
  3.6154947e+001  2.0813318e-001
  3.6279579e+001  2.0844901e-001
  3.6404211e+001  2.0876381e-001
  3.6528842e+001  2.0907767e-001
  3.6653474e+001  2.0939067e-001
  3.6778105e+001  2.0970286e-001
  3.6902737e+001  2.1001435e-001
  3.7027368e+001  2.1032522e-001
  3.7152000e+001  2.1063546e-001
  3.7276632e+001  2.1094501e-001
  3.7401263e+001  2.1125378e-001
  3.7525895e+001  2.1156165e-001
  3.7650526e+001  2.1186854e-001
  3.7775158e+001  2.1217436e-001
  3.7899789e+001  2.1247899e-001
  3.8024421e+001  2.1278233e-001
  3.8149053e+001  2.1308436e-001
  3.8273684e+001  2.1338513e-001
  3.8398316e+001  2.1368471e-001
  3.8522947e+001  2.1398320e-001
  3.8647579e+001  2.1428067e-001
  3.8772211e+001  2.1457719e-001
  3.8896842e+001  2.1487286e-001
  3.9021474e+001  2.1516776e-001
  3.9146105e+001  2.1546192e-001
  3.9270737e+001  2.1575536e-001
  3.9395368e+001  2.1604806e-001
  3.9520000e+001  2.1634001e-001
  3.9644632e+001  2.1663118e-001
  3.9769263e+001  2.1692155e-001
  3.9893895e+001  2.1721112e-001
  4.0018526e+001  2.1749987e-001
  4.0143158e+001  2.1778778e-001
  4.0267789e+001  2.1807482e-001
  4.0392421e+001  2.1836097e-001
  4.0517053e+001  2.1864618e-001
  4.0641684e+001  2.1893044e-001
  4.0766316e+001  2.1921369e-001
  4.0890947e+001  2.1949592e-001
  4.1015579e+001  2.1977708e-001
  4.1140211e+001  2.2005720e-001
  4.1264842e+001  2.2033634e-001
  4.1389474e+001  2.2061459e-001
  4.1514105e+001  2.2089205e-001
  4.1638737e+001  2.2116881e-001
  4.1763368e+001  2.2144497e-001
  4.1888000e+001  2.2172063e-001
  4.2012632e+001  2.2199590e-001
  4.2137263e+001  2.2227077e-001
  4.2261895e+001  2.2254518e-001
  4.2386526e+001  2.2281901e-001
  4.2511158e+001  2.2309212e-001
  4.2635789e+001  2.2336439e-001
  4.2760421e+001  2.2363569e-001
  4.2885053e+001  2.2390588e-001
  4.3009684e+001  2.2417483e-001
  4.3134316e+001  2.2444253e-001
  4.3258947e+001  2.2470905e-001
  4.3383579e+001  2.2497453e-001
  4.3508211e+001  2.2523916e-001
  4.3632842e+001  2.2550309e-001
  4.3757474e+001  2.2576646e-001
  4.3882105e+001  2.2602945e-001
  4.4006737e+001  2.2629223e-001
  4.4131368e+001  2.2655481e-001
  4.4256000e+001  2.2681715e-001
  4.4380632e+001  2.2707908e-001
  4.4505263e+001  2.2734043e-001
  4.4629895e+001  2.2760104e-001
  4.4754526e+001  2.2786075e-001
  4.4879158e+001  2.2811939e-001
  4.5003789e+001  2.2837678e-001
  4.5128421e+001  2.2863289e-001
  4.5253053e+001  2.2888776e-001
  4.5377684e+001  2.2914154e-001
  4.5502316e+001  2.2939441e-001
  4.5626947e+001  2.2964652e-001
  4.5751579e+001  2.2989799e-001
  4.5876211e+001  2.3014900e-001
  4.6000842e+001  2.3039971e-001
  4.6125474e+001  2.3065020e-001
  4.6250105e+001  2.3090046e-001
  4.6374737e+001  2.3115048e-001
  4.6499368e+001  2.3140017e-001
  4.6624000e+001  2.3164950e-001
  4.6748632e+001  2.3189842e-001
  4.6873263e+001  2.3214688e-001
  4.6997895e+001  2.3239482e-001
  4.7122526e+001  2.3264219e-001
  4.7247158e+001  2.3288894e-001
  4.7371789e+001  2.3313502e-001
  4.7496421e+001  2.3338036e-001
  4.7621053e+001  2.3362491e-001
  4.7745684e+001  2.3386861e-001
  4.7870316e+001  2.3411139e-001
  4.7994947e+001  2.3435320e-001
  4.8119579e+001  2.3459405e-001
  4.8244211e+001  2.3483397e-001
  4.8368842e+001  2.3507309e-001
  4.8493474e+001  2.3531153e-001
  4.8618105e+001  2.3554941e-001
  4.8742737e+001  2.3578683e-001
  4.8867368e+001  2.3602393e-001
  4.8992000e+001  2.3626082e-001
  4.9116632e+001  2.3649755e-001
  4.9241263e+001  2.3673407e-001
  4.9365895e+001  2.3697030e-001
  4.9490526e+001  2.3720608e-001
  4.9615158e+001  2.3744132e-001
  4.9739789e+001  2.3767590e-001
  4.9864421e+001  2.3790969e-001
  4.9989053e+001  2.3814256e-001
  5.0113684e+001  2.3837450e-001
  5.0238316e+001  2.3860554e-001
  5.0362947e+001  2.3883580e-001
  5.0487579e+001  2.3906544e-001
  5.0612211e+001  2.3929459e-001
  5.0736842e+001  2.3952340e-001
  5.0861474e+001  2.3975200e-001
  5.0986105e+001  2.3998055e-001
  5.1110737e+001  2.4020908e-001
  5.1235368e+001  2.4043753e-001
  5.1360000e+001  2.4066575e-001
  5.1484632e+001  2.4089353e-001
  5.1609263e+001  2.4112069e-001
  5.1733895e+001  2.4134709e-001
  5.1858526e+001  2.4157250e-001
  5.1983158e+001  2.4179675e-001
  5.2107789e+001  2.4201980e-001
  5.2232421e+001  2.4224167e-001
  5.2357053e+001  2.4246257e-001
  5.2481684e+001  2.4268273e-001
  5.2606316e+001  2.4290237e-001
  5.2730947e+001  2.4312167e-001
  5.2855579e+001  2.4334087e-001
  5.2980211e+001  2.4356019e-001
  5.3104842e+001  2.4377972e-001
  5.3229474e+001  2.4399944e-001
  5.3354105e+001  2.4421921e-001
  5.3478737e+001  2.4443883e-001
  5.3603368e+001  2.4465813e-001
  5.3728000e+001  2.4487695e-001
  5.3852632e+001  2.4509511e-001
  5.3977263e+001  2.4531242e-001
  5.4101895e+001  2.4552883e-001
  5.4226526e+001  2.4574433e-001
  5.4351158e+001  2.4595907e-001
  5.4475789e+001  2.4617322e-001
  5.4600421e+001  2.4638694e-001
  5.4725053e+001  2.4660037e-001
  5.4849684e+001  2.4681368e-001
  5.4974316e+001  2.4702704e-001
  5.5098947e+001  2.4724051e-001
  5.5223579e+001  2.4745408e-001
  5.5348211e+001  2.4766762e-001
  5.5472842e+001  2.4788097e-001
  5.5597474e+001  2.4809399e-001
  5.5722105e+001  2.4830653e-001
  5.5846737e+001  2.4851845e-001
  5.5971368e+001  2.4872959e-001
  5.6096000e+001  2.4893988e-001
  5.6220632e+001  2.4914930e-001
  5.6345263e+001  2.4935791e-001
  5.6469895e+001  2.4956581e-001
  5.6594526e+001  2.4977309e-001
  5.6719158e+001  2.4997980e-001
  5.6843789e+001  2.5018605e-001
  5.6968421e+001  2.5039190e-001
  5.7093053e+001  2.5059743e-001
  5.7217684e+001  2.5080266e-001
  5.7342316e+001  2.5100760e-001
  5.7466947e+001  2.5121224e-001
  5.7591579e+001  2.5141657e-001
  5.7716211e+001  2.5162060e-001
  5.7840842e+001  2.5182432e-001
  5.7965474e+001  2.5202771e-001
  5.8090105e+001  2.5223079e-001
  5.8214737e+001  2.5243357e-001
  5.8339368e+001  2.5263608e-001
  5.8464000e+001  2.5283834e-001
  5.8588632e+001  2.5304038e-001
  5.8713263e+001  2.5324222e-001
  5.8837895e+001  2.5344390e-001
  5.8962526e+001  2.5364543e-001
  5.9087158e+001  2.5384684e-001
  5.9211789e+001  2.5404811e-001
  5.9336421e+001  2.5424920e-001
  5.9461053e+001  2.5445007e-001
  5.9585684e+001  2.5465066e-001
  5.9710316e+001  2.5485093e-001
  5.9834947e+001  2.5505086e-001
  5.9959579e+001  2.5525038e-001
  6.0084211e+001  2.5544946e-001
  6.0208842e+001  2.5564804e-001
  6.0333474e+001  2.5584606e-001
  6.0458105e+001  2.5604345e-001
  6.0582737e+001  2.5624016e-001
  6.0707368e+001  2.5643614e-001
  6.0832000e+001  2.5663130e-001
  6.0956632e+001  2.5682558e-001
  6.1081263e+001  2.5701899e-001
  6.1205895e+001  2.5721158e-001
  6.1330526e+001  2.5740354e-001
  6.1455158e+001  2.5759510e-001
  6.1579789e+001  2.5778647e-001
  6.1704421e+001  2.5797785e-001
  6.1829053e+001  2.5816945e-001
  6.1953684e+001  2.5836152e-001
  6.2078316e+001  2.5855414e-001
  6.2202947e+001  2.5874733e-001
  6.2327579e+001  2.5894093e-001
  6.2452211e+001  2.5913469e-001
  6.2576842e+001  2.5932839e-001
  6.2701474e+001  2.5952186e-001
  6.2826105e+001  2.5971486e-001
  6.2950737e+001  2.5990718e-001
  6.3075368e+001  2.6009868e-001
  6.3200000e+001  2.6028927e-001
  6.3324632e+001  2.6047899e-001
  6.3449263e+001  2.6066792e-001
  6.3573895e+001  2.6085613e-001
  6.3698526e+001  2.6104368e-001
  6.3823158e+001  2.6123064e-001
  6.3947789e+001  2.6141705e-001
  6.4072421e+001  2.6160300e-001
  6.4197053e+001  2.6178857e-001
  6.4321684e+001  2.6197390e-001
  6.4446316e+001  2.6215912e-001
  6.4570947e+001  2.6234436e-001
  6.4695579e+001  2.6252975e-001
  6.4820211e+001  2.6271541e-001
  6.4944842e+001  2.6290151e-001
  6.5069474e+001  2.6308809e-001
  6.5194105e+001  2.6327514e-001
  6.5318737e+001  2.6346249e-001
  6.5443368e+001  2.6364989e-001
  6.5568000e+001  2.6383713e-001
  6.5692632e+001  2.6402401e-001
  6.5817263e+001  2.6421031e-001
  6.5941895e+001  2.6439580e-001
  6.6066526e+001  2.6458037e-001
  6.6191158e+001  2.6476396e-001
  6.6315789e+001  2.6494673e-001
  6.6440421e+001  2.6512892e-001
  6.6565053e+001  2.6531073e-001
  6.6689684e+001  2.6549234e-001
  6.6814316e+001  2.6567396e-001
  6.6938947e+001  2.6585581e-001
  6.7063579e+001  2.6603803e-001
  6.7188211e+001  2.6622067e-001
  6.7312842e+001  2.6640365e-001
  6.7437474e+001  2.6658684e-001
  6.7562105e+001  2.6677011e-001
  6.7686737e+001  2.6695335e-001
  6.7811368e+001  2.6713644e-001
  6.7936000e+001  2.6731926e-001
  6.8060632e+001  2.6750170e-001
  6.8185263e+001  2.6768367e-001
  6.8309895e+001  2.6786511e-001
  6.8434526e+001  2.6804597e-001
  6.8559158e+001  2.6822622e-001
  6.8683789e+001  2.6840579e-001
  6.8808421e+001  2.6858463e-001
  6.8933053e+001  2.6876268e-001
  6.9057684e+001  2.6893992e-001
  6.9182316e+001  2.6911641e-001
  6.9306947e+001  2.6929230e-001
  6.9431579e+001  2.6946783e-001
  6.9556211e+001  2.6964317e-001
  6.9680842e+001  2.6981853e-001
  6.9805474e+001  2.6999409e-001
  6.9930105e+001  2.7017008e-001
  7.0054737e+001  2.7034663e-001
  7.0179368e+001  2.7052380e-001
  7.0304000e+001  2.7070145e-001
  7.0428632e+001  2.7087939e-001
  7.0553263e+001  2.7105744e-001
  7.0677895e+001  2.7123544e-001
  7.0802526e+001  2.7141320e-001
  7.0927158e+001  2.7159056e-001
  7.1051789e+001  2.7176739e-001
  7.1176421e+001  2.7194360e-001
  7.1301053e+001  2.7211925e-001
  7.1425684e+001  2.7229447e-001
  7.1550316e+001  2.7246935e-001
  7.1674947e+001  2.7264399e-001
  7.1799579e+001  2.7281848e-001
  7.1924211e+001  2.7299292e-001
  7.2048842e+001  2.7316738e-001
  7.2173474e+001  2.7334192e-001
  7.2298105e+001  2.7351651e-001
  7.2422737e+001  2.7369108e-001
  7.2547368e+001  2.7386558e-001
  7.2672000e+001  2.7403996e-001
  7.2796632e+001  2.7421418e-001
  7.2921263e+001  2.7438819e-001
  7.3045895e+001  2.7456195e-001
  7.3170526e+001  2.7473541e-001
  7.3295158e+001  2.7490856e-001
  7.3419789e+001  2.7508137e-001
  7.3544421e+001  2.7525384e-001
  7.3669053e+001  2.7542593e-001
  7.3793684e+001  2.7559765e-001
  7.3918316e+001  2.7576895e-001
  7.4042947e+001  2.7593983e-001
  7.4167579e+001  2.7611032e-001
  7.4292211e+001  2.7628047e-001
  7.4416842e+001  2.7645036e-001
  7.4541474e+001  2.7662006e-001
  7.4666105e+001  2.7678965e-001
  7.4790737e+001  2.7695920e-001
  7.4915368e+001  2.7712879e-001
  7.5040000e+001  2.7729848e-001
  7.5164632e+001  2.7746830e-001
  7.5289263e+001  2.7763822e-001
  7.5413895e+001  2.7780816e-001
  7.5538526e+001  2.7797807e-001
  7.5663158e+001  2.7814790e-001
  7.5787789e+001  2.7831758e-001
  7.5912421e+001  2.7848705e-001
  7.6037053e+001  2.7865628e-001
  7.6161684e+001  2.7882523e-001
  7.6286316e+001  2.7899392e-001
  7.6410947e+001  2.7916240e-001
  7.6535579e+001  2.7933071e-001
  7.6660211e+001  2.7949888e-001
  7.6784842e+001  2.7966696e-001
  7.6909474e+001  2.7983499e-001
  7.7034105e+001  2.8000298e-001
  7.7158737e+001  2.8017094e-001
  7.7283368e+001  2.8033884e-001
  7.7408000e+001  2.8050662e-001
  7.7532632e+001  2.8067421e-001
  7.7657263e+001  2.8084155e-001
  7.7781895e+001  2.8100858e-001
  7.7906526e+001  2.8117525e-001
  7.8031158e+001  2.8134151e-001
  7.8155789e+001  2.8150737e-001
  7.8280421e+001  2.8167291e-001
  7.8405053e+001  2.8183826e-001
  7.8529684e+001  2.8200356e-001
  7.8654316e+001  2.8216892e-001
  7.8778947e+001  2.8233449e-001
  7.8903579e+001  2.8250038e-001
  7.9028211e+001  2.8266670e-001
  7.9152842e+001  2.8283350e-001
  7.9277474e+001  2.8300070e-001
  7.9402105e+001  2.8316816e-001
  7.9526737e+001  2.8333574e-001
  7.9651368e+001  2.8350332e-001
  7.9776000e+001  2.8367077e-001
  7.9900632e+001  2.8383796e-001
  8.0025263e+001  2.8400477e-001
  8.0149895e+001  2.8417112e-001
  8.0274526e+001  2.8433697e-001
  8.0399158e+001  2.8450235e-001
  8.0523789e+001  2.8466726e-001
  8.0648421e+001  2.8483169e-001
  8.0773053e+001  2.8499564e-001
  8.0897684e+001  2.8515913e-001
  8.1022316e+001  2.8532215e-001
  8.1146947e+001  2.8548475e-001
  8.1271579e+001  2.8564701e-001
  8.1396211e+001  2.8580907e-001
  8.1520842e+001  2.8597103e-001
  8.1645474e+001  2.8613303e-001
  8.1770105e+001  2.8629516e-001
  8.1894737e+001  2.8645757e-001
  8.2019368e+001  2.8662033e-001
  8.2144000e+001  2.8678353e-001
  8.2268632e+001  2.8694710e-001
  8.2393263e+001  2.8711093e-001
  8.2517895e+001  2.8727493e-001
  8.2642526e+001  2.8743898e-001
  8.2767158e+001  2.8760300e-001
  8.2891789e+001  2.8776688e-001
  8.3016421e+001  2.8793054e-001
  8.3141053e+001  2.8809391e-001
  8.3265684e+001  2.8825703e-001
  8.3390316e+001  2.8841999e-001
  8.3514947e+001  2.8858284e-001
  8.3639579e+001  2.8874567e-001
  8.3764211e+001  2.8890853e-001
  8.3888842e+001  2.8907150e-001
  8.4013474e+001  2.8923465e-001
  8.4138105e+001  2.8939801e-001
  8.4262737e+001  2.8956154e-001
  8.4387368e+001  2.8972515e-001
  8.4512000e+001  2.8988877e-001
  8.4636632e+001  2.9005231e-001
  8.4761263e+001  2.9021570e-001
  8.4885895e+001  2.9037887e-001
  8.5010526e+001  2.9054174e-001
  8.5135158e+001  2.9070427e-001
  8.5259789e+001  2.9086647e-001
  8.5384421e+001  2.9102841e-001
  8.5509053e+001  2.9119013e-001
  8.5633684e+001  2.9135168e-001
  8.5758316e+001  2.9151312e-001
  8.5882947e+001  2.9167448e-001
  8.6007579e+001  2.9183581e-001
  8.6132211e+001  2.9199715e-001
  8.6256842e+001  2.9215843e-001
  8.6381474e+001  2.9231959e-001
  8.6506105e+001  2.9248054e-001
  8.6630737e+001  2.9264123e-001
  8.6755368e+001  2.9280157e-001
  8.6880000e+001  2.9296148e-001
  8.7004632e+001  2.9312091e-001
  8.7129263e+001  2.9327982e-001
  8.7253895e+001  2.9343830e-001
  8.7378526e+001  2.9359647e-001
  8.7503158e+001  2.9375446e-001
  8.7627789e+001  2.9391239e-001
  8.7752421e+001  2.9407040e-001
  8.7877053e+001  2.9422862e-001
  8.8001684e+001  2.9438715e-001
  8.8126316e+001  2.9454609e-001
  8.8250947e+001  2.9470541e-001
  8.8375579e+001  2.9486504e-001
  8.8500211e+001  2.9502491e-001
  8.8624842e+001  2.9518495e-001
  8.8749474e+001  2.9534508e-001
  8.8874105e+001  2.9550525e-001
  8.8998737e+001  2.9566537e-001
  8.9123368e+001  2.9582542e-001
  8.9248000e+001  2.9598539e-001
  8.9372632e+001  2.9614535e-001
  8.9497263e+001  2.9630535e-001
  8.9621895e+001  2.9646542e-001
  8.9746526e+001  2.9662561e-001
  8.9871158e+001  2.9678599e-001
  8.9995789e+001  2.9694657e-001
  9.0120421e+001  2.9710739e-001
  9.0245053e+001  2.9726836e-001
  9.0369684e+001  2.9742930e-001
  9.0494316e+001  2.9759009e-001
  9.0618947e+001  2.9775059e-001
  9.0743579e+001  2.9791066e-001
  9.0868211e+001  2.9807014e-001
  9.0992842e+001  2.9822890e-001
  9.1117474e+001  2.9838686e-001
  9.1242105e+001  2.9854414e-001
  9.1366737e+001  2.9870094e-001
  9.1491368e+001  2.9885749e-001
  9.1616000e+001  2.9901398e-001
  9.1740632e+001  2.9917062e-001
  9.1865263e+001  2.9932763e-001
  9.1989895e+001  2.9948520e-001
  9.2114526e+001  2.9964347e-001
  9.2239158e+001  2.9980233e-001
  9.2363789e+001  2.9996154e-001
  9.2488421e+001  3.0012086e-001
  9.2613053e+001  3.0028005e-001
  9.2737684e+001  3.0043889e-001
  9.2862316e+001  3.0059713e-001
  9.2986947e+001  3.0075456e-001
  9.3111579e+001  3.0091102e-001
  9.3236211e+001  3.0106667e-001
  9.3360842e+001  3.0122185e-001
  9.3485474e+001  3.0137687e-001
  9.3610105e+001  3.0153204e-001
  9.3734737e+001  3.0168769e-001
  9.3859368e+001  3.0184414e-001
  9.3984000e+001  3.0200169e-001
  9.4108632e+001  3.0216056e-001
  9.4233263e+001  3.0232058e-001
  9.4357895e+001  3.0248135e-001
  9.4482526e+001  3.0264248e-001
  9.4607158e+001  3.0280359e-001
  9.4731789e+001  3.0296430e-001
  9.4856421e+001  3.0312422e-001
  9.4981053e+001  3.0328298e-001
  9.5105684e+001  3.0344029e-001
  9.5230316e+001  3.0359628e-001
  9.5354947e+001  3.0375134e-001
  9.5479579e+001  3.0390584e-001
  9.5604211e+001  3.0406014e-001
  9.5728842e+001  3.0421460e-001
  9.5853474e+001  3.0436961e-001
  9.5978105e+001  3.0452550e-001
  9.6102737e+001  3.0468258e-001
  9.6227368e+001  3.0484074e-001
  9.6352000e+001  3.0499963e-001
  9.6476632e+001  3.0515893e-001
  9.6601263e+001  3.0531831e-001
  9.6725895e+001  3.0547745e-001
  9.6850526e+001  3.0563602e-001
  9.6975158e+001  3.0579370e-001
  9.7099789e+001  3.0595023e-001
  9.7224421e+001  3.0610572e-001
  9.7349053e+001  3.0626047e-001
  9.7473684e+001  3.0641481e-001
  9.7598316e+001  3.0656904e-001
  9.7722947e+001  3.0672346e-001
  9.7847579e+001  3.0687840e-001
  9.7972211e+001  3.0703414e-001
  9.8096842e+001  3.0719094e-001
  9.8221474e+001  3.0734874e-001
  9.8346105e+001  3.0750725e-001
  9.8470737e+001  3.0766621e-001
  9.8595368e+001  3.0782534e-001
  9.8720000e+001  3.0798439e-001
  9.8844632e+001  3.0814307e-001
  9.8969263e+001  3.0830114e-001
  9.9093895e+001  3.0845835e-001
  9.9218526e+001  3.0861472e-001
  9.9343158e+001  3.0877038e-001
  9.9467789e+001  3.0892549e-001
  9.9592421e+001  3.0908018e-001
  9.9717053e+001  3.0923461e-001
  9.9841684e+001  3.0938892e-001
  9.9966316e+001  3.0954326e-001
  1.0009095e+002  3.0969776e-001
  1.0021558e+002  3.0985249e-001
  1.0034021e+002  3.1000743e-001
  1.0046484e+002  3.1016262e-001
  1.0058947e+002  3.1031806e-001
  1.0071411e+002  3.1047377e-001
  1.0083874e+002  3.1062975e-001
  1.0096337e+002  3.1078602e-001
  1.0108800e+002  3.1094258e-001
  1.0121263e+002  3.1109940e-001
  1.0133726e+002  3.1125643e-001
  1.0146189e+002  3.1141363e-001
  1.0158653e+002  3.1157094e-001
  1.0171116e+002  3.1172831e-001
  1.0183579e+002  3.1188570e-001
  1.0196042e+002  3.1204306e-001
  1.0208505e+002  3.1220032e-001
  1.0220968e+002  3.1235747e-001
  1.0233432e+002  3.1251453e-001
  1.0245895e+002  3.1267150e-001
  1.0258358e+002  3.1282838e-001
  1.0270821e+002  3.1298518e-001
  1.0283284e+002  3.1314190e-001
  1.0295747e+002  3.1329856e-001
  1.0308211e+002  3.1345514e-001
  1.0320674e+002  3.1361165e-001
  1.0333137e+002  3.1376805e-001
  1.0345600e+002  3.1392432e-001
  1.0358063e+002  3.1408040e-001
  1.0370526e+002  3.1423629e-001
  1.0382989e+002  3.1439195e-001
  1.0395453e+002  3.1454736e-001
  1.0407916e+002  3.1470250e-001
  1.0420379e+002  3.1485744e-001
  1.0432842e+002  3.1501237e-001
  1.0445305e+002  3.1516745e-001
  1.0457768e+002  3.1532285e-001
  1.0470232e+002  3.1547873e-001
  1.0482695e+002  3.1563526e-001
  1.0495158e+002  3.1579261e-001
  1.0507621e+002  3.1595093e-001
  1.0520084e+002  3.1611011e-001
  1.0532547e+002  3.1626982e-001
  1.0545011e+002  3.1642975e-001
  1.0557474e+002  3.1658960e-001
  1.0569937e+002  3.1674904e-001
  1.0582400e+002  3.1690774e-001
  1.0594863e+002  3.1706539e-001
  1.0607326e+002  3.1722170e-001
  1.0619789e+002  3.1737675e-001
  1.0632253e+002  3.1753084e-001
  1.0644716e+002  3.1768433e-001
  1.0657179e+002  3.1783757e-001
  1.0669642e+002  3.1799091e-001
  1.0682105e+002  3.1814470e-001
  1.0694568e+002  3.1829929e-001
  1.0707032e+002  3.1845501e-001
  1.0719495e+002  3.1861180e-001
  1.0731958e+002  3.1876933e-001
  1.0744421e+002  3.1892726e-001
  1.0756884e+002  3.1908523e-001
  1.0769347e+002  3.1924287e-001
  1.0781811e+002  3.1939985e-001
  1.0794274e+002  3.1955580e-001
  1.0806737e+002  3.1971037e-001
  1.0819200e+002  3.1986368e-001
  1.0831663e+002  3.2001615e-001
  1.0844126e+002  3.2016821e-001
  1.0856589e+002  3.2032032e-001
  1.0869053e+002  3.2047294e-001
  1.0881516e+002  3.2062651e-001
  1.0893979e+002  3.2078149e-001
  1.0906442e+002  3.2093832e-001
  1.0918905e+002  3.2109692e-001
  1.0931368e+002  3.2125686e-001
  1.0943832e+002  3.2141767e-001
  1.0956295e+002  3.2157885e-001
  1.0968758e+002  3.2173991e-001
  1.0981221e+002  3.2190039e-001
  1.0993684e+002  3.2205979e-001
  1.1006147e+002  3.2221763e-001
  1.1018611e+002  3.2237387e-001
  1.1031074e+002  3.2252878e-001
  1.1043537e+002  3.2268268e-001
  1.1056000e+002  3.2283589e-001
  1.1068463e+002  3.2298873e-001
  1.1080926e+002  3.2314152e-001
  1.1093389e+002  3.2329458e-001
  1.1105853e+002  3.2344825e-001
  1.1118316e+002  3.2360262e-001
  1.1130779e+002  3.2375767e-001
  1.1143242e+002  3.2391332e-001
  1.1155705e+002  3.2406951e-001
  1.1168168e+002  3.2422617e-001
  1.1180632e+002  3.2438324e-001
  1.1193095e+002  3.2454065e-001
  1.1205558e+002  3.2469835e-001
  1.1218021e+002  3.2485623e-001
  1.1230484e+002  3.2501414e-001
  1.1242947e+002  3.2517194e-001
  1.1255411e+002  3.2532950e-001
  1.1267874e+002  3.2548667e-001
  1.1280337e+002  3.2564331e-001
  1.1292800e+002  3.2579927e-001
  1.1305263e+002  3.2595440e-001
  1.1317726e+002  3.2610879e-001
  1.1330189e+002  3.2626268e-001
  1.1342653e+002  3.2641636e-001
  1.1355116e+002  3.2657012e-001
  1.1367579e+002  3.2672425e-001
  1.1380042e+002  3.2687903e-001
  1.1392505e+002  3.2703476e-001
  1.1404968e+002  3.2719174e-001
  1.1417432e+002  3.2735000e-001
  1.1429895e+002  3.2750933e-001
  1.1442358e+002  3.2766952e-001
  1.1454821e+002  3.2783035e-001
  1.1467284e+002  3.2799157e-001
  1.1479747e+002  3.2815296e-001
  1.1492211e+002  3.2831430e-001
  1.1504674e+002  3.2847534e-001
  1.1517137e+002  3.2863596e-001
  1.1529600e+002  3.2879606e-001
  1.1542063e+002  3.2895558e-001
  1.1554526e+002  3.2911448e-001
  1.1566989e+002  3.2927271e-001
  1.1579453e+002  3.2943019e-001
  1.1591916e+002  3.2958685e-001
  1.1604379e+002  3.2974264e-001
  1.1616842e+002  3.2989764e-001
  1.1629305e+002  3.3005209e-001
  1.1641768e+002  3.3020623e-001
  1.1654232e+002  3.3036032e-001
  1.1666695e+002  3.3051464e-001
  1.1679158e+002  3.3066941e-001
  1.1691621e+002  3.3082492e-001
  1.1704084e+002  3.3098142e-001
  1.1716547e+002  3.3113891e-001
  1.1729011e+002  3.3129715e-001
  1.1741474e+002  3.3145585e-001
  1.1753937e+002  3.3161469e-001
  1.1766400e+002  3.3177336e-001
  1.1778863e+002  3.3193159e-001
  1.1791326e+002  3.3208905e-001
  1.1803789e+002  3.3224540e-001
  1.1816253e+002  3.3240066e-001
  1.1828716e+002  3.3255511e-001
  1.1841179e+002  3.3270906e-001
  1.1853642e+002  3.3286290e-001
  1.1866105e+002  3.3301698e-001
  1.1878568e+002  3.3317163e-001
  1.1891032e+002  3.3332723e-001
  1.1903495e+002  3.3348417e-001
  1.1915958e+002  3.3364246e-001
  1.1928421e+002  3.3380188e-001
  1.1940884e+002  3.3396211e-001
  1.1953347e+002  3.3412283e-001
  1.1965811e+002  3.3428369e-001
  1.1978274e+002  3.3444436e-001
  1.1990737e+002  3.3460451e-001
  1.2003200e+002  3.3476378e-001
  1.2015663e+002  3.3492214e-001
  1.2028126e+002  3.3507975e-001
  1.2040589e+002  3.3523688e-001
  1.2053053e+002  3.3539381e-001
  1.2065516e+002  3.3555084e-001
  1.2077979e+002  3.3570820e-001
  1.2090442e+002  3.3586621e-001
  1.2102905e+002  3.3602517e-001
  1.2115368e+002  3.3618504e-001
  1.2127832e+002  3.3634553e-001
  1.2140295e+002  3.3650627e-001
  1.2152758e+002  3.3666684e-001
  1.2165221e+002  3.3682685e-001
  1.2177684e+002  3.3698591e-001
  1.2190147e+002  3.3714359e-001
  1.2202611e+002  3.3729945e-001
  1.2215074e+002  3.3745353e-001
  1.2227537e+002  3.3760623e-001
  1.2240000e+002  3.3775809e-001
  1.2252463e+002  3.3790972e-001
  1.2264926e+002  3.3806168e-001
  1.2277389e+002  3.3821451e-001
  1.2289853e+002  3.3836883e-001
  1.2302316e+002  3.3852528e-001
  1.2314779e+002  3.3868392e-001
  1.2327242e+002  3.3884435e-001
  1.2339705e+002  3.3900603e-001
  1.2352168e+002  3.3916832e-001
  1.2364632e+002  3.3933061e-001
  1.2377095e+002  3.3949235e-001
  1.2389558e+002  3.3965288e-001
  1.2402021e+002  3.3981154e-001
  1.2414484e+002  3.3996827e-001
  1.2426947e+002  3.4012350e-001
  1.2439411e+002  3.4027781e-001
  1.2451874e+002  3.4043191e-001
  1.2464337e+002  3.4058647e-001
  1.2476800e+002  3.4074208e-001
  1.2489263e+002  3.4089947e-001
  1.2501726e+002  3.4105936e-001
  1.2514189e+002  3.4122187e-001
  1.2526653e+002  3.4138658e-001
  1.2539116e+002  3.4155293e-001
  1.2551579e+002  3.4172022e-001
  1.2564042e+002  3.4188779e-001
  1.2576505e+002  3.4205503e-001
  1.2588968e+002  3.4222125e-001
  1.2601432e+002  3.4238575e-001
  1.2613895e+002  3.4254828e-001
  1.2626358e+002  3.4270897e-001
  1.2638821e+002  3.4286810e-001
  1.2651284e+002  3.4302602e-001
  1.2663747e+002  3.4318308e-001
  1.2676211e+002  3.4333958e-001
  1.2688674e+002  3.4349587e-001
  1.2701137e+002  3.4365229e-001
  1.2713600e+002  3.4380906e-001
  1.2726063e+002  3.4396623e-001
  1.2738526e+002  3.4412385e-001
  1.2750989e+002  3.4428192e-001
  1.2763453e+002  3.4444044e-001
  1.2775916e+002  3.4459942e-001
  1.2788379e+002  3.4475888e-001
  1.2800842e+002  3.4491884e-001
  1.2813305e+002  3.4507925e-001
  1.2825768e+002  3.4524001e-001
  1.2838232e+002  3.4540098e-001
  1.2850695e+002  3.4556202e-001
  1.2863158e+002  3.4572298e-001
  1.2875621e+002  3.4588373e-001
  1.2888084e+002  3.4604413e-001
  1.2900547e+002  3.4620399e-001
  1.2913011e+002  3.4636331e-001
  1.2925474e+002  3.4652220e-001
  1.2937937e+002  3.4668084e-001
  1.2950400e+002  3.4683943e-001
  1.2962863e+002  3.4699818e-001
  1.2975326e+002  3.4715726e-001
  1.2987789e+002  3.4731688e-001
  1.3000253e+002  3.4747728e-001
  1.3012716e+002  3.4763848e-001
  1.3025179e+002  3.4780031e-001
  1.3037642e+002  3.4796254e-001
  1.3050105e+002  3.4812485e-001
  1.3062568e+002  3.4828697e-001
  1.3075032e+002  3.4844864e-001
  1.3087495e+002  3.4860957e-001
  1.3099958e+002  3.4876943e-001
  1.3112421e+002  3.4892817e-001
  1.3124884e+002  3.4908596e-001
  1.3137347e+002  3.4924311e-001
  1.3149811e+002  3.4939999e-001
  1.3162274e+002  3.4955695e-001
  1.3174737e+002  3.4971432e-001
  1.3187200e+002  3.4987245e-001
  1.3199663e+002  3.5003172e-001
  1.3212126e+002  3.5019225e-001
  1.3224589e+002  3.5035390e-001
  1.3237053e+002  3.5051640e-001
  1.3249516e+002  3.5067939e-001
  1.3261979e+002  3.5084255e-001
  1.3274442e+002  3.5100556e-001
  1.3286905e+002  3.5116810e-001
  1.3299368e+002  3.5132979e-001
  1.3311832e+002  3.5149053e-001
  1.3324295e+002  3.5165048e-001
  1.3336758e+002  3.5180992e-001
  1.3349221e+002  3.5196922e-001
  1.3361684e+002  3.5212873e-001
  1.3374147e+002  3.5228877e-001
  1.3386611e+002  3.5244970e-001
  1.3399074e+002  3.5261193e-001
  1.3411537e+002  3.5277553e-001
  1.3424000e+002  3.5294034e-001
  1.3436463e+002  3.5310602e-001
  1.3448926e+002  3.5327213e-001
  1.3461389e+002  3.5343828e-001
  1.3473853e+002  3.5360408e-001
  1.3486316e+002  3.5376913e-001
  1.3498779e+002  3.5393298e-001
  1.3511242e+002  3.5409545e-001
  1.3523705e+002  3.5425661e-001
  1.3536168e+002  3.5441667e-001
  1.3548632e+002  3.5457594e-001
  1.3561095e+002  3.5473470e-001
  1.3573558e+002  3.5489323e-001
  1.3586021e+002  3.5505179e-001
  1.3598484e+002  3.5521068e-001
  1.3610947e+002  3.5537006e-001
  1.3623411e+002  3.5553001e-001
  1.3635874e+002  3.5569056e-001
  1.3648337e+002  3.5585166e-001
  1.3660800e+002  3.5601330e-001
  1.3673263e+002  3.5617546e-001
  1.3685726e+002  3.5633812e-001
  1.3698189e+002  3.5650127e-001
  1.3710653e+002  3.5666487e-001
  1.3723116e+002  3.5682882e-001
  1.3735579e+002  3.5699302e-001
  1.3748042e+002  3.5715734e-001
  1.3760505e+002  3.5732166e-001
  1.3772968e+002  3.5748587e-001
  1.3785432e+002  3.5764982e-001
  1.3797895e+002  3.5781340e-001
  1.3810358e+002  3.5797654e-001
  1.3822821e+002  3.5813925e-001
  1.3835284e+002  3.5830162e-001
  1.3847747e+002  3.5846375e-001
  1.3860211e+002  3.5862575e-001
  1.3872674e+002  3.5878769e-001
  1.3885137e+002  3.5894966e-001
  1.3897600e+002  3.5911178e-001
  1.3910063e+002  3.5927409e-001
  1.3922526e+002  3.5943657e-001
  1.3934989e+002  3.5959917e-001
  1.3947453e+002  3.5976180e-001
  1.3959916e+002  3.5992437e-001
  1.3972379e+002  3.6008683e-001
  1.3984842e+002  3.6024908e-001
  1.3997305e+002  3.6041101e-001
  1.4009768e+002  3.6057264e-001
  1.4022232e+002  3.6073417e-001
  1.4034695e+002  3.6089587e-001
  1.4047158e+002  3.6105809e-001
  1.4059621e+002  3.6122114e-001
  1.4072084e+002  3.6138533e-001
  1.4084547e+002  3.6155101e-001
  1.4097011e+002  3.6171858e-001
  1.4109474e+002  3.6188809e-001
  1.4121937e+002  3.6205927e-001
  1.4134400e+002  3.6223158e-001
  1.4146863e+002  3.6240429e-001
  1.4159326e+002  3.6257674e-001
  1.4171789e+002  3.6274834e-001
  1.4184253e+002  3.6291839e-001
  1.4196716e+002  3.6308614e-001
  1.4209179e+002  3.6325127e-001
  1.4221642e+002  3.6341383e-001
  1.4234105e+002  3.6357419e-001
  1.4246568e+002  3.6373296e-001
  1.4259032e+002  3.6389070e-001
  1.4271495e+002  3.6404786e-001
  1.4283958e+002  3.6420498e-001
  1.4296421e+002  3.6436262e-001
  1.4308884e+002  3.6452117e-001
  1.4321347e+002  3.6468081e-001
  1.4333811e+002  3.6484160e-001
  1.4346274e+002  3.6500347e-001
  1.4358737e+002  3.6516638e-001
  1.4371200e+002  3.6533032e-001
  1.4383663e+002  3.6549528e-001
  1.4396126e+002  3.6566125e-001
  1.4408589e+002  3.6582813e-001
  1.4421053e+002  3.6599578e-001
  1.4433516e+002  3.6616396e-001
  1.4445979e+002  3.6633239e-001
  1.4458442e+002  3.6650081e-001
  1.4470905e+002  3.6666897e-001
  1.4483368e+002  3.6683660e-001
  1.4495832e+002  3.6700338e-001
  1.4508295e+002  3.6716920e-001
  1.4520758e+002  3.6733418e-001
  1.4533221e+002  3.6749858e-001
  1.4545684e+002  3.6766282e-001
  1.4558147e+002  3.6782728e-001
  1.4570611e+002  3.6799232e-001
  1.4583074e+002  3.6815832e-001
  1.4595537e+002  3.6832573e-001
  1.4608000e+002  3.6849472e-001
  1.4620463e+002  3.6866511e-001
  1.4632926e+002  3.6883653e-001
  1.4645389e+002  3.6900834e-001
  1.4657853e+002  3.6917997e-001
  1.4670316e+002  3.6935093e-001
  1.4682779e+002  3.6952063e-001
  1.4695242e+002  3.6968843e-001
  1.4707705e+002  3.6985405e-001
  1.4720168e+002  3.7001753e-001
  1.4732632e+002  3.7017923e-001
  1.4745095e+002  3.7033978e-001
  1.4757558e+002  3.7049974e-001
  1.4770021e+002  3.7065959e-001
  1.4782484e+002  3.7081989e-001
  1.4794947e+002  3.7098126e-001
  1.4807411e+002  3.7114403e-001
  1.4819874e+002  3.7130825e-001
  1.4832337e+002  3.7147374e-001
  1.4844800e+002  3.7164007e-001
  1.4857263e+002  3.7180687e-001
  1.4869726e+002  3.7197385e-001
  1.4882189e+002  3.7214065e-001
  1.4894653e+002  3.7230687e-001
  1.4907116e+002  3.7247230e-001
  1.4919579e+002  3.7263693e-001
  1.4932042e+002  3.7280095e-001
  1.4944505e+002  3.7296469e-001
  1.4956968e+002  3.7312846e-001
  1.4969432e+002  3.7329252e-001
  1.4981895e+002  3.7345716e-001
  1.4994358e+002  3.7362273e-001
  1.5006821e+002  3.7378940e-001
  1.5019284e+002  3.7395719e-001
  1.5031747e+002  3.7412592e-001
  1.5044211e+002  3.7429531e-001
  1.5056674e+002  3.7446510e-001
  1.5069137e+002  3.7463506e-001
  1.5081600e+002  3.7480494e-001
  1.5094063e+002  3.7497442e-001
  1.5106526e+002  3.7514336e-001
  1.5118989e+002  3.7531174e-001
  1.5131453e+002  3.7547967e-001
  1.5143916e+002  3.7564740e-001
  1.5156379e+002  3.7581513e-001
  1.5168842e+002  3.7598304e-001
  1.5181305e+002  3.7615134e-001
  1.5193768e+002  3.7632028e-001
  1.5206232e+002  3.7648998e-001
  1.5218695e+002  3.7666040e-001
  1.5231158e+002  3.7683142e-001
  1.5243621e+002  3.7700277e-001
  1.5256084e+002  3.7717422e-001
  1.5268547e+002  3.7734557e-001
  1.5281011e+002  3.7751659e-001
  1.5293474e+002  3.7768702e-001
  1.5305937e+002  3.7785670e-001
  1.5318400e+002  3.7802553e-001
  1.5330863e+002  3.7819349e-001
  1.5343326e+002  3.7836061e-001
  1.5355789e+002  3.7852695e-001
  1.5368253e+002  3.7869252e-001
  1.5380716e+002  3.7885736e-001
  1.5393179e+002  3.7902145e-001
  1.5405642e+002  3.7918490e-001
  1.5418105e+002  3.7934787e-001
  1.5430568e+002  3.7951065e-001
  1.5443032e+002  3.7967359e-001
  1.5455495e+002  3.7983704e-001
  1.5467958e+002  3.8000133e-001
  1.5480421e+002  3.8016681e-001
  1.5492884e+002  3.8033388e-001
  1.5505347e+002  3.8050274e-001
  1.5517811e+002  3.8067336e-001
  1.5530274e+002  3.8084545e-001
  1.5542737e+002  3.8101847e-001
  1.5555200e+002  3.8119192e-001
  1.5567663e+002  3.8136538e-001
  1.5580126e+002  3.8153835e-001
  1.5592589e+002  3.8171031e-001
  1.5605053e+002  3.8188093e-001
  1.5617516e+002  3.8205012e-001
  1.5629979e+002  3.8221808e-001
  1.5642442e+002  3.8238529e-001
  1.5654905e+002  3.8255215e-001
  1.5667368e+002  3.8271903e-001
  1.5679832e+002  3.8288633e-001
  1.5692295e+002  3.8305451e-001
  1.5704758e+002  3.8322384e-001
  1.5717221e+002  3.8339441e-001
  1.5729684e+002  3.8356608e-001
  1.5742147e+002  3.8373851e-001
  1.5754611e+002  3.8391137e-001
  1.5767074e+002  3.8408439e-001
  1.5779537e+002  3.8425726e-001
  1.5792000e+002  3.8442966e-001
  1.5804463e+002  3.8460136e-001
  1.5816926e+002  3.8477228e-001
  1.5829389e+002  3.8494246e-001
  1.5841853e+002  3.8511212e-001
  1.5854316e+002  3.8528146e-001
  1.5866779e+002  3.8545062e-001
  1.5879242e+002  3.8561978e-001
  1.5891705e+002  3.8578913e-001
  1.5904168e+002  3.8595882e-001
  1.5916632e+002  3.8612889e-001
  1.5929095e+002  3.8629934e-001
  1.5941558e+002  3.8647007e-001
  1.5954021e+002  3.8664099e-001
  1.5966484e+002  3.8681204e-001
  1.5978947e+002  3.8698312e-001
  1.5991411e+002  3.8715417e-001
  1.6003874e+002  3.8732510e-001
  1.6016337e+002  3.8749587e-001
  1.6028800e+002  3.8766647e-001
  1.6041263e+002  3.8783687e-001
  1.6053726e+002  3.8800705e-001
  1.6066189e+002  3.8817704e-001
  1.6078653e+002  3.8834680e-001
  1.6091116e+002  3.8851630e-001
  1.6103579e+002  3.8868557e-001
  1.6116042e+002  3.8885471e-001
  1.6128505e+002  3.8902390e-001
  1.6140968e+002  3.8919344e-001
  1.6153432e+002  3.8936359e-001
  1.6165895e+002  3.8953457e-001
  1.6178358e+002  3.8970668e-001
  1.6190821e+002  3.8988023e-001
  1.6203284e+002  3.9005538e-001
  1.6215747e+002  3.9023205e-001
  1.6228211e+002  3.9040990e-001
  1.6240674e+002  3.9058825e-001
  1.6253137e+002  3.9076650e-001
  1.6265600e+002  3.9094412e-001
  1.6278063e+002  3.9112048e-001
  1.6290526e+002  3.9129490e-001
  1.6302989e+002  3.9146695e-001
  1.6315453e+002  3.9163655e-001
  1.6327916e+002  3.9180406e-001
  1.6340379e+002  3.9197034e-001
  1.6352842e+002  3.9213617e-001
  1.6365305e+002  3.9230222e-001
  1.6377768e+002  3.9246925e-001
  1.6390232e+002  3.9263810e-001
  1.6402695e+002  3.9280934e-001
  1.6415158e+002  3.9298321e-001
  1.6427621e+002  3.9315945e-001
  1.6440084e+002  3.9333728e-001
  1.6452547e+002  3.9351597e-001
  1.6465011e+002  3.9369492e-001
  1.6477474e+002  3.9387347e-001
  1.6489937e+002  3.9405088e-001
  1.6502400e+002  3.9422661e-001
  1.6514863e+002  3.9440041e-001
  1.6527326e+002  3.9457244e-001
  1.6539789e+002  3.9474330e-001
  1.6552253e+002  3.9491357e-001
  1.6564716e+002  3.9508368e-001
  1.6577179e+002  3.9525416e-001
  1.6589642e+002  3.9542558e-001
  1.6602105e+002  3.9559836e-001
  1.6614568e+002  3.9577266e-001
  1.6627032e+002  3.9594832e-001
  1.6639495e+002  3.9612481e-001
  1.6651958e+002  3.9630161e-001
  1.6664421e+002  3.9647831e-001
  1.6676884e+002  3.9665443e-001
  1.6689347e+002  3.9682947e-001
  1.6701811e+002  3.9700306e-001
  1.6714274e+002  3.9717501e-001
  1.6726737e+002  3.9734549e-001
  1.6739200e+002  3.9751500e-001
  1.6751663e+002  3.9768404e-001
  1.6764126e+002  3.9785300e-001
  1.6776589e+002  3.9802234e-001
  1.6789053e+002  3.9819254e-001
  1.6801516e+002  3.9836396e-001
  1.6813979e+002  3.9853686e-001
  1.6826442e+002  3.9871124e-001
  1.6838905e+002  3.9888682e-001
  1.6851368e+002  3.9906337e-001
  1.6863832e+002  3.9924072e-001
  1.6876295e+002  3.9941866e-001
  1.6888758e+002  3.9959699e-001
  1.6901221e+002  3.9977549e-001
  1.6913684e+002  3.9995395e-001
  1.6926147e+002  4.0013211e-001
  1.6938611e+002  4.0030969e-001
  1.6951074e+002  4.0048644e-001
  1.6963537e+002  4.0066209e-001
  1.6976000e+002  4.0083635e-001
  1.6988463e+002  4.0100891e-001
  1.7000926e+002  4.0117956e-001
  1.7013389e+002  4.0134833e-001
  1.7025853e+002  4.0151557e-001
  1.7038316e+002  4.0168204e-001
  1.7050779e+002  4.0184846e-001
  1.7063242e+002  4.0201545e-001
  1.7075705e+002  4.0218371e-001
  1.7088168e+002  4.0235401e-001
  1.7100632e+002  4.0252691e-001
  1.7113095e+002  4.0270271e-001
  1.7125558e+002  4.0288119e-001
  1.7138021e+002  4.0306157e-001
  1.7150484e+002  4.0324312e-001
  1.7162947e+002  4.0342521e-001
  1.7175411e+002  4.0360715e-001
  1.7187874e+002  4.0378820e-001
  1.7200337e+002  4.0396777e-001
  1.7212800e+002  4.0414543e-001
  1.7225263e+002  4.0432114e-001
  1.7237726e+002  4.0449526e-001
  1.7250189e+002  4.0466812e-001
  1.7262653e+002  4.0483999e-001
  1.7275116e+002  4.0501116e-001
  1.7287579e+002  4.0518192e-001
  1.7300042e+002  4.0535258e-001
  1.7312505e+002  4.0552339e-001
  1.7324968e+002  4.0569461e-001
  1.7337432e+002  4.0586644e-001
  1.7349895e+002  4.0603911e-001
  1.7362358e+002  4.0621281e-001
  1.7374821e+002  4.0638778e-001
  1.7387284e+002  4.0656426e-001
  1.7399747e+002  4.0674241e-001
  1.7412211e+002  4.0692230e-001
  1.7424674e+002  4.0710370e-001
  1.7437137e+002  4.0728609e-001
  1.7449600e+002  4.0746896e-001
  1.7462063e+002  4.0765188e-001
  1.7474526e+002  4.0783437e-001
  1.7486989e+002  4.0801591e-001
  1.7499453e+002  4.0819608e-001
  1.7511916e+002  4.0837462e-001
  1.7524379e+002  4.0855160e-001
  1.7536842e+002  4.0872748e-001
  1.7549305e+002  4.0890270e-001
  1.7561768e+002  4.0907766e-001
  1.7574232e+002  4.0925276e-001
  1.7586695e+002  4.0942844e-001
  1.7599158e+002  4.0960505e-001
  1.7611621e+002  4.0978287e-001
  1.7624084e+002  4.0996189e-001
  1.7636547e+002  4.1014181e-001
  1.7649011e+002  4.1032234e-001
  1.7661474e+002  4.1050324e-001
  1.7673937e+002  4.1068426e-001
  1.7686400e+002  4.1086511e-001
  1.7698863e+002  4.1104555e-001
  1.7711326e+002  4.1122541e-001
  1.7723789e+002  4.1140460e-001
  1.7736253e+002  4.1158321e-001
  1.7748716e+002  4.1176131e-001
  1.7761179e+002  4.1193896e-001
  1.7773642e+002  4.1211621e-001
  1.7786105e+002  4.1229312e-001
  1.7798568e+002  4.1246974e-001
  1.7811032e+002  4.1264612e-001
  1.7823495e+002  4.1282228e-001
  1.7835958e+002  4.1299820e-001
  1.7848421e+002  4.1317387e-001
  1.7860884e+002  4.1334928e-001
  1.7873347e+002  4.1352443e-001
  1.7885811e+002  4.1369928e-001
  1.7898274e+002  4.1387383e-001
  1.7910737e+002  4.1404815e-001
  1.7923200e+002  4.1422242e-001
  1.7935663e+002  4.1439704e-001
  1.7948126e+002  4.1457235e-001
  1.7960589e+002  4.1474868e-001
  1.7973053e+002  4.1492638e-001
  1.7985516e+002  4.1510586e-001
  1.7997979e+002  4.1528740e-001
  1.8010442e+002  4.1547115e-001
  1.8022905e+002  4.1565684e-001
  1.8035368e+002  4.1584367e-001
  1.8047832e+002  4.1603086e-001
  1.8060295e+002  4.1621770e-001
  1.8072758e+002  4.1640344e-001
  1.8085221e+002  4.1658729e-001
  1.8097684e+002  4.1676858e-001
  1.8110147e+002  4.1694683e-001
  1.8122611e+002  4.1712218e-001
  1.8135074e+002  4.1729549e-001
  1.8147537e+002  4.1746764e-001
  1.8160000e+002  4.1763936e-001
  1.8172463e+002  4.1781145e-001
  1.8184926e+002  4.1798476e-001
  1.8197389e+002  4.1816004e-001
  1.8209853e+002  4.1833784e-001
  1.8222316e+002  4.1851823e-001
  1.8234779e+002  4.1870059e-001
  1.8247242e+002  4.1888432e-001
  1.8259705e+002  4.1906890e-001
  1.8272168e+002  4.1925380e-001
  1.8284632e+002  4.1943843e-001
  1.8297095e+002  4.1962227e-001
  1.8309558e+002  4.1980491e-001
  1.8322021e+002  4.1998629e-001
  1.8334484e+002  4.2016677e-001
  1.8346947e+002  4.2034670e-001
  1.8359411e+002  4.2052640e-001
  1.8371874e+002  4.2070619e-001
  1.8384337e+002  4.2088642e-001
  1.8396800e+002  4.2106740e-001
  1.8409263e+002  4.2124935e-001
  1.8421726e+002  4.2143225e-001
  1.8434189e+002  4.2161570e-001
  1.8446653e+002  4.2179932e-001
  1.8459116e+002  4.2198279e-001
  1.8471579e+002  4.2216572e-001
  1.8484042e+002  4.2234775e-001
  1.8496505e+002  4.2252854e-001
  1.8508968e+002  4.2270785e-001
  1.8521432e+002  4.2288571e-001
  1.8533895e+002  4.2306256e-001
  1.8546358e+002  4.2323882e-001
  1.8558821e+002  4.2341486e-001
  1.8571284e+002  4.2359107e-001
  1.8583747e+002  4.2376790e-001
  1.8596211e+002  4.2394571e-001
  1.8608674e+002  4.2412481e-001
  1.8621137e+002  4.2430528e-001
  1.8633600e+002  4.2448685e-001
  1.8646063e+002  4.2466927e-001
  1.8658526e+002  4.2485233e-001
  1.8670989e+002  4.2503578e-001
  1.8683453e+002  4.2521938e-001
  1.8695916e+002  4.2540290e-001
  1.8708379e+002  4.2558614e-001
  1.8720842e+002  4.2576902e-001
  1.8733305e+002  4.2595158e-001
  1.8745768e+002  4.2613386e-001
  1.8758232e+002  4.2631591e-001
  1.8770695e+002  4.2649779e-001
  1.8783158e+002  4.2667954e-001
  1.8795621e+002  4.2686119e-001
  1.8808084e+002  4.2704279e-001
  1.8820547e+002  4.2722439e-001
  1.8833011e+002  4.2740602e-001
  1.8845474e+002  4.2758771e-001
  1.8857937e+002  4.2776948e-001
  1.8870400e+002  4.2795136e-001
  1.8882863e+002  4.2813339e-001
  1.8895326e+002  4.2831562e-001
  1.8907789e+002  4.2849805e-001
  1.8920253e+002  4.2868067e-001
  1.8932716e+002  4.2886343e-001
  1.8945179e+002  4.2904626e-001
  1.8957642e+002  4.2922912e-001
  1.8970105e+002  4.2941194e-001
  1.8982568e+002  4.2959467e-001
  1.8995032e+002  4.2977727e-001
  1.9007495e+002  4.2995967e-001
  1.9019958e+002  4.3014195e-001
  1.9032421e+002  4.3032434e-001
  1.9044884e+002  4.3050704e-001
  1.9057347e+002  4.3069025e-001
  1.9069811e+002  4.3087419e-001
  1.9082274e+002  4.3105906e-001
  1.9094737e+002  4.3124507e-001
  1.9107200e+002  4.3143237e-001
  1.9119663e+002  4.3162087e-001
  1.9132126e+002  4.3181010e-001
  1.9144589e+002  4.3199960e-001
  1.9157053e+002  4.3218895e-001
  1.9169516e+002  4.3237768e-001
  1.9181979e+002  4.3256536e-001
  1.9194442e+002  4.3275154e-001
  1.9206905e+002  4.3293585e-001
  1.9219368e+002  4.3311818e-001
  1.9231832e+002  4.3329886e-001
  1.9244295e+002  4.3347822e-001
  1.9256758e+002  4.3365658e-001
  1.9269221e+002  4.3383423e-001
  1.9281684e+002  4.3401151e-001
  1.9294147e+002  4.3418872e-001
  1.9306611e+002  4.3436617e-001
  1.9319074e+002  4.3454413e-001
  1.9331537e+002  4.3472278e-001
  1.9344000e+002  4.3490231e-001
  1.9356463e+002  4.3508291e-001
  1.9368926e+002  4.3526478e-001
  1.9381389e+002  4.3544811e-001
  1.9393853e+002  4.3563311e-001
  1.9406316e+002  4.3581990e-001
  1.9418779e+002  4.3600845e-001
  1.9431242e+002  4.3619839e-001
  1.9443705e+002  4.3638936e-001
  1.9456168e+002  4.3658100e-001
  1.9468632e+002  4.3677294e-001
  1.9481095e+002  4.3696483e-001
  1.9493558e+002  4.3715629e-001
  1.9506021e+002  4.3734701e-001
  1.9518484e+002  4.3753675e-001
  1.9530947e+002  4.3772546e-001
  1.9543411e+002  4.3791307e-001
  1.9555874e+002  4.3809956e-001
  1.9568337e+002  4.3828487e-001
  1.9580800e+002  4.3846894e-001
  1.9593263e+002  4.3865173e-001
  1.9605726e+002  4.3883322e-001
  1.9618189e+002  4.3901351e-001
  1.9630653e+002  4.3919293e-001
  1.9643116e+002  4.3937183e-001
  1.9655579e+002  4.3955054e-001
  1.9668042e+002  4.3972940e-001
  1.9680505e+002  4.3990874e-001
  1.9692968e+002  4.4008888e-001
  1.9705432e+002  4.4027017e-001
  1.9717895e+002  4.4045276e-001
  1.9730358e+002  4.4063660e-001
  1.9742821e+002  4.4082162e-001
  1.9755284e+002  4.4100777e-001
  1.9767747e+002  4.4119498e-001
  1.9780211e+002  4.4138321e-001
  1.9792674e+002  4.4157239e-001
  1.9805137e+002  4.4176243e-001
  1.9817600e+002  4.4195321e-001
  1.9830063e+002  4.4214446e-001
  1.9842526e+002  4.4233591e-001
  1.9854989e+002  4.4252732e-001
  1.9867453e+002  4.4271840e-001
  1.9879916e+002  4.4290890e-001
  1.9892379e+002  4.4309855e-001
  1.9904842e+002  4.4328710e-001
  1.9917305e+002  4.4347447e-001
  1.9929768e+002  4.4366087e-001
  1.9942232e+002  4.4384650e-001
  1.9954695e+002  4.4403158e-001
  1.9967158e+002  4.4421631e-001
  1.9979621e+002  4.4440090e-001
  1.9992084e+002  4.4458557e-001
  2.0004547e+002  4.4477053e-001
  2.0017011e+002  4.4495583e-001
  2.0029474e+002  4.4514129e-001
  2.0041937e+002  4.4532674e-001
  2.0054400e+002  4.4551198e-001
  2.0066863e+002  4.4569684e-001
  2.0079326e+002  4.4588112e-001
  2.0091789e+002  4.4606462e-001
  2.0104253e+002  4.4624718e-001
  2.0116716e+002  4.4642884e-001
  2.0129179e+002  4.4661003e-001
  2.0141642e+002  4.4679118e-001
  2.0154105e+002  4.4697272e-001
  2.0166568e+002  4.4715512e-001
  2.0179032e+002  4.4733881e-001
  2.0191495e+002  4.4752423e-001
  2.0203958e+002  4.4771183e-001
  2.0216421e+002  4.4790168e-001
  2.0228884e+002  4.4809326e-001
  2.0241347e+002  4.4828601e-001
  2.0253811e+002  4.4847937e-001
  2.0266274e+002  4.4867279e-001
  2.0278737e+002  4.4886569e-001
  2.0291200e+002  4.4905751e-001
  2.0303663e+002  4.4924769e-001
  2.0316126e+002  4.4943603e-001
  2.0328589e+002  4.4962289e-001
  2.0341053e+002  4.4980869e-001
  2.0353516e+002  4.4999385e-001
  2.0365979e+002  4.5017880e-001
  2.0378442e+002  4.5036396e-001
  2.0390905e+002  4.5054976e-001
  2.0403368e+002  4.5073663e-001
  2.0415832e+002  4.5092479e-001
  2.0428295e+002  4.5111406e-001
  2.0440758e+002  4.5130426e-001
  2.0453221e+002  4.5149519e-001
  2.0465684e+002  4.5168667e-001
  2.0478147e+002  4.5187848e-001
  2.0490611e+002  4.5207042e-001
  2.0503074e+002  4.5226231e-001
  2.0515537e+002  4.5245398e-001
  2.0528000e+002  4.5264537e-001
  2.0540463e+002  4.5283640e-001
  2.0552926e+002  4.5302701e-001
  2.0565389e+002  4.5321713e-001
  2.0577853e+002  4.5340670e-001
  2.0590316e+002  4.5359565e-001
  2.0602779e+002  4.5378391e-001
  2.0615242e+002  4.5397153e-001
  2.0627705e+002  4.5415875e-001
  2.0640168e+002  4.5434585e-001
  2.0652632e+002  4.5453309e-001
  2.0665095e+002  4.5472077e-001
  2.0677558e+002  4.5490914e-001
  2.0690021e+002  4.5509849e-001
  2.0702484e+002  4.5528911e-001
  2.0714947e+002  4.5548106e-001
  2.0727411e+002  4.5567405e-001
  2.0739874e+002  4.5586773e-001
  2.0752337e+002  4.5606172e-001
  2.0764800e+002  4.5625566e-001
  2.0777263e+002  4.5644920e-001
  2.0789726e+002  4.5664195e-001
  2.0802189e+002  4.5683356e-001
  2.0814653e+002  4.5702385e-001
  2.0827116e+002  4.5721305e-001
  2.0839579e+002  4.5740142e-001
  2.0852042e+002  4.5758925e-001
  2.0864505e+002  4.5777681e-001
  2.0876968e+002  4.5796438e-001
  2.0889432e+002  4.5815225e-001
  2.0901895e+002  4.5834071e-001
  2.0914358e+002  4.5852989e-001
  2.0926821e+002  4.5871964e-001
  2.0939284e+002  4.5890979e-001
  2.0951747e+002  4.5910011e-001
  2.0964211e+002  4.5929041e-001
  2.0976674e+002  4.5948050e-001
  2.0989137e+002  4.5967018e-001
  2.1001600e+002  4.5985922e-001
  2.1014063e+002  4.6004761e-001
  2.1026526e+002  4.6023572e-001
  2.1038989e+002  4.6042395e-001
  2.1051453e+002  4.6061276e-001
  2.1063916e+002  4.6080259e-001
  2.1076379e+002  4.6099387e-001
  2.1088842e+002  4.6118705e-001
  2.1101305e+002  4.6138261e-001
  2.1113768e+002  4.6158063e-001
  2.1126232e+002  4.6178040e-001
  2.1138695e+002  4.6198113e-001
  2.1151158e+002  4.6218192e-001
  2.1163621e+002  4.6238190e-001
  2.1176084e+002  4.6258023e-001
  2.1188547e+002  4.6277606e-001
  2.1201011e+002  4.6296843e-001
  2.1213474e+002  4.6315700e-001
  2.1225937e+002  4.6334253e-001
  2.1238400e+002  4.6352591e-001
  2.1250863e+002  4.6370816e-001
  2.1263326e+002  4.6389031e-001
  2.1275789e+002  4.6407330e-001
  2.1288253e+002  4.6425814e-001
  2.1300716e+002  4.6444591e-001
  2.1313179e+002  4.6463712e-001
  2.1325642e+002  4.6483130e-001
  2.1338105e+002  4.6502781e-001
  2.1350568e+002  4.6522591e-001
  2.1363032e+002  4.6542485e-001
  2.1375495e+002  4.6562394e-001
  2.1387958e+002  4.6582245e-001
  2.1400421e+002  4.6601962e-001
  2.1412884e+002  4.6621495e-001
  2.1425347e+002  4.6640848e-001
  2.1437811e+002  4.6660034e-001
  2.1450274e+002  4.6679071e-001
  2.1462737e+002  4.6697978e-001
  2.1475200e+002  4.6716773e-001
  2.1487663e+002  4.6735471e-001
  2.1500126e+002  4.6754088e-001
  2.1512589e+002  4.6772649e-001
  2.1525053e+002  4.6791196e-001
  2.1537516e+002  4.6809772e-001
  2.1549979e+002  4.6828426e-001
  2.1562442e+002  4.6847204e-001
  2.1574905e+002  4.6866150e-001
  2.1587368e+002  4.6885310e-001
  2.1599832e+002  4.6904738e-001
  2.1612295e+002  4.6924450e-001
  2.1624758e+002  4.6944393e-001
  2.1637221e+002  4.6964498e-001
  2.1649684e+002  4.6984687e-001
  2.1662147e+002  4.7004883e-001
  2.1674611e+002  4.7025014e-001
  2.1687074e+002  4.7045004e-001
  2.1699537e+002  4.7064769e-001
  2.1712000e+002  4.7084264e-001
  2.1724463e+002  4.7103524e-001
  2.1736926e+002  4.7122597e-001
  2.1749389e+002  4.7141543e-001
  2.1761853e+002  4.7160424e-001
  2.1774316e+002  4.7179294e-001
  2.1786779e+002  4.7198212e-001
  2.1799242e+002  4.7217240e-001
  2.1811705e+002  4.7236417e-001
  2.1824168e+002  4.7255736e-001
  2.1836632e+002  4.7275181e-001
  2.1849095e+002  4.7294725e-001
  2.1861558e+002  4.7314346e-001
  2.1874021e+002  4.7334019e-001
  2.1886484e+002  4.7353724e-001
  2.1898947e+002  4.7373435e-001
  2.1911411e+002  4.7393132e-001
  2.1923874e+002  4.7412794e-001
  2.1936337e+002  4.7432399e-001
  2.1948800e+002  4.7451926e-001
  2.1961263e+002  4.7471357e-001
  2.1973726e+002  4.7490670e-001
  2.1986189e+002  4.7509844e-001
  2.1998653e+002  4.7528853e-001
  2.2011116e+002  4.7547696e-001
  2.2023579e+002  4.7566420e-001
  2.2036042e+002  4.7585082e-001
  2.2048505e+002  4.7603751e-001
  2.2060968e+002  4.7622495e-001
  2.2073432e+002  4.7641377e-001
  2.2085895e+002  4.7660463e-001
  2.2098358e+002  4.7679830e-001
  2.2110821e+002  4.7699510e-001
  2.2123284e+002  4.7719451e-001
  2.2135747e+002  4.7739580e-001
  2.2148211e+002  4.7759803e-001
  2.2160674e+002  4.7780028e-001
  2.2173137e+002  4.7800175e-001
  2.2185600e+002  4.7820153e-001
  2.2198063e+002  4.7839860e-001
  2.2210526e+002  4.7859246e-001
  2.2222989e+002  4.7878360e-001
  2.2235453e+002  4.7897276e-001
  2.2247916e+002  4.7916092e-001
  2.2260379e+002  4.7934902e-001
  2.2272842e+002  4.7953794e-001
  2.2285305e+002  4.7972859e-001
  2.2297768e+002  4.7992206e-001
  2.2310232e+002  4.8011889e-001
  2.2322695e+002  4.8031860e-001
  2.2335158e+002  4.8052045e-001
  2.2347621e+002  4.8072346e-001
  2.2360084e+002  4.8092666e-001
  2.2372547e+002  4.8112917e-001
  2.2385011e+002  4.8133003e-001
  2.2397474e+002  4.8152817e-001
  2.2409937e+002  4.8172302e-001
  2.2422400e+002  4.8191496e-001
  2.2434863e+002  4.8210462e-001
  2.2447326e+002  4.8229290e-001
  2.2459789e+002  4.8248069e-001
  2.2472253e+002  4.8266878e-001
  2.2484716e+002  4.8285803e-001
  2.2497179e+002  4.8304936e-001
  2.2509642e+002  4.8324341e-001
  2.2522105e+002  4.8344014e-001
  2.2534568e+002  4.8363937e-001
  2.2547032e+002  4.8384071e-001
  2.2559495e+002  4.8404380e-001
  2.2571958e+002  4.8424832e-001
  2.2584421e+002  4.8445393e-001
  2.2596884e+002  4.8466032e-001
  2.2609347e+002  4.8486712e-001
  2.2621811e+002  4.8507382e-001
  2.2634274e+002  4.8527988e-001
  2.2646737e+002  4.8548472e-001
  2.2659200e+002  4.8568775e-001
  2.2671663e+002  4.8588847e-001
  2.2684126e+002  4.8608629e-001
  2.2696589e+002  4.8628048e-001
  2.2709053e+002  4.8647077e-001
  2.2721516e+002  4.8665784e-001
  2.2733979e+002  4.8684261e-001
  2.2746442e+002  4.8702633e-001
  2.2758905e+002  4.8721021e-001
  2.2771368e+002  4.8739535e-001
  2.2783832e+002  4.8758293e-001
  2.2796295e+002  4.8777433e-001
  2.2808758e+002  4.8797031e-001
  2.2821221e+002  4.8817047e-001
  2.2833684e+002  4.8837405e-001
  2.2846147e+002  4.8857986e-001
  2.2858611e+002  4.8878675e-001
  2.2871074e+002  4.8899369e-001
  2.2883537e+002  4.8919959e-001
  2.2896000e+002  4.8940321e-001
  2.2908463e+002  4.8960373e-001
  2.2920926e+002  4.8980129e-001
  2.2933389e+002  4.8999631e-001
  2.2945853e+002  4.9018956e-001
  2.2958316e+002  4.9038179e-001
  2.2970779e+002  4.9057365e-001
  2.2983242e+002  4.9076582e-001
  2.2995705e+002  4.9095908e-001
  2.3008168e+002  4.9115398e-001
  2.3020632e+002  4.9135054e-001
  2.3033095e+002  4.9154864e-001
  2.3045558e+002  4.9174793e-001
  2.3058021e+002  4.9194809e-001
  2.3070484e+002  4.9214884e-001
  2.3082947e+002  4.9234992e-001
  2.3095411e+002  4.9255100e-001
  2.3107874e+002  4.9275182e-001
  2.3120337e+002  4.9295220e-001
  2.3132800e+002  4.9315198e-001
  2.3145263e+002  4.9335101e-001
  2.3157726e+002  4.9354917e-001
  2.3170189e+002  4.9374634e-001
  2.3182653e+002  4.9394237e-001
  2.3195116e+002  4.9413707e-001
  2.3207579e+002  4.9433036e-001
  2.3220042e+002  4.9452249e-001
  2.3232505e+002  4.9471374e-001
  2.3244968e+002  4.9490454e-001
  2.3257432e+002  4.9509531e-001
  2.3269895e+002  4.9528643e-001
  2.3282358e+002  4.9547830e-001
  2.3294821e+002  4.9567137e-001
  2.3307284e+002  4.9586596e-001
  2.3319747e+002  4.9606210e-001
  2.3332211e+002  4.9625972e-001
  2.3344674e+002  4.9645864e-001
  2.3357137e+002  4.9665870e-001
  2.3369600e+002  4.9685970e-001
  2.3382063e+002  4.9706149e-001
  2.3394526e+002  4.9726393e-001
  2.3406989e+002  4.9746684e-001
  2.3419453e+002  4.9766996e-001
  2.3431916e+002  4.9787301e-001
  2.3444379e+002  4.9807570e-001
  2.3456842e+002  4.9827773e-001
  2.3469305e+002  4.9847881e-001
  2.3481768e+002  4.9867864e-001
  2.3494232e+002  4.9887683e-001
  2.3506695e+002  4.9907321e-001
  2.3519158e+002  4.9926807e-001
  2.3531621e+002  4.9946189e-001
  2.3544084e+002  4.9965536e-001
  2.3556547e+002  4.9984919e-001
  2.3569011e+002  5.0004399e-001
  2.3581474e+002  5.0024043e-001
  2.3593937e+002  5.0043930e-001
  2.3606400e+002  5.0064107e-001
  2.3618863e+002  5.0084562e-001
  2.3631326e+002  5.0105255e-001
  2.3643789e+002  5.0126113e-001
  2.3656253e+002  5.0147064e-001
  2.3668716e+002  5.0168045e-001
  2.3681179e+002  5.0188990e-001
  2.3693642e+002  5.0209827e-001
  2.3706105e+002  5.0230497e-001
  2.3718568e+002  5.0250984e-001
  2.3731032e+002  5.0271287e-001
  2.3743495e+002  5.0291426e-001
  2.3755958e+002  5.0311423e-001
  2.3768421e+002  5.0331296e-001
  2.3780884e+002  5.0351060e-001
  2.3793347e+002  5.0370730e-001
  2.3805811e+002  5.0390328e-001
  2.3818274e+002  5.0409875e-001
  2.3830737e+002  5.0429398e-001
  2.3843200e+002  5.0448927e-001
  2.3855663e+002  5.0468493e-001
  2.3868126e+002  5.0488119e-001
  2.3880589e+002  5.0507836e-001
  2.3893053e+002  5.0527679e-001
  2.3905516e+002  5.0547670e-001
  2.3917979e+002  5.0567801e-001
  2.3930442e+002  5.0588051e-001
  2.3942905e+002  5.0608380e-001
  2.3955368e+002  5.0628749e-001
  2.3967832e+002  5.0649127e-001
  2.3980295e+002  5.0669478e-001
  2.3992758e+002  5.0689757e-001
  2.4005221e+002  5.0709936e-001
  2.4017684e+002  5.0730026e-001
  2.4030147e+002  5.0750054e-001
  2.4042611e+002  5.0770069e-001
  2.4055074e+002  5.0790121e-001
  2.4067537e+002  5.0810251e-001
  2.4080000e+002  5.0830507e-001
  2.4092463e+002  5.0850945e-001
  2.4104926e+002  5.0871598e-001
  2.4117389e+002  5.0892445e-001
  2.4129853e+002  5.0913436e-001
  2.4142316e+002  5.0934484e-001
  2.4154779e+002  5.0955503e-001
  2.4167242e+002  5.0976419e-001
  2.4179705e+002  5.0997153e-001
  2.4192168e+002  5.1017609e-001
  2.4204632e+002  5.1037721e-001
  2.4217095e+002  5.1057493e-001
  2.4229558e+002  5.1076960e-001
  2.4242021e+002  5.1096203e-001
  2.4254484e+002  5.1115303e-001
  2.4266947e+002  5.1134331e-001
  2.4279411e+002  5.1153359e-001
  2.4291874e+002  5.1172468e-001
  2.4304337e+002  5.1191727e-001
  2.4316800e+002  5.1211169e-001
  2.4329263e+002  5.1230810e-001
  2.4341726e+002  5.1250644e-001
  2.4354189e+002  5.1270664e-001
  2.4366653e+002  5.1290866e-001
  2.4379116e+002  5.1311247e-001
  2.4391579e+002  5.1331810e-001
  2.4404042e+002  5.1352547e-001
  2.4416505e+002  5.1373430e-001
  2.4428968e+002  5.1394425e-001
  2.4441432e+002  5.1415481e-001
  2.4453895e+002  5.1436548e-001
  2.4466358e+002  5.1457581e-001
  2.4478821e+002  5.1478531e-001
  2.4491284e+002  5.1499343e-001
  2.4503747e+002  5.1519976e-001
  2.4516211e+002  5.1540429e-001
  2.4528674e+002  5.1560718e-001
  2.4541137e+002  5.1580892e-001
  2.4553600e+002  5.1601001e-001
  2.4566063e+002  5.1621084e-001
  2.4578526e+002  5.1641186e-001
  2.4590989e+002  5.1661357e-001
  2.4603453e+002  5.1681636e-001
  2.4615916e+002  5.1702026e-001
  2.4628379e+002  5.1722516e-001
  2.4640842e+002  5.1743063e-001
  2.4653305e+002  5.1763627e-001
  2.4665768e+002  5.1784172e-001
  2.4678232e+002  5.1804662e-001
  2.4690695e+002  5.1825053e-001
  2.4703158e+002  5.1845314e-001
  2.4715621e+002  5.1865450e-001
  2.4728084e+002  5.1885484e-001
  2.4740547e+002  5.1905471e-001
  2.4753011e+002  5.1925468e-001
  2.4765474e+002  5.1945521e-001
  2.4777937e+002  5.1965681e-001
  2.4790400e+002  5.1986008e-001
  2.4802863e+002  5.2006547e-001
  2.4815326e+002  5.2027292e-001
  2.4827789e+002  5.2048216e-001
  2.4840253e+002  5.2069248e-001
  2.4852716e+002  5.2090317e-001
  2.4865179e+002  5.2111365e-001
  2.4877642e+002  5.2132327e-001
  2.4890105e+002  5.2153129e-001
  2.4902568e+002  5.2173713e-001
  2.4915032e+002  5.2194068e-001
  2.4927495e+002  5.2214210e-001
  2.4939958e+002  5.2234191e-001
  2.4952421e+002  5.2254071e-001
  2.4964884e+002  5.2273895e-001
  2.4977347e+002  5.2293714e-001
  2.4989811e+002  5.2313586e-001
  2.5002274e+002  5.2333558e-001
  2.5014737e+002  5.2353645e-001
  2.5027200e+002  5.2373845e-001
  2.5039663e+002  5.2394129e-001
  2.5052126e+002  5.2414465e-001
  2.5064589e+002  5.2434829e-001
  2.5077053e+002  5.2455195e-001
  2.5089516e+002  5.2475531e-001
  2.5101979e+002  5.2495812e-001
  2.5114442e+002  5.2516039e-001
  2.5126905e+002  5.2536227e-001
  2.5139368e+002  5.2556417e-001
  2.5151832e+002  5.2576650e-001
  2.5164295e+002  5.2596958e-001
  2.5176758e+002  5.2617379e-001
  2.5189221e+002  5.2637957e-001
  2.5201684e+002  5.2658726e-001
  2.5214147e+002  5.2679679e-001
  2.5226611e+002  5.2700783e-001
  2.5239074e+002  5.2721970e-001
  2.5251537e+002  5.2743168e-001
  2.5264000e+002  5.2764314e-001
  2.5276463e+002  5.2785345e-001
  2.5288926e+002  5.2806184e-001
  2.5301389e+002  5.2826772e-001
  2.5313853e+002  5.2847092e-001
  2.5326316e+002  5.2867155e-001
  2.5338779e+002  5.2887023e-001
  2.5351242e+002  5.2906758e-001
  2.5363705e+002  5.2926413e-001
  2.5376168e+002  5.2946040e-001
  2.5388632e+002  5.2965699e-001
  2.5401095e+002  5.2985442e-001
  2.5413558e+002  5.3005309e-001
  2.5426021e+002  5.3025329e-001
  2.5438484e+002  5.3045515e-001
  2.5450947e+002  5.3065876e-001
  2.5463411e+002  5.3086427e-001
  2.5475874e+002  5.3107183e-001
  2.5488337e+002  5.3128163e-001
  2.5500800e+002  5.3149376e-001
  2.5513263e+002  5.3170805e-001
  2.5525726e+002  5.3192411e-001
  2.5538189e+002  5.3214119e-001
  2.5550653e+002  5.3235853e-001
  2.5563116e+002  5.3257544e-001
  2.5575579e+002  5.3279125e-001
  2.5588042e+002  5.3300512e-001
  2.5600505e+002  5.3321641e-001
  2.5612968e+002  5.3342486e-001
  2.5625432e+002  5.3363051e-001
  2.5637895e+002  5.3383392e-001
  2.5650358e+002  5.3403569e-001
  2.5662821e+002  5.3423631e-001
  2.5675284e+002  5.3443627e-001
  2.5687747e+002  5.3463615e-001
  2.5700211e+002  5.3483643e-001
  2.5712674e+002  5.3503744e-001
  2.5725137e+002  5.3523937e-001
  2.5737600e+002  5.3544219e-001
  2.5750063e+002  5.3564586e-001
  2.5762526e+002  5.3585034e-001
  2.5774989e+002  5.3605564e-001
  2.5787453e+002  5.3626173e-001
  2.5799916e+002  5.3646860e-001
  2.5812379e+002  5.3667623e-001
  2.5824842e+002  5.3688459e-001
  2.5837305e+002  5.3709365e-001
  2.5849768e+002  5.3730340e-001
  2.5862232e+002  5.3751378e-001
  2.5874695e+002  5.3772479e-001
  2.5887158e+002  5.3793640e-001
  2.5899621e+002  5.3814858e-001
  2.5912084e+002  5.3836118e-001
  2.5924547e+002  5.3857395e-001
  2.5937011e+002  5.3878650e-001
  2.5949474e+002  5.3899841e-001
  2.5961937e+002  5.3920931e-001
  2.5974400e+002  5.3941882e-001
  2.5986863e+002  5.3962646e-001
  2.5999326e+002  5.3983187e-001
  2.6011789e+002  5.4003503e-001
  2.6024253e+002  5.4023616e-001
  2.6036716e+002  5.4043600e-001
  2.6049179e+002  5.4063532e-001
  2.6061642e+002  5.4083477e-001
  2.6074105e+002  5.4103505e-001
  2.6086568e+002  5.4123695e-001
  2.6099032e+002  5.4144114e-001
  2.6111495e+002  5.4164787e-001
  2.6123958e+002  5.4185707e-001
  2.6136421e+002  5.4206804e-001
  2.6148884e+002  5.4228003e-001
  2.6161347e+002  5.4249238e-001
  2.6173811e+002  5.4270444e-001
  2.6186274e+002  5.4291546e-001
  2.6198737e+002  5.4312479e-001
  2.6211200e+002  5.4333217e-001
  2.6223663e+002  5.4353760e-001
  2.6236126e+002  5.4374170e-001
  2.6248589e+002  5.4394517e-001
  2.6261053e+002  5.4414855e-001
  2.6273516e+002  5.4435241e-001
  2.6285979e+002  5.4455742e-001
  2.6298442e+002  5.4476412e-001
  2.6310905e+002  5.4497279e-001
  2.6323368e+002  5.4518343e-001
  2.6335832e+002  5.4539554e-001
  2.6348295e+002  5.4560852e-001
  2.6360758e+002  5.4582191e-001
  2.6373221e+002  5.4603525e-001
  2.6385684e+002  5.4624797e-001
  2.6398147e+002  5.4645958e-001
  2.6410611e+002  5.4666987e-001
  2.6423074e+002  5.4687884e-001
  2.6435537e+002  5.4708694e-001
  2.6448000e+002  5.4729468e-001
  2.6460463e+002  5.4750247e-001
  2.6472926e+002  5.4771073e-001
  2.6485389e+002  5.4791997e-001
  2.6497853e+002  5.4813063e-001
  2.6510316e+002  5.4834282e-001
  2.6522779e+002  5.4855641e-001
  2.6535242e+002  5.4877073e-001
  2.6547705e+002  5.4898502e-001
  2.6560168e+002  5.4919863e-001
  2.6572632e+002  5.4941091e-001
  2.6585095e+002  5.4962111e-001
  2.6597558e+002  5.4982859e-001
  2.6610021e+002  5.5003307e-001
  2.6622484e+002  5.5023463e-001
  2.6634947e+002  5.5043412e-001
  2.6647411e+002  5.5063247e-001
  2.6659874e+002  5.5083044e-001
  2.6672337e+002  5.5102884e-001
  2.6684800e+002  5.5122857e-001
  2.6697263e+002  5.5143044e-001
  2.6709726e+002  5.5163488e-001
  2.6722189e+002  5.5184197e-001
  2.6734653e+002  5.5205106e-001
  2.6747116e+002  5.5226138e-001
  2.6759579e+002  5.5247232e-001
  2.6772042e+002  5.5268327e-001
  2.6784505e+002  5.5289349e-001
  2.6796968e+002  5.5310235e-001
  2.6809432e+002  5.5330953e-001
  2.6821895e+002  5.5351502e-001
  2.6834358e+002  5.5371950e-001
  2.6846821e+002  5.5392375e-001
  2.6859284e+002  5.5412840e-001
  2.6871747e+002  5.5433410e-001
  2.6884211e+002  5.5454161e-001
  2.6896674e+002  5.5475159e-001
  2.6909137e+002  5.5496435e-001
  2.6921600e+002  5.5517985e-001
  2.6934063e+002  5.5539723e-001
  2.6946526e+002  5.5561552e-001
  2.6958989e+002  5.5583393e-001
  2.6971453e+002  5.5605167e-001
  2.6983916e+002  5.5626776e-001
  2.6996379e+002  5.5648137e-001
  2.7008842e+002  5.5669206e-001
  2.7021305e+002  5.5689976e-001
  2.7033768e+002  5.5710532e-001
  2.7046232e+002  5.5730972e-001
  2.7058695e+002  5.5751375e-001
  2.7071158e+002  5.5771823e-001
  2.7083621e+002  5.5792409e-001
  2.7096084e+002  5.5813217e-001
  2.7108547e+002  5.5834297e-001
  2.7121011e+002  5.5855661e-001
  2.7133474e+002  5.5877239e-001
  2.7145937e+002  5.5898945e-001
  2.7158400e+002  5.5920714e-001
  2.7170863e+002  5.5942475e-001
  2.7183326e+002  5.5964150e-001
  2.7195789e+002  5.5985667e-001
  2.7208253e+002  5.6006981e-001
  2.7220716e+002  5.6028075e-001
  2.7233179e+002  5.6049000e-001
  2.7245642e+002  5.6069817e-001
  2.7258105e+002  5.6090575e-001
  2.7270568e+002  5.6111324e-001
  2.7283032e+002  5.6132122e-001
  2.7295495e+002  5.6153019e-001
  2.7307958e+002  5.6174050e-001
  2.7320421e+002  5.6195225e-001
  2.7332884e+002  5.6216504e-001
  2.7345347e+002  5.6237836e-001
  2.7357811e+002  5.6259184e-001
  2.7370274e+002  5.6280507e-001
  2.7382737e+002  5.6301757e-001
  2.7395200e+002  5.6322892e-001
  2.7407663e+002  5.6343889e-001
  2.7420126e+002  5.6364748e-001
  2.7432589e+002  5.6385524e-001
  2.7445053e+002  5.6406283e-001
  2.7457516e+002  5.6427077e-001
  2.7469979e+002  5.6447962e-001
  2.7482442e+002  5.6469001e-001
  2.7494905e+002  5.6490250e-001
  2.7507368e+002  5.6511745e-001
  2.7519832e+002  5.6533492e-001
  2.7532295e+002  5.6555432e-001
  2.7544758e+002  5.6577495e-001
  2.7557221e+002  5.6599620e-001
  2.7569684e+002  5.6621748e-001
  2.7582147e+002  5.6643815e-001
  2.7594611e+002  5.6665759e-001
  2.7607074e+002  5.6687527e-001
  2.7619537e+002  5.6709079e-001
  2.7632000e+002  5.6730406e-001
  2.7644463e+002  5.6751503e-001
  2.7656926e+002  5.6772363e-001
  2.7669389e+002  5.6792976e-001
  2.7681853e+002  5.6813330e-001
  2.7694316e+002  5.6833418e-001
  2.7706779e+002  5.6853253e-001
  2.7719242e+002  5.6872873e-001
  2.7731705e+002  5.6892397e-001
  2.7744168e+002  5.6911950e-001
  2.7756632e+002  5.6931647e-001
  2.7769095e+002  5.6951605e-001
  2.7781558e+002  5.6971952e-001
  2.7794021e+002  5.6992804e-001
  2.7806484e+002  5.7014240e-001
  2.7818947e+002  5.7036277e-001
  2.7831411e+002  5.7058773e-001
  2.7843874e+002  5.7081557e-001
  2.7856337e+002  5.7104486e-001
  2.7868800e+002  5.7127414e-001
  2.7881263e+002  5.7150183e-001
  2.7893726e+002  5.7172642e-001
  2.7906189e+002  5.7194674e-001
  2.7918653e+002  5.7216213e-001
  2.7931116e+002  5.7237336e-001
  2.7943579e+002  5.7258140e-001
  2.7956042e+002  5.7278704e-001
  2.7968505e+002  5.7299105e-001
  2.7980968e+002  5.7319430e-001
  2.7993432e+002  5.7339762e-001
  2.8005895e+002  5.7360169e-001
  2.8018358e+002  5.7380697e-001
  2.8030821e+002  5.7401335e-001
  2.8043284e+002  5.7422058e-001
  2.8055747e+002  5.7442851e-001
  2.8068211e+002  5.7463698e-001
  2.8080674e+002  5.7484582e-001
  2.8093137e+002  5.7505485e-001
  2.8105600e+002  5.7526395e-001
  2.8118063e+002  5.7547304e-001
  2.8130526e+002  5.7568225e-001
  2.8142989e+002  5.7589173e-001
  2.8155453e+002  5.7610161e-001
  2.8167916e+002  5.7631202e-001
  2.8180379e+002  5.7652309e-001
  2.8192842e+002  5.7673494e-001
  2.8205305e+002  5.7694769e-001
  2.8217768e+002  5.7716137e-001
  2.8230232e+002  5.7737586e-001
  2.8242695e+002  5.7759102e-001
  2.8255158e+002  5.7780670e-001
  2.8267621e+002  5.7802278e-001
  2.8280084e+002  5.7823910e-001
  2.8292547e+002  5.7845555e-001
  2.8305011e+002  5.7867200e-001
  2.8317474e+002  5.7888840e-001
  2.8329937e+002  5.7910482e-001
  2.8342400e+002  5.7932135e-001
  2.8354863e+002  5.7953808e-001
  2.8367326e+002  5.7975509e-001
  2.8379789e+002  5.7997248e-001
  2.8392253e+002  5.8019032e-001
  2.8404716e+002  5.8040869e-001
  2.8417179e+002  5.8062761e-001
  2.8429642e+002  5.8084695e-001
  2.8442105e+002  5.8106659e-001
  2.8454568e+002  5.8128639e-001
  2.8467032e+002  5.8150623e-001
  2.8479495e+002  5.8172598e-001
  2.8491958e+002  5.8194553e-001
  2.8504421e+002  5.8216471e-001
  2.8516884e+002  5.8238329e-001
  2.8529347e+002  5.8260084e-001
  2.8541811e+002  5.8281687e-001
  2.8554274e+002  5.8303094e-001
  2.8566737e+002  5.8324259e-001
  2.8579200e+002  5.8345131e-001
  2.8591663e+002  5.8365665e-001
  2.8604126e+002  5.8385831e-001
  2.8616589e+002  5.8405642e-001
  2.8629053e+002  5.8425240e-001
  2.8641516e+002  5.8444792e-001
  2.8653979e+002  5.8464450e-001
  2.8666442e+002  5.8484365e-001
  2.8678905e+002  5.8504701e-001
  2.8691368e+002  5.8525614e-001
  2.8703832e+002  5.8547234e-001
  2.8716295e+002  5.8569624e-001
  2.8728758e+002  5.8592643e-001
  2.8741221e+002  5.8616110e-001
  2.8753684e+002  5.8639862e-001
  2.8766147e+002  5.8663738e-001
  2.8778611e+002  5.8687571e-001
  2.8791074e+002  5.8711193e-001
  2.8803537e+002  5.8734452e-001
  2.8816000e+002  5.8757236e-001
  2.8828463e+002  5.8779549e-001
  2.8840926e+002  5.8801422e-001
  2.8853389e+002  5.8822875e-001
  2.8865853e+002  5.8843924e-001
  2.8878316e+002  5.8864590e-001
  2.8890779e+002  5.8884894e-001
  2.8903242e+002  5.8904863e-001
  2.8915705e+002  5.8924547e-001
  2.8928168e+002  5.8944068e-001
  2.8940632e+002  5.8963559e-001
  2.8953095e+002  5.8983149e-001
  2.8965558e+002  5.9002966e-001
  2.8978021e+002  5.9023145e-001
  2.8990484e+002  5.9043818e-001
  2.9002947e+002  5.9065096e-001
  2.9015411e+002  5.9087033e-001
  2.9027874e+002  5.9109497e-001
  2.9040337e+002  5.9132313e-001
  2.9052800e+002  5.9155322e-001
  2.9065263e+002  5.9178365e-001
  2.9077726e+002  5.9201277e-001
  2.9090189e+002  5.9223895e-001
  2.9102653e+002  5.9246073e-001
  2.9115116e+002  5.9267720e-001
  2.9127579e+002  5.9288931e-001
  2.9140042e+002  5.9309844e-001
  2.9152505e+002  5.9330580e-001
  2.9164968e+002  5.9351263e-001
  2.9177432e+002  5.9372021e-001
  2.9189895e+002  5.9392981e-001
  2.9202358e+002  5.9414255e-001
  2.9214821e+002  5.9435912e-001
  2.9227284e+002  5.9457853e-001
  2.9239747e+002  5.9479947e-001
  2.9252211e+002  5.9502074e-001
  2.9264674e+002  5.9524111e-001
  2.9277137e+002  5.9545933e-001
  2.9289600e+002  5.9567415e-001
  2.9302063e+002  5.9588444e-001
  2.9314526e+002  5.9608963e-001
  2.9326989e+002  5.9629097e-001
  2.9339453e+002  5.9649010e-001
  2.9351916e+002  5.9668859e-001
  2.9364379e+002  5.9688798e-001
  2.9376842e+002  5.9708988e-001
  2.9389305e+002  5.9729588e-001
  2.9401768e+002  5.9750743e-001
  2.9414232e+002  5.9772541e-001
  2.9426695e+002  5.9794866e-001
  2.9439158e+002  5.9817556e-001
  2.9451621e+002  5.9840457e-001
  2.9464084e+002  5.9863417e-001
  2.9476547e+002  5.9886280e-001
  2.9489011e+002  5.9908890e-001
  2.9501474e+002  5.9931100e-001
  2.9513937e+002  5.9952805e-001
  2.9526400e+002  5.9974065e-001
  2.9538863e+002  5.9994975e-001
  2.9551326e+002  6.0015622e-001
  2.9563789e+002  6.0036092e-001
  2.9576253e+002  6.0056476e-001
  2.9588716e+002  6.0076865e-001
  2.9601179e+002  6.0097344e-001
  2.9613642e+002  6.0117982e-001
  2.9626105e+002  6.0138781e-001
  2.9638568e+002  6.0159730e-001
  2.9651032e+002  6.0180818e-001
  2.9663495e+002  6.0202033e-001
  2.9675958e+002  6.0223365e-001
  2.9688421e+002  6.0244801e-001
  2.9700884e+002  6.0266330e-001
  2.9713347e+002  6.0287946e-001
  2.9725811e+002  6.0309645e-001
  2.9738274e+002  6.0331425e-001
  2.9750737e+002  6.0353288e-001
  2.9763200e+002  6.0375233e-001
  2.9775663e+002  6.0397259e-001
  2.9788126e+002  6.0419365e-001
  2.9800589e+002  6.0441552e-001
  2.9813053e+002  6.0463812e-001
  2.9825516e+002  6.0486125e-001
  2.9837979e+002  6.0508467e-001
  2.9850442e+002  6.0530811e-001
  2.9862905e+002  6.0553134e-001
  2.9875368e+002  6.0575410e-001
  2.9887832e+002  6.0597614e-001
  2.9900295e+002  6.0619721e-001
  2.9912758e+002  6.0641706e-001
  2.9925221e+002  6.0663545e-001
  2.9937684e+002  6.0685213e-001
  2.9950147e+002  6.0706685e-001
  2.9962611e+002  6.0727934e-001
  2.9975074e+002  6.0748936e-001
  2.9987537e+002  6.0769666e-001
  3.0000000e+002  6.0790100e-001
