  4.0000000e+000  5.1371400e+000
  4.1246316e+000  5.4176804e+000
  4.2492632e+000  5.6536026e+000
  4.3738947e+000  5.8482498e+000
  4.4985263e+000  6.0049647e+000
  4.6231579e+000  6.1270903e+000
  4.7477895e+000  6.2179697e+000
  4.8724211e+000  6.2809456e+000
  4.9970526e+000  6.3193615e+000
  5.1216842e+000  6.3365602e+000
  5.2463158e+000  6.3358840e+000
  5.3709474e+000  6.3206756e+000
  5.4955789e+000  6.2942809e+000
  5.6202105e+000  6.2600439e+000
  5.7448421e+000  6.2212963e+000
  5.8694737e+000  6.1813779e+000
  5.9941053e+000  6.1436731e+000
  6.1187368e+000  6.1108839e+000
  6.2433684e+000  6.0828815e+000
  6.3680000e+000  6.0588030e+000
  6.4926316e+000  6.0377363e+000
  6.6172632e+000  6.0187611e+000
  6.7418947e+000  6.0009749e+000
  6.8665263e+000  5.9834744e+000
  6.9911579e+000  5.9653344e+000
  7.1157895e+000  5.9458174e+000
  7.2404211e+000  5.9249824e+000
  7.3650526e+000  5.9030989e+000
  7.4896842e+000  5.8804575e+000
  7.6143158e+000  5.8573520e+000
  7.7389474e+000  5.8340681e+000
  7.8635789e+000  5.8108922e+000
  7.9882105e+000  5.7881229e+000
  8.1128421e+000  5.7659765e+000
  8.2374737e+000  5.7443142e+000
  8.3621053e+000  5.7229013e+000
  8.4867368e+000  5.7014890e+000
  8.6113684e+000  5.6798271e+000
  8.7360000e+000  5.6576750e+000
  8.8606316e+000  5.6347889e+000
  8.9852632e+000  5.6109009e+000
  9.1098947e+000  5.5858852e+000
  9.2345263e+000  5.5602412e+000
  9.3591579e+000  5.5346399e+000
  9.4837895e+000  5.5097829e+000
  9.6084211e+000  5.4863754e+000
  9.7330526e+000  5.4651047e+000
  9.8576842e+000  5.4466631e+000
  9.9823158e+000  5.4317851e+000
  1.0106947e+001  5.4210014e+000
  1.0231579e+001  5.4139291e+000
  1.0356211e+001  5.4099304e+000
  1.0480842e+001  5.4083161e+000
  1.0605474e+001  5.4083882e+000
  1.0730105e+001  5.4094696e+000
  1.0854737e+001  5.4108813e+000
  1.0979368e+001  5.4119115e+000
  1.1104000e+001  5.4119734e+000
  1.1228632e+001  5.4110534e+000
  1.1353263e+001  5.4092999e+000
  1.1477895e+001  5.4068989e+000
  1.1602526e+001  5.4040432e+000
  1.1727158e+001  5.4009137e+000
  1.1851789e+001  5.3976907e+000
  1.1976421e+001  5.3945659e+000
  1.2101053e+001  5.3916985e+000
  1.2225684e+001  5.3890943e+000
  1.2350316e+001  5.3867149e+000
  1.2474947e+001  5.3845104e+000
  1.2599579e+001  5.3824288e+000
  1.2724211e+001  5.3804216e+000
  1.2848842e+001  5.3784408e+000
  1.2973474e+001  5.3764347e+000
  1.3098105e+001  5.3743601e+000
  1.3222737e+001  5.3722150e+000
  1.3347368e+001  5.3700092e+000
  1.3472000e+001  5.3677562e+000
  1.3596632e+001  5.3654701e+000
  1.3721263e+001  5.3631639e+000
  1.3845895e+001  5.3608503e+000
  1.3970526e+001  5.3585433e+000
  1.4095158e+001  5.3562546e+000
  1.4219789e+001  5.3539849e+000
  1.4344421e+001  5.3517315e+000
  1.4469053e+001  5.3494908e+000
  1.4593684e+001  5.3472589e+000
  1.4718316e+001  5.3450322e+000
  1.4842947e+001  5.3428073e+000
  1.4967579e+001  5.3405802e+000
  1.5092211e+001  5.3383476e+000
  1.5216842e+001  5.3361097e+000
  1.5341474e+001  5.3338674e+000
  1.5466105e+001  5.3316221e+000
  1.5590737e+001  5.3293750e+000
  1.5715368e+001  5.3271275e+000
  1.5840000e+001  5.3248808e+000
  1.5964632e+001  5.3226364e+000
  1.6089263e+001  5.3203953e+000
  1.6213895e+001  5.3181567e+000
  1.6338526e+001  5.3159193e+000
  1.6463158e+001  5.3136815e+000
  1.6587789e+001  5.3114417e+000
  1.6712421e+001  5.3091984e+000
  1.6837053e+001  5.3069501e+000
  1.6961684e+001  5.3046949e+000
  1.7086316e+001  5.3024317e+000
  1.7210947e+001  5.3001637e+000
  1.7335579e+001  5.2978952e+000
  1.7460211e+001  5.2956312e+000
  1.7584842e+001  5.2933770e+000
  1.7709474e+001  5.2911371e+000
  1.7834105e+001  5.2889163e+000
  1.7958737e+001  5.2867208e+000
  1.8083368e+001  5.2845538e+000
  1.8208000e+001  5.2824042e+000
  1.8332632e+001  5.2802556e+000
  1.8457263e+001  5.2780895e+000
  1.8581895e+001  5.2758871e+000
  1.8706526e+001  5.2736312e+000
  1.8831158e+001  5.2713044e+000
  1.8955789e+001  5.2688837e+000
  1.9080421e+001  5.2663562e+000
  1.9205053e+001  5.2637638e+000
  1.9329684e+001  5.2611660e+000
  1.9454316e+001  5.2586314e+000
  1.9578947e+001  5.2562305e+000
  1.9703579e+001  5.2540293e+000
  1.9828211e+001  5.2520943e+000
  1.9952842e+001  5.2505013e+000
  2.0077474e+001  5.2493106e+000
  2.0202105e+001  5.2484968e+000
  2.0326737e+001  5.2480064e+000
  2.0451368e+001  5.2477707e+000
  2.0576000e+001  5.2477179e+000
  2.0700632e+001  5.2477813e+000
  2.0825263e+001  5.2478945e+000
  2.0949895e+001  5.2479845e+000
  2.1074526e+001  5.2479874e+000
  2.1199158e+001  5.2478936e+000
  2.1323789e+001  5.2477114e+000
  2.1448421e+001  5.2474594e+000
  2.1573053e+001  5.2471583e+000
  2.1697684e+001  5.2468259e+000
  2.1822316e+001  5.2464796e+000
  2.1946947e+001  5.2461390e+000
  2.2071579e+001  5.2458216e+000
  2.2196211e+001  5.2455300e+000
  2.2320842e+001  5.2452623e+000
  2.2445474e+001  5.2450134e+000
  2.2570105e+001  5.2447778e+000
  2.2694737e+001  5.2445507e+000
  2.2819368e+001  5.2443274e+000
  2.2944000e+001  5.2441027e+000
  2.3068632e+001  5.2438718e+000
  2.3193263e+001  5.2436341e+000
  2.3317895e+001  5.2433899e+000
  2.3442526e+001  5.2431406e+000
  2.3567158e+001  5.2428878e+000
  2.3691789e+001  5.2426326e+000
  2.3816421e+001  5.2423764e+000
  2.3941053e+001  5.2421205e+000
  2.4065684e+001  5.2418662e+000
  2.4190316e+001  5.2416139e+000
  2.4314947e+001  5.2413632e+000
  2.4439579e+001  5.2411140e+000
  2.4564211e+001  5.2408656e+000
  2.4688842e+001  5.2406179e+000
  2.4813474e+001  5.2403705e+000
  2.4938105e+001  5.2401230e+000
  2.5062737e+001  5.2398751e+000
  2.5187368e+001  5.2396267e+000
  2.5312000e+001  5.2393778e+000
  2.5436632e+001  5.2391286e+000
  2.5561263e+001  5.2388791e+000
  2.5685895e+001  5.2386294e+000
  2.5810526e+001  5.2383796e+000
  2.5935158e+001  5.2381299e+000
  2.6059789e+001  5.2378803e+000
  2.6184421e+001  5.2376308e+000
  2.6309053e+001  5.2373814e+000
  2.6433684e+001  5.2371321e+000
  2.6558316e+001  5.2368829e+000
  2.6682947e+001  5.2366338e+000
  2.6807579e+001  5.2363847e+000
  2.6932211e+001  5.2361355e+000
  2.7056842e+001  5.2358863e+000
  2.7181474e+001  5.2356371e+000
  2.7306105e+001  5.2353879e+000
  2.7430737e+001  5.2351386e+000
  2.7555368e+001  5.2348894e+000
  2.7680000e+001  5.2346401e+000
  2.7804632e+001  5.2343908e+000
  2.7929263e+001  5.2341415e+000
  2.8053895e+001  5.2338922e+000
  2.8178526e+001  5.2336429e+000
  2.8303158e+001  5.2333936e+000
  2.8427789e+001  5.2331444e+000
  2.8552421e+001  5.2328951e+000
  2.8677053e+001  5.2326459e+000
  2.8801684e+001  5.2323967e+000
  2.8926316e+001  5.2321474e+000
  2.9050947e+001  5.2318981e+000
  2.9175579e+001  5.2316488e+000
  2.9300211e+001  5.2313996e+000
  2.9424842e+001  5.2311503e+000
  2.9549474e+001  5.2309011e+000
  2.9674105e+001  5.2306518e+000
  2.9798737e+001  5.2304025e+000
  2.9923368e+001  5.2301532e+000
  3.0048000e+001  5.2299040e+000
  3.0172632e+001  5.2296547e+000
  3.0297263e+001  5.2294055e+000
  3.0421895e+001  5.2291562e+000
  3.0546526e+001  5.2289069e+000
  3.0671158e+001  5.2286577e+000
  3.0795789e+001  5.2284084e+000
  3.0920421e+001  5.2281592e+000
  3.1045053e+001  5.2279099e+000
  3.1169684e+001  5.2276606e+000
  3.1294316e+001  5.2274113e+000
  3.1418947e+001  5.2271621e+000
  3.1543579e+001  5.2269129e+000
  3.1668211e+001  5.2266636e+000
  3.1792842e+001  5.2264143e+000
  3.1917474e+001  5.2261650e+000
  3.2042105e+001  5.2259158e+000
  3.2166737e+001  5.2256665e+000
  3.2291368e+001  5.2254173e+000
  3.2416000e+001  5.2251680e+000
  3.2540632e+001  5.2249187e+000
  3.2665263e+001  5.2246695e+000
  3.2789895e+001  5.2244202e+000
  3.2914526e+001  5.2241710e+000
  3.3039158e+001  5.2239217e+000
  3.3163789e+001  5.2236724e+000
  3.3288421e+001  5.2234231e+000
  3.3413053e+001  5.2231739e+000
  3.3537684e+001  5.2229246e+000
  3.3662316e+001  5.2226753e+000
  3.3786947e+001  5.2224260e+000
  3.3911579e+001  5.2221768e+000
  3.4036211e+001  5.2219275e+000
  3.4160842e+001  5.2216783e+000
  3.4285474e+001  5.2214291e+000
  3.4410105e+001  5.2211799e+000
  3.4534737e+001  5.2209306e+000
  3.4659368e+001  5.2206813e+000
  3.4784000e+001  5.2204320e+000
  3.4908632e+001  5.2201827e+000
  3.5033263e+001  5.2199334e+000
  3.5157895e+001  5.2196841e+000
  3.5282526e+001  5.2194347e+000
  3.5407158e+001  5.2191854e+000
  3.5531789e+001  5.2189360e+000
  3.5656421e+001  5.2186868e+000
  3.5781053e+001  5.2184376e+000
  3.5905684e+001  5.2181885e+000
  3.6030316e+001  5.2179395e+000
  3.6154947e+001  5.2176905e+000
  3.6279579e+001  5.2174417e+000
  3.6404211e+001  5.2171929e+000
  3.6528842e+001  5.2169439e+000
  3.6653474e+001  5.2166947e+000
  3.6778105e+001  5.2164452e+000
  3.6902737e+001  5.2161953e+000
  3.7027368e+001  5.2159449e+000
  3.7152000e+001  5.2156942e+000
  3.7276632e+001  5.2154433e+000
  3.7401263e+001  5.2151926e+000
  3.7525895e+001  5.2149424e+000
  3.7650526e+001  5.2146929e+000
  3.7775158e+001  5.2144444e+000
  3.7899789e+001  5.2141974e+000
  3.8024421e+001  5.2139521e+000
  3.8149053e+001  5.2137083e+000
  3.8273684e+001  5.2134651e+000
  3.8398316e+001  5.2132213e+000
  3.8522947e+001  5.2129758e+000
  3.8647579e+001  5.2127275e+000
  3.8772211e+001  5.2124754e+000
  3.8896842e+001  5.2122178e+000
  3.9021474e+001  5.2119536e+000
  3.9146105e+001  5.2116843e+000
  3.9270737e+001  5.2114126e+000
  3.9395368e+001  5.2111427e+000
  3.9520000e+001  5.2108791e+000
  3.9644632e+001  5.2106260e+000
  3.9769263e+001  5.2103875e+000
  3.9893895e+001  5.2101684e+000
  4.0018526e+001  5.2099732e+000
  4.0143158e+001  5.2098020e+000
  4.0267789e+001  5.2096532e+000
  4.0392421e+001  5.2095226e+000
  4.0517053e+001  5.2094053e+000
  4.0641684e+001  5.2092973e+000
  4.0766316e+001  5.2091945e+000
  4.0890947e+001  5.2090923e+000
  4.1015579e+001  5.2089861e+000
  4.1140211e+001  5.2088743e+000
  4.1264842e+001  5.2087563e+000
  4.1389474e+001  5.2086333e+000
  4.1514105e+001  5.2085068e+000
  4.1638737e+001  5.2083777e+000
  4.1763368e+001  5.2082473e+000
  4.1888000e+001  5.2081167e+000
  4.2012632e+001  5.2079870e+000
  4.2137263e+001  5.2078589e+000
  4.2261895e+001  5.2077324e+000
  4.2386526e+001  5.2076073e+000
  4.2511158e+001  5.2074832e+000
  4.2635789e+001  5.2073598e+000
  4.2760421e+001  5.2072367e+000
  4.2885053e+001  5.2071137e+000
  4.3009684e+001  5.2069904e+000
  4.3134316e+001  5.2068667e+000
  4.3258947e+001  5.2067425e+000
  4.3383579e+001  5.2066180e+000
  4.3508211e+001  5.2064932e+000
  4.3632842e+001  5.2063683e+000
  4.3757474e+001  5.2062433e+000
  4.3882105e+001  5.2061183e+000
  4.4006737e+001  5.2059933e+000
  4.4131368e+001  5.2058684e+000
  4.4256000e+001  5.2057437e+000
  4.4380632e+001  5.2056190e+000
  4.4505263e+001  5.2054944e+000
  4.4629895e+001  5.2053699e+000
  4.4754526e+001  5.2052454e+000
  4.4879158e+001  5.2051208e+000
  4.5003789e+001  5.2049962e+000
  4.5128421e+001  5.2048715e+000
  4.5253053e+001  5.2047468e+000
  4.5377684e+001  5.2046221e+000
  4.5502316e+001  5.2044974e+000
  4.5626947e+001  5.2043727e+000
  4.5751579e+001  5.2042481e+000
  4.5876211e+001  5.2041235e+000
  4.6000842e+001  5.2039991e+000
  4.6125474e+001  5.2038749e+000
  4.6250105e+001  5.2037507e+000
  4.6374737e+001  5.2036265e+000
  4.6499368e+001  5.2035022e+000
  4.6624000e+001  5.2033777e+000
  4.6748632e+001  5.2032529e+000
  4.6873263e+001  5.2031277e+000
  4.6997895e+001  5.2030021e+000
  4.7122526e+001  5.2028761e+000
  4.7247158e+001  5.2027498e+000
  4.7371789e+001  5.2026237e+000
  4.7496421e+001  5.2024979e+000
  4.7621053e+001  5.2023729e+000
  4.7745684e+001  5.2022487e+000
  4.7870316e+001  5.2021260e+000
  4.7994947e+001  5.2020049e+000
  4.8119579e+001  5.2018854e+000
  4.8244211e+001  5.2017668e+000
  4.8368842e+001  5.2016479e+000
  4.8493474e+001  5.2015275e+000
  4.8618105e+001  5.2014046e+000
  4.8742737e+001  5.2012781e+000
  4.8867368e+001  5.2011466e+000
  4.8992000e+001  5.2010086e+000
  4.9116632e+001  5.2008651e+000
  4.9241263e+001  5.2007182e+000
  4.9365895e+001  5.2005720e+000
  4.9490526e+001  5.2004311e+000
  4.9615158e+001  5.2002998e+000
  4.9739789e+001  5.2001821e+000
  4.9864421e+001  5.2000827e+000
  4.9989053e+001  5.2000063e+000
  5.0113684e+001  5.1999539e+000
  5.0238316e+001  5.1999248e+000
  5.0362947e+001  5.1999151e+000
  5.0487579e+001  5.1999197e+000
  5.0612211e+001  5.1999345e+000
  5.0736842e+001  5.1999555e+000
  5.0861474e+001  5.1999780e+000
  5.0986105e+001  5.1999977e+000
  5.1110737e+001  5.2000121e+000
  5.1235368e+001  5.2000202e+000
  5.1360000e+001  5.2000228e+000
  5.1484632e+001  5.2000216e+000
  5.1609263e+001  5.2000177e+000
  5.1733895e+001  5.2000121e+000
  5.1858526e+001  5.2000060e+000
  5.1983158e+001  5.2000008e+000
  5.2107789e+001  5.1999969e+000
  5.2232421e+001  5.1999947e+000
  5.2357053e+001  5.1999939e+000
  5.2481684e+001  5.1999942e+000
  5.2606316e+001  5.1999953e+000
  5.2730947e+001  5.1999967e+000
  5.2855579e+001  5.1999983e+000
  5.2980211e+001  5.1999998e+000
  5.3104842e+001  5.2000009e+000
  5.3229474e+001  5.2000014e+000
  5.3354105e+001  5.2000016e+000
  5.3478737e+001  5.2000015e+000
  5.3603368e+001  5.2000013e+000
  5.3728000e+001  5.2000009e+000
  5.3852632e+001  5.2000005e+000
  5.3977263e+001  5.2000001e+000
  5.4101895e+001  5.1999997e+000
  5.4226526e+001  5.1999996e+000
  5.4351158e+001  5.1999996e+000
  5.4475789e+001  5.1999996e+000
  5.4600421e+001  5.1999997e+000
  5.4725053e+001  5.1999998e+000
  5.4849684e+001  5.1999999e+000
  5.4974316e+001  5.2000000e+000
  5.5098947e+001  5.2000001e+000
  5.5223579e+001  5.2000001e+000
  5.5348211e+001  5.2000001e+000
  5.5472842e+001  5.2000001e+000
  5.5597474e+001  5.2000001e+000
  5.5722105e+001  5.2000001e+000
  5.5846737e+001  5.2000000e+000
  5.5971368e+001  5.2000000e+000
  5.6096000e+001  5.2000000e+000
  5.6220632e+001  5.2000000e+000
  5.6345263e+001  5.2000000e+000
  5.6469895e+001  5.2000000e+000
  5.6594526e+001  5.2000000e+000
  5.6719158e+001  5.2000000e+000
  5.6843789e+001  5.2000000e+000
  5.6968421e+001  5.2000000e+000
  5.7093053e+001  5.2000000e+000
  5.7217684e+001  5.2000000e+000
  5.7342316e+001  5.2000000e+000
  5.7466947e+001  5.2000000e+000
  5.7591579e+001  5.2000000e+000
  5.7716211e+001  5.2000000e+000
  5.7840842e+001  5.2000000e+000
  5.7965474e+001  5.2000000e+000
  5.8090105e+001  5.2000000e+000
  5.8214737e+001  5.2000000e+000
  5.8339368e+001  5.2000000e+000
  5.8464000e+001  5.2000000e+000
  5.8588632e+001  5.2000000e+000
  5.8713263e+001  5.2000000e+000
  5.8837895e+001  5.2000000e+000
  5.8962526e+001  5.2000000e+000
  5.9087158e+001  5.2000000e+000
  5.9211789e+001  5.2000000e+000
  5.9336421e+001  5.2000000e+000
  5.9461053e+001  5.2000000e+000
  5.9585684e+001  5.2000000e+000
  5.9710316e+001  5.2000000e+000
  5.9834947e+001  5.2000000e+000
  5.9959579e+001  5.2000000e+000
  6.0084211e+001  5.2000000e+000
  6.0208842e+001  5.2000000e+000
  6.0333474e+001  5.2000000e+000
  6.0458105e+001  5.2000000e+000
  6.0582737e+001  5.2000000e+000
  6.0707368e+001  5.2000000e+000
  6.0832000e+001  5.2000000e+000
  6.0956632e+001  5.2000000e+000
  6.1081263e+001  5.2000000e+000
  6.1205895e+001  5.2000000e+000
  6.1330526e+001  5.2000000e+000
  6.1455158e+001  5.2000000e+000
  6.1579789e+001  5.2000000e+000
  6.1704421e+001  5.2000000e+000
  6.1829053e+001  5.2000000e+000
  6.1953684e+001  5.2000000e+000
  6.2078316e+001  5.2000000e+000
  6.2202947e+001  5.2000000e+000
  6.2327579e+001  5.2000000e+000
  6.2452211e+001  5.2000000e+000
  6.2576842e+001  5.2000000e+000
  6.2701474e+001  5.2000000e+000
  6.2826105e+001  5.2000000e+000
  6.2950737e+001  5.2000000e+000
  6.3075368e+001  5.2000000e+000
  6.3200000e+001  5.2000000e+000
  6.3324632e+001  5.2000000e+000
  6.3449263e+001  5.2000000e+000
  6.3573895e+001  5.2000000e+000
  6.3698526e+001  5.2000000e+000
  6.3823158e+001  5.2000000e+000
  6.3947789e+001  5.2000000e+000
  6.4072421e+001  5.2000000e+000
  6.4197053e+001  5.2000000e+000
  6.4321684e+001  5.2000000e+000
  6.4446316e+001  5.2000000e+000
  6.4570947e+001  5.2000000e+000
  6.4695579e+001  5.2000000e+000
  6.4820211e+001  5.2000000e+000
  6.4944842e+001  5.2000000e+000
  6.5069474e+001  5.2000000e+000
  6.5194105e+001  5.2000000e+000
  6.5318737e+001  5.2000000e+000
  6.5443368e+001  5.2000000e+000
  6.5568000e+001  5.2000000e+000
  6.5692632e+001  5.2000000e+000
  6.5817263e+001  5.2000000e+000
  6.5941895e+001  5.2000000e+000
  6.6066526e+001  5.2000000e+000
  6.6191158e+001  5.2000000e+000
  6.6315789e+001  5.2000000e+000
  6.6440421e+001  5.2000000e+000
  6.6565053e+001  5.2000000e+000
  6.6689684e+001  5.2000000e+000
  6.6814316e+001  5.2000000e+000
  6.6938947e+001  5.2000000e+000
  6.7063579e+001  5.2000000e+000
  6.7188211e+001  5.2000000e+000
  6.7312842e+001  5.2000000e+000
  6.7437474e+001  5.2000000e+000
  6.7562105e+001  5.2000000e+000
  6.7686737e+001  5.2000000e+000
  6.7811368e+001  5.2000000e+000
  6.7936000e+001  5.2000000e+000
  6.8060632e+001  5.2000000e+000
  6.8185263e+001  5.2000000e+000
  6.8309895e+001  5.2000000e+000
  6.8434526e+001  5.2000000e+000
  6.8559158e+001  5.2000000e+000
  6.8683789e+001  5.2000000e+000
  6.8808421e+001  5.2000000e+000
  6.8933053e+001  5.2000000e+000
  6.9057684e+001  5.2000000e+000
  6.9182316e+001  5.2000000e+000
  6.9306947e+001  5.2000000e+000
  6.9431579e+001  5.2000000e+000
  6.9556211e+001  5.2000000e+000
  6.9680842e+001  5.2000000e+000
  6.9805474e+001  5.2000000e+000
  6.9930105e+001  5.2000000e+000
  7.0054737e+001  5.2000000e+000
  7.0179368e+001  5.2000000e+000
  7.0304000e+001  5.2000000e+000
  7.0428632e+001  5.2000000e+000
  7.0553263e+001  5.2000000e+000
  7.0677895e+001  5.2000000e+000
  7.0802526e+001  5.2000000e+000
  7.0927158e+001  5.2000000e+000
  7.1051789e+001  5.2000000e+000
  7.1176421e+001  5.2000000e+000
  7.1301053e+001  5.2000000e+000
  7.1425684e+001  5.2000000e+000
  7.1550316e+001  5.2000000e+000
  7.1674947e+001  5.2000000e+000
  7.1799579e+001  5.2000000e+000
  7.1924211e+001  5.2000000e+000
  7.2048842e+001  5.2000000e+000
  7.2173474e+001  5.2000000e+000
  7.2298105e+001  5.2000000e+000
  7.2422737e+001  5.2000000e+000
  7.2547368e+001  5.2000000e+000
  7.2672000e+001  5.2000000e+000
  7.2796632e+001  5.2000000e+000
  7.2921263e+001  5.2000000e+000
  7.3045895e+001  5.2000000e+000
  7.3170526e+001  5.2000000e+000
  7.3295158e+001  5.2000000e+000
  7.3419789e+001  5.2000000e+000
  7.3544421e+001  5.2000000e+000
  7.3669053e+001  5.2000000e+000
  7.3793684e+001  5.2000000e+000
  7.3918316e+001  5.2000000e+000
  7.4042947e+001  5.2000000e+000
  7.4167579e+001  5.2000000e+000
  7.4292211e+001  5.2000000e+000
  7.4416842e+001  5.2000000e+000
  7.4541474e+001  5.2000000e+000
  7.4666105e+001  5.2000000e+000
  7.4790737e+001  5.2000000e+000
  7.4915368e+001  5.2000000e+000
  7.5040000e+001  5.2000000e+000
  7.5164632e+001  5.2000000e+000
  7.5289263e+001  5.2000000e+000
  7.5413895e+001  5.2000000e+000
  7.5538526e+001  5.2000000e+000
  7.5663158e+001  5.2000000e+000
  7.5787789e+001  5.2000000e+000
  7.5912421e+001  5.2000000e+000
  7.6037053e+001  5.2000000e+000
  7.6161684e+001  5.2000000e+000
  7.6286316e+001  5.2000000e+000
  7.6410947e+001  5.2000000e+000
  7.6535579e+001  5.2000000e+000
  7.6660211e+001  5.2000000e+000
  7.6784842e+001  5.2000000e+000
  7.6909474e+001  5.2000000e+000
  7.7034105e+001  5.2000000e+000
  7.7158737e+001  5.2000000e+000
  7.7283368e+001  5.2000000e+000
  7.7408000e+001  5.2000000e+000
  7.7532632e+001  5.2000000e+000
  7.7657263e+001  5.2000000e+000
  7.7781895e+001  5.2000000e+000
  7.7906526e+001  5.2000000e+000
  7.8031158e+001  5.2000000e+000
  7.8155789e+001  5.2000000e+000
  7.8280421e+001  5.2000000e+000
  7.8405053e+001  5.2000000e+000
  7.8529684e+001  5.2000000e+000
  7.8654316e+001  5.2000000e+000
  7.8778947e+001  5.2000000e+000
  7.8903579e+001  5.2000000e+000
  7.9028211e+001  5.2000000e+000
  7.9152842e+001  5.2000000e+000
  7.9277474e+001  5.2000000e+000
  7.9402105e+001  5.2000000e+000
  7.9526737e+001  5.2000000e+000
  7.9651368e+001  5.2000000e+000
  7.9776000e+001  5.2000000e+000
  7.9900632e+001  5.2000000e+000
  8.0025263e+001  5.2000000e+000
  8.0149895e+001  5.2000000e+000
  8.0274526e+001  5.2000000e+000
  8.0399158e+001  5.2000000e+000
  8.0523789e+001  5.2000000e+000
  8.0648421e+001  5.2000000e+000
  8.0773053e+001  5.2000000e+000
  8.0897684e+001  5.2000000e+000
  8.1022316e+001  5.2000000e+000
  8.1146947e+001  5.2000000e+000
  8.1271579e+001  5.2000000e+000
  8.1396211e+001  5.2000000e+000
  8.1520842e+001  5.2000000e+000
  8.1645474e+001  5.2000000e+000
  8.1770105e+001  5.2000000e+000
  8.1894737e+001  5.2000000e+000
  8.2019368e+001  5.2000000e+000
  8.2144000e+001  5.2000000e+000
  8.2268632e+001  5.2000000e+000
  8.2393263e+001  5.2000000e+000
  8.2517895e+001  5.2000000e+000
  8.2642526e+001  5.2000000e+000
  8.2767158e+001  5.2000000e+000
  8.2891789e+001  5.2000000e+000
  8.3016421e+001  5.2000000e+000
  8.3141053e+001  5.2000000e+000
  8.3265684e+001  5.2000000e+000
  8.3390316e+001  5.2000000e+000
  8.3514947e+001  5.2000000e+000
  8.3639579e+001  5.2000000e+000
  8.3764211e+001  5.2000000e+000
  8.3888842e+001  5.2000000e+000
  8.4013474e+001  5.2000000e+000
  8.4138105e+001  5.2000000e+000
  8.4262737e+001  5.2000000e+000
  8.4387368e+001  5.2000000e+000
  8.4512000e+001  5.2000000e+000
  8.4636632e+001  5.2000000e+000
  8.4761263e+001  5.2000000e+000
  8.4885895e+001  5.2000000e+000
  8.5010526e+001  5.2000000e+000
  8.5135158e+001  5.2000000e+000
  8.5259789e+001  5.2000000e+000
  8.5384421e+001  5.2000000e+000
  8.5509053e+001  5.2000000e+000
  8.5633684e+001  5.2000000e+000
  8.5758316e+001  5.2000000e+000
  8.5882947e+001  5.2000000e+000
  8.6007579e+001  5.2000000e+000
  8.6132211e+001  5.2000000e+000
  8.6256842e+001  5.2000000e+000
  8.6381474e+001  5.2000000e+000
  8.6506105e+001  5.2000000e+000
  8.6630737e+001  5.2000000e+000
  8.6755368e+001  5.2000000e+000
  8.6880000e+001  5.2000000e+000
  8.7004632e+001  5.2000000e+000
  8.7129263e+001  5.2000000e+000
  8.7253895e+001  5.2000000e+000
  8.7378526e+001  5.2000000e+000
  8.7503158e+001  5.2000000e+000
  8.7627789e+001  5.2000000e+000
  8.7752421e+001  5.2000000e+000
  8.7877053e+001  5.2000000e+000
  8.8001684e+001  5.2000000e+000
  8.8126316e+001  5.2000000e+000
  8.8250947e+001  5.2000000e+000
  8.8375579e+001  5.2000000e+000
  8.8500211e+001  5.2000000e+000
  8.8624842e+001  5.2000000e+000
  8.8749474e+001  5.2000000e+000
  8.8874105e+001  5.2000000e+000
  8.8998737e+001  5.2000000e+000
  8.9123368e+001  5.2000000e+000
  8.9248000e+001  5.2000000e+000
  8.9372632e+001  5.2000000e+000
  8.9497263e+001  5.2000000e+000
  8.9621895e+001  5.2000000e+000
  8.9746526e+001  5.2000000e+000
  8.9871158e+001  5.2000000e+000
  8.9995789e+001  5.2000000e+000
  9.0120421e+001  5.2000000e+000
  9.0245053e+001  5.2000000e+000
  9.0369684e+001  5.2000000e+000
  9.0494316e+001  5.2000000e+000
  9.0618947e+001  5.2000000e+000
  9.0743579e+001  5.2000000e+000
  9.0868211e+001  5.2000000e+000
  9.0992842e+001  5.2000000e+000
  9.1117474e+001  5.2000000e+000
  9.1242105e+001  5.2000000e+000
  9.1366737e+001  5.2000000e+000
  9.1491368e+001  5.2000000e+000
  9.1616000e+001  5.2000000e+000
  9.1740632e+001  5.2000000e+000
  9.1865263e+001  5.2000000e+000
  9.1989895e+001  5.2000000e+000
  9.2114526e+001  5.2000000e+000
  9.2239158e+001  5.2000000e+000
  9.2363789e+001  5.2000000e+000
  9.2488421e+001  5.2000000e+000
  9.2613053e+001  5.2000000e+000
  9.2737684e+001  5.2000000e+000
  9.2862316e+001  5.2000000e+000
  9.2986947e+001  5.2000000e+000
  9.3111579e+001  5.2000000e+000
  9.3236211e+001  5.2000000e+000
  9.3360842e+001  5.2000000e+000
  9.3485474e+001  5.2000000e+000
  9.3610105e+001  5.2000000e+000
  9.3734737e+001  5.2000000e+000
  9.3859368e+001  5.2000000e+000
  9.3984000e+001  5.2000000e+000
  9.4108632e+001  5.2000000e+000
  9.4233263e+001  5.2000000e+000
  9.4357895e+001  5.2000000e+000
  9.4482526e+001  5.2000000e+000
  9.4607158e+001  5.2000000e+000
  9.4731789e+001  5.2000000e+000
  9.4856421e+001  5.2000000e+000
  9.4981053e+001  5.2000000e+000
  9.5105684e+001  5.2000000e+000
  9.5230316e+001  5.2000000e+000
  9.5354947e+001  5.2000000e+000
  9.5479579e+001  5.2000000e+000
  9.5604211e+001  5.2000000e+000
  9.5728842e+001  5.2000000e+000
  9.5853474e+001  5.2000000e+000
  9.5978105e+001  5.2000000e+000
  9.6102737e+001  5.2000000e+000
  9.6227368e+001  5.2000000e+000
  9.6352000e+001  5.2000000e+000
  9.6476632e+001  5.2000000e+000
  9.6601263e+001  5.2000000e+000
  9.6725895e+001  5.2000000e+000
  9.6850526e+001  5.2000000e+000
  9.6975158e+001  5.2000000e+000
  9.7099789e+001  5.2000000e+000
  9.7224421e+001  5.2000000e+000
  9.7349053e+001  5.2000000e+000
  9.7473684e+001  5.2000000e+000
  9.7598316e+001  5.2000000e+000
  9.7722947e+001  5.2000000e+000
  9.7847579e+001  5.2000000e+000
  9.7972211e+001  5.2000000e+000
  9.8096842e+001  5.2000000e+000
  9.8221474e+001  5.2000000e+000
  9.8346105e+001  5.2000000e+000
  9.8470737e+001  5.2000000e+000
  9.8595368e+001  5.2000000e+000
  9.8720000e+001  5.2000000e+000
  9.8844632e+001  5.2000000e+000
  9.8969263e+001  5.2000000e+000
  9.9093895e+001  5.2000000e+000
  9.9218526e+001  5.2000000e+000
  9.9343158e+001  5.2000000e+000
  9.9467789e+001  5.2000000e+000
  9.9592421e+001  5.2000000e+000
  9.9717053e+001  5.2000000e+000
  9.9841684e+001  5.2000000e+000
  9.9966316e+001  5.2000000e+000
  1.0009095e+002  5.2000000e+000
  1.0021558e+002  5.2000000e+000
  1.0034021e+002  5.2000000e+000
  1.0046484e+002  5.2000000e+000
  1.0058947e+002  5.2000000e+000
  1.0071411e+002  5.2000000e+000
  1.0083874e+002  5.2000000e+000
  1.0096337e+002  5.2000000e+000
  1.0108800e+002  5.2000000e+000
  1.0121263e+002  5.2000000e+000
  1.0133726e+002  5.2000000e+000
  1.0146189e+002  5.2000000e+000
  1.0158653e+002  5.2000000e+000
  1.0171116e+002  5.2000000e+000
  1.0183579e+002  5.2000000e+000
  1.0196042e+002  5.2000000e+000
  1.0208505e+002  5.2000000e+000
  1.0220968e+002  5.2000000e+000
  1.0233432e+002  5.2000000e+000
  1.0245895e+002  5.2000000e+000
  1.0258358e+002  5.2000000e+000
  1.0270821e+002  5.2000000e+000
  1.0283284e+002  5.2000000e+000
  1.0295747e+002  5.2000000e+000
  1.0308211e+002  5.2000000e+000
  1.0320674e+002  5.2000000e+000
  1.0333137e+002  5.2000000e+000
  1.0345600e+002  5.2000000e+000
  1.0358063e+002  5.2000000e+000
  1.0370526e+002  5.2000000e+000
  1.0382989e+002  5.2000000e+000
  1.0395453e+002  5.2000000e+000
  1.0407916e+002  5.2000000e+000
  1.0420379e+002  5.2000000e+000
  1.0432842e+002  5.2000000e+000
  1.0445305e+002  5.2000000e+000
  1.0457768e+002  5.2000000e+000
  1.0470232e+002  5.2000000e+000
  1.0482695e+002  5.2000000e+000
  1.0495158e+002  5.2000000e+000
  1.0507621e+002  5.2000000e+000
  1.0520084e+002  5.2000000e+000
  1.0532547e+002  5.2000000e+000
  1.0545011e+002  5.2000000e+000
  1.0557474e+002  5.2000000e+000
  1.0569937e+002  5.2000000e+000
  1.0582400e+002  5.2000000e+000
  1.0594863e+002  5.2000000e+000
  1.0607326e+002  5.2000000e+000
  1.0619789e+002  5.2000000e+000
  1.0632253e+002  5.2000000e+000
  1.0644716e+002  5.2000000e+000
  1.0657179e+002  5.2000000e+000
  1.0669642e+002  5.2000000e+000
  1.0682105e+002  5.2000000e+000
  1.0694568e+002  5.2000000e+000
  1.0707032e+002  5.2000000e+000
  1.0719495e+002  5.2000000e+000
  1.0731958e+002  5.2000000e+000
  1.0744421e+002  5.2000000e+000
  1.0756884e+002  5.2000000e+000
  1.0769347e+002  5.2000000e+000
  1.0781811e+002  5.2000000e+000
  1.0794274e+002  5.2000000e+000
  1.0806737e+002  5.2000000e+000
  1.0819200e+002  5.2000000e+000
  1.0831663e+002  5.2000000e+000
  1.0844126e+002  5.2000000e+000
  1.0856589e+002  5.2000000e+000
  1.0869053e+002  5.2000000e+000
  1.0881516e+002  5.2000000e+000
  1.0893979e+002  5.2000000e+000
  1.0906442e+002  5.2000000e+000
  1.0918905e+002  5.2000000e+000
  1.0931368e+002  5.2000000e+000
  1.0943832e+002  5.2000000e+000
  1.0956295e+002  5.2000000e+000
  1.0968758e+002  5.2000000e+000
  1.0981221e+002  5.2000000e+000
  1.0993684e+002  5.2000000e+000
  1.1006147e+002  5.2000000e+000
  1.1018611e+002  5.2000000e+000
  1.1031074e+002  5.2000000e+000
  1.1043537e+002  5.2000000e+000
  1.1056000e+002  5.2000000e+000
  1.1068463e+002  5.2000000e+000
  1.1080926e+002  5.2000000e+000
  1.1093389e+002  5.2000000e+000
  1.1105853e+002  5.2000000e+000
  1.1118316e+002  5.2000000e+000
  1.1130779e+002  5.2000000e+000
  1.1143242e+002  5.2000000e+000
  1.1155705e+002  5.2000000e+000
  1.1168168e+002  5.2000000e+000
  1.1180632e+002  5.2000000e+000
  1.1193095e+002  5.2000000e+000
  1.1205558e+002  5.2000000e+000
  1.1218021e+002  5.2000000e+000
  1.1230484e+002  5.2000000e+000
  1.1242947e+002  5.2000000e+000
  1.1255411e+002  5.2000000e+000
  1.1267874e+002  5.2000000e+000
  1.1280337e+002  5.2000000e+000
  1.1292800e+002  5.2000000e+000
  1.1305263e+002  5.2000000e+000
  1.1317726e+002  5.2000000e+000
  1.1330189e+002  5.2000000e+000
  1.1342653e+002  5.2000000e+000
  1.1355116e+002  5.2000000e+000
  1.1367579e+002  5.2000000e+000
  1.1380042e+002  5.2000000e+000
  1.1392505e+002  5.2000000e+000
  1.1404968e+002  5.2000000e+000
  1.1417432e+002  5.2000000e+000
  1.1429895e+002  5.2000000e+000
  1.1442358e+002  5.2000000e+000
  1.1454821e+002  5.2000000e+000
  1.1467284e+002  5.2000000e+000
  1.1479747e+002  5.2000000e+000
  1.1492211e+002  5.2000000e+000
  1.1504674e+002  5.2000000e+000
  1.1517137e+002  5.2000000e+000
  1.1529600e+002  5.2000000e+000
  1.1542063e+002  5.2000000e+000
  1.1554526e+002  5.2000000e+000
  1.1566989e+002  5.2000000e+000
  1.1579453e+002  5.2000000e+000
  1.1591916e+002  5.2000000e+000
  1.1604379e+002  5.2000000e+000
  1.1616842e+002  5.2000000e+000
  1.1629305e+002  5.2000000e+000
  1.1641768e+002  5.2000000e+000
  1.1654232e+002  5.2000000e+000
  1.1666695e+002  5.2000000e+000
  1.1679158e+002  5.2000000e+000
  1.1691621e+002  5.2000000e+000
  1.1704084e+002  5.2000000e+000
  1.1716547e+002  5.2000000e+000
  1.1729011e+002  5.2000000e+000
  1.1741474e+002  5.2000000e+000
  1.1753937e+002  5.2000000e+000
  1.1766400e+002  5.2000000e+000
  1.1778863e+002  5.2000000e+000
  1.1791326e+002  5.2000000e+000
  1.1803789e+002  5.2000000e+000
  1.1816253e+002  5.2000000e+000
  1.1828716e+002  5.2000000e+000
  1.1841179e+002  5.2000000e+000
  1.1853642e+002  5.2000000e+000
  1.1866105e+002  5.2000000e+000
  1.1878568e+002  5.2000000e+000
  1.1891032e+002  5.2000000e+000
  1.1903495e+002  5.2000000e+000
  1.1915958e+002  5.2000000e+000
  1.1928421e+002  5.2000000e+000
  1.1940884e+002  5.2000000e+000
  1.1953347e+002  5.2000000e+000
  1.1965811e+002  5.2000000e+000
  1.1978274e+002  5.2000000e+000
  1.1990737e+002  5.2000000e+000
  1.2003200e+002  5.2000000e+000
  1.2015663e+002  5.2000000e+000
  1.2028126e+002  5.2000000e+000
  1.2040589e+002  5.2000000e+000
  1.2053053e+002  5.2000000e+000
  1.2065516e+002  5.2000000e+000
  1.2077979e+002  5.2000000e+000
  1.2090442e+002  5.2000000e+000
  1.2102905e+002  5.2000000e+000
  1.2115368e+002  5.2000000e+000
  1.2127832e+002  5.2000000e+000
  1.2140295e+002  5.2000000e+000
  1.2152758e+002  5.2000000e+000
  1.2165221e+002  5.2000000e+000
  1.2177684e+002  5.2000000e+000
  1.2190147e+002  5.2000000e+000
  1.2202611e+002  5.2000000e+000
  1.2215074e+002  5.2000000e+000
  1.2227537e+002  5.2000000e+000
  1.2240000e+002  5.2000000e+000
  1.2252463e+002  5.2000000e+000
  1.2264926e+002  5.2000000e+000
  1.2277389e+002  5.2000000e+000
  1.2289853e+002  5.2000000e+000
  1.2302316e+002  5.2000000e+000
  1.2314779e+002  5.2000000e+000
  1.2327242e+002  5.2000000e+000
  1.2339705e+002  5.2000000e+000
  1.2352168e+002  5.2000000e+000
  1.2364632e+002  5.2000000e+000
  1.2377095e+002  5.2000000e+000
  1.2389558e+002  5.2000000e+000
  1.2402021e+002  5.2000000e+000
  1.2414484e+002  5.2000000e+000
  1.2426947e+002  5.2000000e+000
  1.2439411e+002  5.2000000e+000
  1.2451874e+002  5.2000000e+000
  1.2464337e+002  5.2000000e+000
  1.2476800e+002  5.2000000e+000
  1.2489263e+002  5.2000000e+000
  1.2501726e+002  5.2000000e+000
  1.2514189e+002  5.2000000e+000
  1.2526653e+002  5.2000000e+000
  1.2539116e+002  5.2000000e+000
  1.2551579e+002  5.2000000e+000
  1.2564042e+002  5.2000000e+000
  1.2576505e+002  5.2000000e+000
  1.2588968e+002  5.2000000e+000
  1.2601432e+002  5.2000000e+000
  1.2613895e+002  5.2000000e+000
  1.2626358e+002  5.2000000e+000
  1.2638821e+002  5.2000000e+000
  1.2651284e+002  5.2000000e+000
  1.2663747e+002  5.2000000e+000
  1.2676211e+002  5.2000000e+000
  1.2688674e+002  5.2000000e+000
  1.2701137e+002  5.2000000e+000
  1.2713600e+002  5.2000000e+000
  1.2726063e+002  5.2000000e+000
  1.2738526e+002  5.2000000e+000
  1.2750989e+002  5.2000000e+000
  1.2763453e+002  5.2000000e+000
  1.2775916e+002  5.2000000e+000
  1.2788379e+002  5.2000000e+000
  1.2800842e+002  5.2000000e+000
  1.2813305e+002  5.2000000e+000
  1.2825768e+002  5.2000000e+000
  1.2838232e+002  5.2000000e+000
  1.2850695e+002  5.2000000e+000
  1.2863158e+002  5.2000000e+000
  1.2875621e+002  5.2000000e+000
  1.2888084e+002  5.2000000e+000
  1.2900547e+002  5.2000000e+000
  1.2913011e+002  5.2000000e+000
  1.2925474e+002  5.2000000e+000
  1.2937937e+002  5.2000000e+000
  1.2950400e+002  5.2000000e+000
  1.2962863e+002  5.2000000e+000
  1.2975326e+002  5.2000000e+000
  1.2987789e+002  5.2000000e+000
  1.3000253e+002  5.2000000e+000
  1.3012716e+002  5.2000000e+000
  1.3025179e+002  5.2000000e+000
  1.3037642e+002  5.2000000e+000
  1.3050105e+002  5.2000000e+000
  1.3062568e+002  5.2000000e+000
  1.3075032e+002  5.2000000e+000
  1.3087495e+002  5.2000000e+000
  1.3099958e+002  5.2000000e+000
  1.3112421e+002  5.2000000e+000
  1.3124884e+002  5.2000000e+000
  1.3137347e+002  5.2000000e+000
  1.3149811e+002  5.2000000e+000
  1.3162274e+002  5.2000000e+000
  1.3174737e+002  5.2000000e+000
  1.3187200e+002  5.2000000e+000
  1.3199663e+002  5.2000000e+000
  1.3212126e+002  5.2000000e+000
  1.3224589e+002  5.2000000e+000
  1.3237053e+002  5.2000000e+000
  1.3249516e+002  5.2000000e+000
  1.3261979e+002  5.2000000e+000
  1.3274442e+002  5.2000000e+000
  1.3286905e+002  5.2000000e+000
  1.3299368e+002  5.2000000e+000
  1.3311832e+002  5.2000000e+000
  1.3324295e+002  5.2000000e+000
  1.3336758e+002  5.2000000e+000
  1.3349221e+002  5.2000000e+000
  1.3361684e+002  5.2000000e+000
  1.3374147e+002  5.2000000e+000
  1.3386611e+002  5.2000000e+000
  1.3399074e+002  5.2000000e+000
  1.3411537e+002  5.2000000e+000
  1.3424000e+002  5.2000000e+000
  1.3436463e+002  5.2000000e+000
  1.3448926e+002  5.2000000e+000
  1.3461389e+002  5.2000000e+000
  1.3473853e+002  5.2000000e+000
  1.3486316e+002  5.2000000e+000
  1.3498779e+002  5.2000000e+000
  1.3511242e+002  5.2000000e+000
  1.3523705e+002  5.2000000e+000
  1.3536168e+002  5.2000000e+000
  1.3548632e+002  5.2000000e+000
  1.3561095e+002  5.2000000e+000
  1.3573558e+002  5.2000000e+000
  1.3586021e+002  5.2000000e+000
  1.3598484e+002  5.2000000e+000
  1.3610947e+002  5.2000000e+000
  1.3623411e+002  5.2000000e+000
  1.3635874e+002  5.2000000e+000
  1.3648337e+002  5.2000000e+000
  1.3660800e+002  5.2000000e+000
  1.3673263e+002  5.2000000e+000
  1.3685726e+002  5.2000000e+000
  1.3698189e+002  5.2000000e+000
  1.3710653e+002  5.2000000e+000
  1.3723116e+002  5.2000000e+000
  1.3735579e+002  5.2000000e+000
  1.3748042e+002  5.2000000e+000
  1.3760505e+002  5.2000000e+000
  1.3772968e+002  5.2000000e+000
  1.3785432e+002  5.2000000e+000
  1.3797895e+002  5.2000000e+000
  1.3810358e+002  5.2000000e+000
  1.3822821e+002  5.2000000e+000
  1.3835284e+002  5.2000000e+000
  1.3847747e+002  5.2000000e+000
  1.3860211e+002  5.2000000e+000
  1.3872674e+002  5.2000000e+000
  1.3885137e+002  5.2000000e+000
  1.3897600e+002  5.2000000e+000
  1.3910063e+002  5.2000000e+000
  1.3922526e+002  5.2000000e+000
  1.3934989e+002  5.2000000e+000
  1.3947453e+002  5.2000000e+000
  1.3959916e+002  5.2000000e+000
  1.3972379e+002  5.2000000e+000
  1.3984842e+002  5.2000000e+000
  1.3997305e+002  5.2000000e+000
  1.4009768e+002  5.2000000e+000
  1.4022232e+002  5.2000000e+000
  1.4034695e+002  5.2000000e+000
  1.4047158e+002  5.2000000e+000
  1.4059621e+002  5.2000000e+000
  1.4072084e+002  5.2000000e+000
  1.4084547e+002  5.2000000e+000
  1.4097011e+002  5.2000000e+000
  1.4109474e+002  5.2000000e+000
  1.4121937e+002  5.2000000e+000
  1.4134400e+002  5.2000000e+000
  1.4146863e+002  5.2000000e+000
  1.4159326e+002  5.2000000e+000
  1.4171789e+002  5.2000000e+000
  1.4184253e+002  5.2000000e+000
  1.4196716e+002  5.2000000e+000
  1.4209179e+002  5.2000000e+000
  1.4221642e+002  5.2000000e+000
  1.4234105e+002  5.2000000e+000
  1.4246568e+002  5.2000000e+000
  1.4259032e+002  5.2000000e+000
  1.4271495e+002  5.2000000e+000
  1.4283958e+002  5.2000000e+000
  1.4296421e+002  5.2000000e+000
  1.4308884e+002  5.2000000e+000
  1.4321347e+002  5.2000000e+000
  1.4333811e+002  5.2000000e+000
  1.4346274e+002  5.2000000e+000
  1.4358737e+002  5.2000000e+000
  1.4371200e+002  5.2000000e+000
  1.4383663e+002  5.2000000e+000
  1.4396126e+002  5.2000000e+000
  1.4408589e+002  5.2000000e+000
  1.4421053e+002  5.2000000e+000
  1.4433516e+002  5.2000000e+000
  1.4445979e+002  5.2000000e+000
  1.4458442e+002  5.2000000e+000
  1.4470905e+002  5.2000000e+000
  1.4483368e+002  5.2000000e+000
  1.4495832e+002  5.2000000e+000
  1.4508295e+002  5.2000000e+000
  1.4520758e+002  5.2000000e+000
  1.4533221e+002  5.2000000e+000
  1.4545684e+002  5.2000000e+000
  1.4558147e+002  5.2000000e+000
  1.4570611e+002  5.2000000e+000
  1.4583074e+002  5.2000000e+000
  1.4595537e+002  5.2000000e+000
  1.4608000e+002  5.2000000e+000
  1.4620463e+002  5.2000000e+000
  1.4632926e+002  5.2000000e+000
  1.4645389e+002  5.2000000e+000
  1.4657853e+002  5.2000000e+000
  1.4670316e+002  5.2000000e+000
  1.4682779e+002  5.2000000e+000
  1.4695242e+002  5.2000000e+000
  1.4707705e+002  5.2000000e+000
  1.4720168e+002  5.2000000e+000
  1.4732632e+002  5.2000000e+000
  1.4745095e+002  5.2000000e+000
  1.4757558e+002  5.2000000e+000
  1.4770021e+002  5.2000000e+000
  1.4782484e+002  5.2000000e+000
  1.4794947e+002  5.2000000e+000
  1.4807411e+002  5.2000000e+000
  1.4819874e+002  5.2000000e+000
  1.4832337e+002  5.2000000e+000
  1.4844800e+002  5.2000000e+000
  1.4857263e+002  5.2000000e+000
  1.4869726e+002  5.2000000e+000
  1.4882189e+002  5.2000000e+000
  1.4894653e+002  5.2000000e+000
  1.4907116e+002  5.2000000e+000
  1.4919579e+002  5.2000000e+000
  1.4932042e+002  5.2000000e+000
  1.4944505e+002  5.2000000e+000
  1.4956968e+002  5.2000000e+000
  1.4969432e+002  5.2000000e+000
  1.4981895e+002  5.2000000e+000
  1.4994358e+002  5.2000000e+000
  1.5006821e+002  5.2000000e+000
  1.5019284e+002  5.2000000e+000
  1.5031747e+002  5.2000000e+000
  1.5044211e+002  5.2000000e+000
  1.5056674e+002  5.2000000e+000
  1.5069137e+002  5.2000000e+000
  1.5081600e+002  5.2000000e+000
  1.5094063e+002  5.2000000e+000
  1.5106526e+002  5.2000000e+000
  1.5118989e+002  5.2000000e+000
  1.5131453e+002  5.2000000e+000
  1.5143916e+002  5.2000000e+000
  1.5156379e+002  5.2000000e+000
  1.5168842e+002  5.2000000e+000
  1.5181305e+002  5.2000000e+000
  1.5193768e+002  5.2000000e+000
  1.5206232e+002  5.2000000e+000
  1.5218695e+002  5.2000000e+000
  1.5231158e+002  5.2000000e+000
  1.5243621e+002  5.2000000e+000
  1.5256084e+002  5.2000000e+000
  1.5268547e+002  5.2000000e+000
  1.5281011e+002  5.2000000e+000
  1.5293474e+002  5.2000000e+000
  1.5305937e+002  5.2000000e+000
  1.5318400e+002  5.2000000e+000
  1.5330863e+002  5.2000000e+000
  1.5343326e+002  5.2000000e+000
  1.5355789e+002  5.2000000e+000
  1.5368253e+002  5.2000000e+000
  1.5380716e+002  5.2000000e+000
  1.5393179e+002  5.2000000e+000
  1.5405642e+002  5.2000000e+000
  1.5418105e+002  5.2000000e+000
  1.5430568e+002  5.2000000e+000
  1.5443032e+002  5.2000000e+000
  1.5455495e+002  5.2000000e+000
  1.5467958e+002  5.2000000e+000
  1.5480421e+002  5.2000000e+000
  1.5492884e+002  5.2000000e+000
  1.5505347e+002  5.2000000e+000
  1.5517811e+002  5.2000000e+000
  1.5530274e+002  5.2000000e+000
  1.5542737e+002  5.2000000e+000
  1.5555200e+002  5.2000000e+000
  1.5567663e+002  5.2000000e+000
  1.5580126e+002  5.2000000e+000
  1.5592589e+002  5.2000000e+000
  1.5605053e+002  5.2000000e+000
  1.5617516e+002  5.2000000e+000
  1.5629979e+002  5.2000000e+000
  1.5642442e+002  5.2000000e+000
  1.5654905e+002  5.2000000e+000
  1.5667368e+002  5.2000000e+000
  1.5679832e+002  5.2000000e+000
  1.5692295e+002  5.2000000e+000
  1.5704758e+002  5.2000000e+000
  1.5717221e+002  5.2000000e+000
  1.5729684e+002  5.2000000e+000
  1.5742147e+002  5.2000000e+000
  1.5754611e+002  5.2000000e+000
  1.5767074e+002  5.2000000e+000
  1.5779537e+002  5.2000000e+000
  1.5792000e+002  5.2000000e+000
  1.5804463e+002  5.2000000e+000
  1.5816926e+002  5.2000000e+000
  1.5829389e+002  5.2000000e+000
  1.5841853e+002  5.2000000e+000
  1.5854316e+002  5.2000000e+000
  1.5866779e+002  5.2000000e+000
  1.5879242e+002  5.2000000e+000
  1.5891705e+002  5.2000000e+000
  1.5904168e+002  5.2000000e+000
  1.5916632e+002  5.2000000e+000
  1.5929095e+002  5.2000000e+000
  1.5941558e+002  5.2000000e+000
  1.5954021e+002  5.2000000e+000
  1.5966484e+002  5.2000000e+000
  1.5978947e+002  5.2000000e+000
  1.5991411e+002  5.2000000e+000
  1.6003874e+002  5.2000000e+000
  1.6016337e+002  5.2000000e+000
  1.6028800e+002  5.2000000e+000
  1.6041263e+002  5.2000000e+000
  1.6053726e+002  5.2000000e+000
  1.6066189e+002  5.2000000e+000
  1.6078653e+002  5.2000000e+000
  1.6091116e+002  5.2000000e+000
  1.6103579e+002  5.2000000e+000
  1.6116042e+002  5.2000000e+000
  1.6128505e+002  5.2000000e+000
  1.6140968e+002  5.2000000e+000
  1.6153432e+002  5.2000000e+000
  1.6165895e+002  5.2000000e+000
  1.6178358e+002  5.2000000e+000
  1.6190821e+002  5.2000000e+000
  1.6203284e+002  5.2000000e+000
  1.6215747e+002  5.2000000e+000
  1.6228211e+002  5.2000000e+000
  1.6240674e+002  5.2000000e+000
  1.6253137e+002  5.2000000e+000
  1.6265600e+002  5.2000000e+000
  1.6278063e+002  5.2000000e+000
  1.6290526e+002  5.2000000e+000
  1.6302989e+002  5.2000000e+000
  1.6315453e+002  5.2000000e+000
  1.6327916e+002  5.2000000e+000
  1.6340379e+002  5.2000000e+000
  1.6352842e+002  5.2000000e+000
  1.6365305e+002  5.2000000e+000
  1.6377768e+002  5.2000000e+000
  1.6390232e+002  5.2000000e+000
  1.6402695e+002  5.2000000e+000
  1.6415158e+002  5.2000000e+000
  1.6427621e+002  5.2000000e+000
  1.6440084e+002  5.2000000e+000
  1.6452547e+002  5.2000000e+000
  1.6465011e+002  5.2000000e+000
  1.6477474e+002  5.2000000e+000
  1.6489937e+002  5.2000000e+000
  1.6502400e+002  5.2000000e+000
  1.6514863e+002  5.2000000e+000
  1.6527326e+002  5.2000000e+000
  1.6539789e+002  5.2000000e+000
  1.6552253e+002  5.2000000e+000
  1.6564716e+002  5.2000000e+000
  1.6577179e+002  5.2000000e+000
  1.6589642e+002  5.2000000e+000
  1.6602105e+002  5.2000000e+000
  1.6614568e+002  5.2000000e+000
  1.6627032e+002  5.2000000e+000
  1.6639495e+002  5.2000000e+000
  1.6651958e+002  5.2000000e+000
  1.6664421e+002  5.2000000e+000
  1.6676884e+002  5.2000000e+000
  1.6689347e+002  5.2000000e+000
  1.6701811e+002  5.2000000e+000
  1.6714274e+002  5.2000000e+000
  1.6726737e+002  5.2000000e+000
  1.6739200e+002  5.2000000e+000
  1.6751663e+002  5.2000000e+000
  1.6764126e+002  5.2000000e+000
  1.6776589e+002  5.2000000e+000
  1.6789053e+002  5.2000000e+000
  1.6801516e+002  5.2000000e+000
  1.6813979e+002  5.2000000e+000
  1.6826442e+002  5.2000000e+000
  1.6838905e+002  5.2000000e+000
  1.6851368e+002  5.2000000e+000
  1.6863832e+002  5.2000000e+000
  1.6876295e+002  5.2000000e+000
  1.6888758e+002  5.2000000e+000
  1.6901221e+002  5.2000000e+000
  1.6913684e+002  5.2000000e+000
  1.6926147e+002  5.2000000e+000
  1.6938611e+002  5.2000000e+000
  1.6951074e+002  5.2000000e+000
  1.6963537e+002  5.2000000e+000
  1.6976000e+002  5.2000000e+000
  1.6988463e+002  5.2000000e+000
  1.7000926e+002  5.2000000e+000
  1.7013389e+002  5.2000000e+000
  1.7025853e+002  5.2000000e+000
  1.7038316e+002  5.2000000e+000
  1.7050779e+002  5.2000000e+000
  1.7063242e+002  5.2000000e+000
  1.7075705e+002  5.2000000e+000
  1.7088168e+002  5.2000000e+000
  1.7100632e+002  5.2000000e+000
  1.7113095e+002  5.2000000e+000
  1.7125558e+002  5.2000000e+000
  1.7138021e+002  5.2000000e+000
  1.7150484e+002  5.2000000e+000
  1.7162947e+002  5.2000000e+000
  1.7175411e+002  5.2000000e+000
  1.7187874e+002  5.2000000e+000
  1.7200337e+002  5.2000000e+000
  1.7212800e+002  5.2000000e+000
  1.7225263e+002  5.2000000e+000
  1.7237726e+002  5.2000000e+000
  1.7250189e+002  5.2000000e+000
  1.7262653e+002  5.2000000e+000
  1.7275116e+002  5.2000000e+000
  1.7287579e+002  5.2000000e+000
  1.7300042e+002  5.2000000e+000
  1.7312505e+002  5.2000000e+000
  1.7324968e+002  5.2000000e+000
  1.7337432e+002  5.2000000e+000
  1.7349895e+002  5.2000000e+000
  1.7362358e+002  5.2000000e+000
  1.7374821e+002  5.2000000e+000
  1.7387284e+002  5.2000000e+000
  1.7399747e+002  5.2000000e+000
  1.7412211e+002  5.2000000e+000
  1.7424674e+002  5.2000000e+000
  1.7437137e+002  5.2000000e+000
  1.7449600e+002  5.2000000e+000
  1.7462063e+002  5.2000000e+000
  1.7474526e+002  5.2000000e+000
  1.7486989e+002  5.2000000e+000
  1.7499453e+002  5.2000000e+000
  1.7511916e+002  5.2000000e+000
  1.7524379e+002  5.2000000e+000
  1.7536842e+002  5.2000000e+000
  1.7549305e+002  5.2000000e+000
  1.7561768e+002  5.2000000e+000
  1.7574232e+002  5.2000000e+000
  1.7586695e+002  5.2000000e+000
  1.7599158e+002  5.2000000e+000
  1.7611621e+002  5.2000000e+000
  1.7624084e+002  5.2000000e+000
  1.7636547e+002  5.2000000e+000
  1.7649011e+002  5.2000000e+000
  1.7661474e+002  5.2000000e+000
  1.7673937e+002  5.2000000e+000
  1.7686400e+002  5.2000000e+000
  1.7698863e+002  5.2000000e+000
  1.7711326e+002  5.2000000e+000
  1.7723789e+002  5.2000000e+000
  1.7736253e+002  5.2000000e+000
  1.7748716e+002  5.2000000e+000
  1.7761179e+002  5.2000000e+000
  1.7773642e+002  5.2000000e+000
  1.7786105e+002  5.2000000e+000
  1.7798568e+002  5.2000000e+000
  1.7811032e+002  5.2000000e+000
  1.7823495e+002  5.2000000e+000
  1.7835958e+002  5.2000000e+000
  1.7848421e+002  5.2000000e+000
  1.7860884e+002  5.2000000e+000
  1.7873347e+002  5.2000000e+000
  1.7885811e+002  5.2000000e+000
  1.7898274e+002  5.2000000e+000
  1.7910737e+002  5.2000000e+000
  1.7923200e+002  5.2000000e+000
  1.7935663e+002  5.2000000e+000
  1.7948126e+002  5.2000000e+000
  1.7960589e+002  5.2000000e+000
  1.7973053e+002  5.2000000e+000
  1.7985516e+002  5.2000000e+000
  1.7997979e+002  5.2000000e+000
  1.8010442e+002  5.2000000e+000
  1.8022905e+002  5.2000000e+000
  1.8035368e+002  5.2000000e+000
  1.8047832e+002  5.2000000e+000
  1.8060295e+002  5.2000000e+000
  1.8072758e+002  5.2000000e+000
  1.8085221e+002  5.2000000e+000
  1.8097684e+002  5.2000000e+000
  1.8110147e+002  5.2000000e+000
  1.8122611e+002  5.2000000e+000
  1.8135074e+002  5.2000000e+000
  1.8147537e+002  5.2000000e+000
  1.8160000e+002  5.2000000e+000
  1.8172463e+002  5.2000000e+000
  1.8184926e+002  5.2000000e+000
  1.8197389e+002  5.2000000e+000
  1.8209853e+002  5.2000000e+000
  1.8222316e+002  5.2000000e+000
  1.8234779e+002  5.2000000e+000
  1.8247242e+002  5.2000000e+000
  1.8259705e+002  5.2000000e+000
  1.8272168e+002  5.2000000e+000
  1.8284632e+002  5.2000000e+000
  1.8297095e+002  5.2000000e+000
  1.8309558e+002  5.2000000e+000
  1.8322021e+002  5.2000000e+000
  1.8334484e+002  5.2000000e+000
  1.8346947e+002  5.2000000e+000
  1.8359411e+002  5.2000000e+000
  1.8371874e+002  5.2000000e+000
  1.8384337e+002  5.2000000e+000
  1.8396800e+002  5.2000000e+000
  1.8409263e+002  5.2000000e+000
  1.8421726e+002  5.2000000e+000
  1.8434189e+002  5.2000000e+000
  1.8446653e+002  5.2000000e+000
  1.8459116e+002  5.2000000e+000
  1.8471579e+002  5.2000000e+000
  1.8484042e+002  5.2000000e+000
  1.8496505e+002  5.2000000e+000
  1.8508968e+002  5.2000000e+000
  1.8521432e+002  5.2000000e+000
  1.8533895e+002  5.2000000e+000
  1.8546358e+002  5.2000000e+000
  1.8558821e+002  5.2000000e+000
  1.8571284e+002  5.2000000e+000
  1.8583747e+002  5.2000000e+000
  1.8596211e+002  5.2000000e+000
  1.8608674e+002  5.2000000e+000
  1.8621137e+002  5.2000000e+000
  1.8633600e+002  5.2000000e+000
  1.8646063e+002  5.2000000e+000
  1.8658526e+002  5.2000000e+000
  1.8670989e+002  5.2000000e+000
  1.8683453e+002  5.2000000e+000
  1.8695916e+002  5.2000000e+000
  1.8708379e+002  5.2000000e+000
  1.8720842e+002  5.2000000e+000
  1.8733305e+002  5.2000000e+000
  1.8745768e+002  5.2000000e+000
  1.8758232e+002  5.2000000e+000
  1.8770695e+002  5.2000000e+000
  1.8783158e+002  5.2000000e+000
  1.8795621e+002  5.2000000e+000
  1.8808084e+002  5.2000000e+000
  1.8820547e+002  5.2000000e+000
  1.8833011e+002  5.2000000e+000
  1.8845474e+002  5.2000000e+000
  1.8857937e+002  5.2000000e+000
  1.8870400e+002  5.2000000e+000
  1.8882863e+002  5.2000000e+000
  1.8895326e+002  5.2000000e+000
  1.8907789e+002  5.2000000e+000
  1.8920253e+002  5.2000000e+000
  1.8932716e+002  5.2000000e+000
  1.8945179e+002  5.2000000e+000
  1.8957642e+002  5.2000000e+000
  1.8970105e+002  5.2000000e+000
  1.8982568e+002  5.2000000e+000
  1.8995032e+002  5.2000000e+000
  1.9007495e+002  5.2000000e+000
  1.9019958e+002  5.2000000e+000
  1.9032421e+002  5.2000000e+000
  1.9044884e+002  5.2000000e+000
  1.9057347e+002  5.2000000e+000
  1.9069811e+002  5.2000000e+000
  1.9082274e+002  5.2000000e+000
  1.9094737e+002  5.2000000e+000
  1.9107200e+002  5.2000000e+000
  1.9119663e+002  5.2000000e+000
  1.9132126e+002  5.2000000e+000
  1.9144589e+002  5.2000000e+000
  1.9157053e+002  5.2000000e+000
  1.9169516e+002  5.2000000e+000
  1.9181979e+002  5.2000000e+000
  1.9194442e+002  5.2000000e+000
  1.9206905e+002  5.2000000e+000
  1.9219368e+002  5.2000000e+000
  1.9231832e+002  5.2000000e+000
  1.9244295e+002  5.2000000e+000
  1.9256758e+002  5.2000000e+000
  1.9269221e+002  5.2000000e+000
  1.9281684e+002  5.2000000e+000
  1.9294147e+002  5.2000000e+000
  1.9306611e+002  5.2000000e+000
  1.9319074e+002  5.2000000e+000
  1.9331537e+002  5.2000000e+000
  1.9344000e+002  5.2000000e+000
  1.9356463e+002  5.2000000e+000
  1.9368926e+002  5.2000000e+000
  1.9381389e+002  5.2000000e+000
  1.9393853e+002  5.2000000e+000
  1.9406316e+002  5.2000000e+000
  1.9418779e+002  5.2000000e+000
  1.9431242e+002  5.2000000e+000
  1.9443705e+002  5.2000000e+000
  1.9456168e+002  5.2000000e+000
  1.9468632e+002  5.2000000e+000
  1.9481095e+002  5.2000000e+000
  1.9493558e+002  5.2000000e+000
  1.9506021e+002  5.2000000e+000
  1.9518484e+002  5.2000000e+000
  1.9530947e+002  5.2000000e+000
  1.9543411e+002  5.2000000e+000
  1.9555874e+002  5.2000000e+000
  1.9568337e+002  5.2000000e+000
  1.9580800e+002  5.2000000e+000
  1.9593263e+002  5.2000000e+000
  1.9605726e+002  5.2000000e+000
  1.9618189e+002  5.2000000e+000
  1.9630653e+002  5.2000000e+000
  1.9643116e+002  5.2000000e+000
  1.9655579e+002  5.2000000e+000
  1.9668042e+002  5.2000000e+000
  1.9680505e+002  5.2000000e+000
  1.9692968e+002  5.2000000e+000
  1.9705432e+002  5.2000000e+000
  1.9717895e+002  5.2000000e+000
  1.9730358e+002  5.2000000e+000
  1.9742821e+002  5.2000000e+000
  1.9755284e+002  5.2000000e+000
  1.9767747e+002  5.2000000e+000
  1.9780211e+002  5.2000000e+000
  1.9792674e+002  5.2000000e+000
  1.9805137e+002  5.2000000e+000
  1.9817600e+002  5.2000000e+000
  1.9830063e+002  5.2000000e+000
  1.9842526e+002  5.2000000e+000
  1.9854989e+002  5.2000000e+000
  1.9867453e+002  5.2000000e+000
  1.9879916e+002  5.2000000e+000
  1.9892379e+002  5.2000000e+000
  1.9904842e+002  5.2000000e+000
  1.9917305e+002  5.2000000e+000
  1.9929768e+002  5.2000000e+000
  1.9942232e+002  5.2000000e+000
  1.9954695e+002  5.2000000e+000
  1.9967158e+002  5.2000000e+000
  1.9979621e+002  5.2000000e+000
  1.9992084e+002  5.2000000e+000
  2.0004547e+002  5.2000000e+000
  2.0017011e+002  5.2000000e+000
  2.0029474e+002  5.2000000e+000
  2.0041937e+002  5.2000000e+000
  2.0054400e+002  5.2000000e+000
  2.0066863e+002  5.2000000e+000
  2.0079326e+002  5.2000000e+000
  2.0091789e+002  5.2000000e+000
  2.0104253e+002  5.2000000e+000
  2.0116716e+002  5.2000000e+000
  2.0129179e+002  5.2000000e+000
  2.0141642e+002  5.2000000e+000
  2.0154105e+002  5.2000000e+000
  2.0166568e+002  5.2000000e+000
  2.0179032e+002  5.2000000e+000
  2.0191495e+002  5.2000000e+000
  2.0203958e+002  5.2000000e+000
  2.0216421e+002  5.2000000e+000
  2.0228884e+002  5.2000000e+000
  2.0241347e+002  5.2000000e+000
  2.0253811e+002  5.2000000e+000
  2.0266274e+002  5.2000000e+000
  2.0278737e+002  5.2000000e+000
  2.0291200e+002  5.2000000e+000
  2.0303663e+002  5.2000000e+000
  2.0316126e+002  5.2000000e+000
  2.0328589e+002  5.2000000e+000
  2.0341053e+002  5.2000000e+000
  2.0353516e+002  5.2000000e+000
  2.0365979e+002  5.2000000e+000
  2.0378442e+002  5.2000000e+000
  2.0390905e+002  5.2000000e+000
  2.0403368e+002  5.2000000e+000
  2.0415832e+002  5.2000000e+000
  2.0428295e+002  5.2000000e+000
  2.0440758e+002  5.2000000e+000
  2.0453221e+002  5.2000000e+000
  2.0465684e+002  5.2000000e+000
  2.0478147e+002  5.2000000e+000
  2.0490611e+002  5.2000000e+000
  2.0503074e+002  5.2000000e+000
  2.0515537e+002  5.2000000e+000
  2.0528000e+002  5.2000000e+000
  2.0540463e+002  5.2000000e+000
  2.0552926e+002  5.2000000e+000
  2.0565389e+002  5.2000000e+000
  2.0577853e+002  5.2000000e+000
  2.0590316e+002  5.2000000e+000
  2.0602779e+002  5.2000000e+000
  2.0615242e+002  5.2000000e+000
  2.0627705e+002  5.2000000e+000
  2.0640168e+002  5.2000000e+000
  2.0652632e+002  5.2000000e+000
  2.0665095e+002  5.2000000e+000
  2.0677558e+002  5.2000000e+000
  2.0690021e+002  5.2000000e+000
  2.0702484e+002  5.2000000e+000
  2.0714947e+002  5.2000000e+000
  2.0727411e+002  5.2000000e+000
  2.0739874e+002  5.2000000e+000
  2.0752337e+002  5.2000000e+000
  2.0764800e+002  5.2000000e+000
  2.0777263e+002  5.2000000e+000
  2.0789726e+002  5.2000000e+000
  2.0802189e+002  5.2000000e+000
  2.0814653e+002  5.2000000e+000
  2.0827116e+002  5.2000000e+000
  2.0839579e+002  5.2000000e+000
  2.0852042e+002  5.2000000e+000
  2.0864505e+002  5.2000000e+000
  2.0876968e+002  5.2000000e+000
  2.0889432e+002  5.2000000e+000
  2.0901895e+002  5.2000000e+000
  2.0914358e+002  5.2000000e+000
  2.0926821e+002  5.2000000e+000
  2.0939284e+002  5.2000000e+000
  2.0951747e+002  5.2000000e+000
  2.0964211e+002  5.2000000e+000
  2.0976674e+002  5.2000000e+000
  2.0989137e+002  5.2000000e+000
  2.1001600e+002  5.2000000e+000
  2.1014063e+002  5.2000000e+000
  2.1026526e+002  5.2000000e+000
  2.1038989e+002  5.2000000e+000
  2.1051453e+002  5.2000000e+000
  2.1063916e+002  5.2000000e+000
  2.1076379e+002  5.2000000e+000
  2.1088842e+002  5.2000000e+000
  2.1101305e+002  5.2000000e+000
  2.1113768e+002  5.2000000e+000
  2.1126232e+002  5.2000000e+000
  2.1138695e+002  5.2000000e+000
  2.1151158e+002  5.2000000e+000
  2.1163621e+002  5.2000000e+000
  2.1176084e+002  5.2000000e+000
  2.1188547e+002  5.2000000e+000
  2.1201011e+002  5.2000000e+000
  2.1213474e+002  5.2000000e+000
  2.1225937e+002  5.2000000e+000
  2.1238400e+002  5.2000000e+000
  2.1250863e+002  5.2000000e+000
  2.1263326e+002  5.2000000e+000
  2.1275789e+002  5.2000000e+000
  2.1288253e+002  5.2000000e+000
  2.1300716e+002  5.2000000e+000
  2.1313179e+002  5.2000000e+000
  2.1325642e+002  5.2000000e+000
  2.1338105e+002  5.2000000e+000
  2.1350568e+002  5.2000000e+000
  2.1363032e+002  5.2000000e+000
  2.1375495e+002  5.2000000e+000
  2.1387958e+002  5.2000000e+000
  2.1400421e+002  5.2000000e+000
  2.1412884e+002  5.2000000e+000
  2.1425347e+002  5.2000000e+000
  2.1437811e+002  5.2000000e+000
  2.1450274e+002  5.2000000e+000
  2.1462737e+002  5.2000000e+000
  2.1475200e+002  5.2000000e+000
  2.1487663e+002  5.2000000e+000
  2.1500126e+002  5.2000000e+000
  2.1512589e+002  5.2000000e+000
  2.1525053e+002  5.2000000e+000
  2.1537516e+002  5.2000000e+000
  2.1549979e+002  5.2000000e+000
  2.1562442e+002  5.2000000e+000
  2.1574905e+002  5.2000000e+000
  2.1587368e+002  5.2000000e+000
  2.1599832e+002  5.2000000e+000
  2.1612295e+002  5.2000000e+000
  2.1624758e+002  5.2000000e+000
  2.1637221e+002  5.2000000e+000
  2.1649684e+002  5.2000000e+000
  2.1662147e+002  5.2000000e+000
  2.1674611e+002  5.2000000e+000
  2.1687074e+002  5.2000000e+000
  2.1699537e+002  5.2000000e+000
  2.1712000e+002  5.2000000e+000
  2.1724463e+002  5.2000000e+000
  2.1736926e+002  5.2000000e+000
  2.1749389e+002  5.2000000e+000
  2.1761853e+002  5.2000000e+000
  2.1774316e+002  5.2000000e+000
  2.1786779e+002  5.2000000e+000
  2.1799242e+002  5.2000000e+000
  2.1811705e+002  5.2000000e+000
  2.1824168e+002  5.2000000e+000
  2.1836632e+002  5.2000000e+000
  2.1849095e+002  5.2000000e+000
  2.1861558e+002  5.2000000e+000
  2.1874021e+002  5.2000000e+000
  2.1886484e+002  5.2000000e+000
  2.1898947e+002  5.2000000e+000
  2.1911411e+002  5.2000000e+000
  2.1923874e+002  5.2000000e+000
  2.1936337e+002  5.2000000e+000
  2.1948800e+002  5.2000000e+000
  2.1961263e+002  5.2000000e+000
  2.1973726e+002  5.2000000e+000
  2.1986189e+002  5.2000000e+000
  2.1998653e+002  5.2000000e+000
  2.2011116e+002  5.2000000e+000
  2.2023579e+002  5.2000000e+000
  2.2036042e+002  5.2000000e+000
  2.2048505e+002  5.2000000e+000
  2.2060968e+002  5.2000000e+000
  2.2073432e+002  5.2000000e+000
  2.2085895e+002  5.2000000e+000
  2.2098358e+002  5.2000000e+000
  2.2110821e+002  5.2000000e+000
  2.2123284e+002  5.2000000e+000
  2.2135747e+002  5.2000000e+000
  2.2148211e+002  5.2000000e+000
  2.2160674e+002  5.2000000e+000
  2.2173137e+002  5.2000000e+000
  2.2185600e+002  5.2000000e+000
  2.2198063e+002  5.2000000e+000
  2.2210526e+002  5.2000000e+000
  2.2222989e+002  5.2000000e+000
  2.2235453e+002  5.2000000e+000
  2.2247916e+002  5.2000000e+000
  2.2260379e+002  5.2000000e+000
  2.2272842e+002  5.2000000e+000
  2.2285305e+002  5.2000000e+000
  2.2297768e+002  5.2000000e+000
  2.2310232e+002  5.2000000e+000
  2.2322695e+002  5.2000000e+000
  2.2335158e+002  5.2000000e+000
  2.2347621e+002  5.2000000e+000
  2.2360084e+002  5.2000000e+000
  2.2372547e+002  5.2000000e+000
  2.2385011e+002  5.2000000e+000
  2.2397474e+002  5.2000000e+000
  2.2409937e+002  5.2000000e+000
  2.2422400e+002  5.2000000e+000
  2.2434863e+002  5.2000000e+000
  2.2447326e+002  5.2000000e+000
  2.2459789e+002  5.2000000e+000
  2.2472253e+002  5.2000000e+000
  2.2484716e+002  5.2000000e+000
  2.2497179e+002  5.2000000e+000
  2.2509642e+002  5.2000000e+000
  2.2522105e+002  5.2000000e+000
  2.2534568e+002  5.2000000e+000
  2.2547032e+002  5.2000000e+000
  2.2559495e+002  5.2000000e+000
  2.2571958e+002  5.2000000e+000
  2.2584421e+002  5.2000000e+000
  2.2596884e+002  5.2000000e+000
  2.2609347e+002  5.2000000e+000
  2.2621811e+002  5.2000000e+000
  2.2634274e+002  5.2000000e+000
  2.2646737e+002  5.2000000e+000
  2.2659200e+002  5.2000000e+000
  2.2671663e+002  5.2000000e+000
  2.2684126e+002  5.2000000e+000
  2.2696589e+002  5.2000000e+000
  2.2709053e+002  5.2000000e+000
  2.2721516e+002  5.2000000e+000
  2.2733979e+002  5.2000000e+000
  2.2746442e+002  5.2000000e+000
  2.2758905e+002  5.2000000e+000
  2.2771368e+002  5.2000000e+000
  2.2783832e+002  5.2000000e+000
  2.2796295e+002  5.2000000e+000
  2.2808758e+002  5.2000000e+000
  2.2821221e+002  5.2000000e+000
  2.2833684e+002  5.2000000e+000
  2.2846147e+002  5.2000000e+000
  2.2858611e+002  5.2000000e+000
  2.2871074e+002  5.2000000e+000
  2.2883537e+002  5.2000000e+000
  2.2896000e+002  5.2000000e+000
  2.2908463e+002  5.2000000e+000
  2.2920926e+002  5.2000000e+000
  2.2933389e+002  5.2000000e+000
  2.2945853e+002  5.2000000e+000
  2.2958316e+002  5.2000000e+000
  2.2970779e+002  5.2000000e+000
  2.2983242e+002  5.2000000e+000
  2.2995705e+002  5.2000000e+000
  2.3008168e+002  5.2000000e+000
  2.3020632e+002  5.2000000e+000
  2.3033095e+002  5.2000000e+000
  2.3045558e+002  5.2000000e+000
  2.3058021e+002  5.2000000e+000
  2.3070484e+002  5.2000000e+000
  2.3082947e+002  5.2000000e+000
  2.3095411e+002  5.2000000e+000
  2.3107874e+002  5.2000000e+000
  2.3120337e+002  5.2000000e+000
  2.3132800e+002  5.2000000e+000
  2.3145263e+002  5.2000000e+000
  2.3157726e+002  5.2000000e+000
  2.3170189e+002  5.2000000e+000
  2.3182653e+002  5.2000000e+000
  2.3195116e+002  5.2000000e+000
  2.3207579e+002  5.2000000e+000
  2.3220042e+002  5.2000000e+000
  2.3232505e+002  5.2000000e+000
  2.3244968e+002  5.2000000e+000
  2.3257432e+002  5.2000000e+000
  2.3269895e+002  5.2000000e+000
  2.3282358e+002  5.2000000e+000
  2.3294821e+002  5.2000000e+000
  2.3307284e+002  5.2000000e+000
  2.3319747e+002  5.2000000e+000
  2.3332211e+002  5.2000000e+000
  2.3344674e+002  5.2000000e+000
  2.3357137e+002  5.2000000e+000
  2.3369600e+002  5.2000000e+000
  2.3382063e+002  5.2000000e+000
  2.3394526e+002  5.2000000e+000
  2.3406989e+002  5.2000000e+000
  2.3419453e+002  5.2000000e+000
  2.3431916e+002  5.2000000e+000
  2.3444379e+002  5.2000000e+000
  2.3456842e+002  5.2000000e+000
  2.3469305e+002  5.2000000e+000
  2.3481768e+002  5.2000000e+000
  2.3494232e+002  5.2000000e+000
  2.3506695e+002  5.2000000e+000
  2.3519158e+002  5.2000000e+000
  2.3531621e+002  5.2000000e+000
  2.3544084e+002  5.2000000e+000
  2.3556547e+002  5.2000000e+000
  2.3569011e+002  5.2000000e+000
  2.3581474e+002  5.2000000e+000
  2.3593937e+002  5.2000000e+000
  2.3606400e+002  5.2000000e+000
  2.3618863e+002  5.2000000e+000
  2.3631326e+002  5.2000000e+000
  2.3643789e+002  5.2000000e+000
  2.3656253e+002  5.2000000e+000
  2.3668716e+002  5.2000000e+000
  2.3681179e+002  5.2000000e+000
  2.3693642e+002  5.2000000e+000
  2.3706105e+002  5.2000000e+000
  2.3718568e+002  5.2000000e+000
  2.3731032e+002  5.2000000e+000
  2.3743495e+002  5.2000000e+000
  2.3755958e+002  5.2000000e+000
  2.3768421e+002  5.2000000e+000
  2.3780884e+002  5.2000000e+000
  2.3793347e+002  5.2000000e+000
  2.3805811e+002  5.2000000e+000
  2.3818274e+002  5.2000000e+000
  2.3830737e+002  5.2000000e+000
  2.3843200e+002  5.2000000e+000
  2.3855663e+002  5.2000000e+000
  2.3868126e+002  5.2000000e+000
  2.3880589e+002  5.2000000e+000
  2.3893053e+002  5.2000000e+000
  2.3905516e+002  5.2000000e+000
  2.3917979e+002  5.2000000e+000
  2.3930442e+002  5.2000000e+000
  2.3942905e+002  5.2000000e+000
  2.3955368e+002  5.2000000e+000
  2.3967832e+002  5.2000000e+000
  2.3980295e+002  5.2000000e+000
  2.3992758e+002  5.2000000e+000
  2.4005221e+002  5.2000000e+000
  2.4017684e+002  5.2000000e+000
  2.4030147e+002  5.2000000e+000
  2.4042611e+002  5.2000000e+000
  2.4055074e+002  5.2000000e+000
  2.4067537e+002  5.2000000e+000
  2.4080000e+002  5.2000000e+000
  2.4092463e+002  5.2000000e+000
  2.4104926e+002  5.2000000e+000
  2.4117389e+002  5.2000000e+000
  2.4129853e+002  5.2000000e+000
  2.4142316e+002  5.2000000e+000
  2.4154779e+002  5.2000000e+000
  2.4167242e+002  5.2000000e+000
  2.4179705e+002  5.2000000e+000
  2.4192168e+002  5.2000000e+000
  2.4204632e+002  5.2000000e+000
  2.4217095e+002  5.2000000e+000
  2.4229558e+002  5.2000000e+000
  2.4242021e+002  5.2000000e+000
  2.4254484e+002  5.2000000e+000
  2.4266947e+002  5.2000000e+000
  2.4279411e+002  5.2000000e+000
  2.4291874e+002  5.2000000e+000
  2.4304337e+002  5.2000000e+000
  2.4316800e+002  5.2000000e+000
  2.4329263e+002  5.2000000e+000
  2.4341726e+002  5.2000000e+000
  2.4354189e+002  5.2000000e+000
  2.4366653e+002  5.2000000e+000
  2.4379116e+002  5.2000000e+000
  2.4391579e+002  5.2000000e+000
  2.4404042e+002  5.2000000e+000
  2.4416505e+002  5.2000000e+000
  2.4428968e+002  5.2000000e+000
  2.4441432e+002  5.2000000e+000
  2.4453895e+002  5.2000000e+000
  2.4466358e+002  5.2000000e+000
  2.4478821e+002  5.2000000e+000
  2.4491284e+002  5.2000000e+000
  2.4503747e+002  5.2000000e+000
  2.4516211e+002  5.2000000e+000
  2.4528674e+002  5.2000000e+000
  2.4541137e+002  5.2000000e+000
  2.4553600e+002  5.2000000e+000
  2.4566063e+002  5.2000000e+000
  2.4578526e+002  5.2000000e+000
  2.4590989e+002  5.2000000e+000
  2.4603453e+002  5.2000000e+000
  2.4615916e+002  5.2000000e+000
  2.4628379e+002  5.2000000e+000
  2.4640842e+002  5.2000000e+000
  2.4653305e+002  5.2000000e+000
  2.4665768e+002  5.2000000e+000
  2.4678232e+002  5.2000000e+000
  2.4690695e+002  5.2000000e+000
  2.4703158e+002  5.2000000e+000
  2.4715621e+002  5.2000000e+000
  2.4728084e+002  5.2000000e+000
  2.4740547e+002  5.2000000e+000
  2.4753011e+002  5.2000000e+000
  2.4765474e+002  5.2000000e+000
  2.4777937e+002  5.2000000e+000
  2.4790400e+002  5.2000000e+000
  2.4802863e+002  5.2000000e+000
  2.4815326e+002  5.2000000e+000
  2.4827789e+002  5.2000000e+000
  2.4840253e+002  5.2000000e+000
  2.4852716e+002  5.2000000e+000
  2.4865179e+002  5.2000000e+000
  2.4877642e+002  5.2000000e+000
  2.4890105e+002  5.2000000e+000
  2.4902568e+002  5.2000000e+000
  2.4915032e+002  5.2000000e+000
  2.4927495e+002  5.2000000e+000
  2.4939958e+002  5.2000000e+000
  2.4952421e+002  5.2000000e+000
  2.4964884e+002  5.2000000e+000
  2.4977347e+002  5.2000000e+000
  2.4989811e+002  5.2000000e+000
  2.5002274e+002  5.2000000e+000
  2.5014737e+002  5.2000000e+000
  2.5027200e+002  5.2000000e+000
  2.5039663e+002  5.2000000e+000
  2.5052126e+002  5.2000000e+000
  2.5064589e+002  5.2000000e+000
  2.5077053e+002  5.2000000e+000
  2.5089516e+002  5.2000000e+000
  2.5101979e+002  5.2000000e+000
  2.5114442e+002  5.2000000e+000
  2.5126905e+002  5.2000000e+000
  2.5139368e+002  5.2000000e+000
  2.5151832e+002  5.2000000e+000
  2.5164295e+002  5.2000000e+000
  2.5176758e+002  5.2000000e+000
  2.5189221e+002  5.2000000e+000
  2.5201684e+002  5.2000000e+000
  2.5214147e+002  5.2000000e+000
  2.5226611e+002  5.2000000e+000
  2.5239074e+002  5.2000000e+000
  2.5251537e+002  5.2000000e+000
  2.5264000e+002  5.2000000e+000
  2.5276463e+002  5.2000000e+000
  2.5288926e+002  5.2000000e+000
  2.5301389e+002  5.2000000e+000
  2.5313853e+002  5.2000000e+000
  2.5326316e+002  5.2000000e+000
  2.5338779e+002  5.2000000e+000
  2.5351242e+002  5.2000000e+000
  2.5363705e+002  5.2000000e+000
  2.5376168e+002  5.2000000e+000
  2.5388632e+002  5.2000000e+000
  2.5401095e+002  5.2000000e+000
  2.5413558e+002  5.2000000e+000
  2.5426021e+002  5.2000000e+000
  2.5438484e+002  5.2000000e+000
  2.5450947e+002  5.2000000e+000
  2.5463411e+002  5.2000000e+000
  2.5475874e+002  5.2000000e+000
  2.5488337e+002  5.2000000e+000
  2.5500800e+002  5.2000000e+000
  2.5513263e+002  5.2000000e+000
  2.5525726e+002  5.2000000e+000
  2.5538189e+002  5.2000000e+000
  2.5550653e+002  5.2000000e+000
  2.5563116e+002  5.2000000e+000
  2.5575579e+002  5.2000000e+000
  2.5588042e+002  5.2000000e+000
  2.5600505e+002  5.2000000e+000
  2.5612968e+002  5.2000000e+000
  2.5625432e+002  5.2000000e+000
  2.5637895e+002  5.2000000e+000
  2.5650358e+002  5.2000000e+000
  2.5662821e+002  5.2000000e+000
  2.5675284e+002  5.2000000e+000
  2.5687747e+002  5.2000000e+000
  2.5700211e+002  5.2000000e+000
  2.5712674e+002  5.2000000e+000
  2.5725137e+002  5.2000000e+000
  2.5737600e+002  5.2000000e+000
  2.5750063e+002  5.2000000e+000
  2.5762526e+002  5.2000000e+000
  2.5774989e+002  5.2000000e+000
  2.5787453e+002  5.2000000e+000
  2.5799916e+002  5.2000000e+000
  2.5812379e+002  5.2000000e+000
  2.5824842e+002  5.2000000e+000
  2.5837305e+002  5.2000000e+000
  2.5849768e+002  5.2000000e+000
  2.5862232e+002  5.2000000e+000
  2.5874695e+002  5.2000000e+000
  2.5887158e+002  5.2000000e+000
  2.5899621e+002  5.2000000e+000
  2.5912084e+002  5.2000000e+000
  2.5924547e+002  5.2000000e+000
  2.5937011e+002  5.2000000e+000
  2.5949474e+002  5.2000000e+000
  2.5961937e+002  5.2000000e+000
  2.5974400e+002  5.2000000e+000
  2.5986863e+002  5.2000000e+000
  2.5999326e+002  5.2000000e+000
  2.6011789e+002  5.2000000e+000
  2.6024253e+002  5.2000000e+000
  2.6036716e+002  5.2000000e+000
  2.6049179e+002  5.2000000e+000
  2.6061642e+002  5.2000000e+000
  2.6074105e+002  5.2000000e+000
  2.6086568e+002  5.2000000e+000
  2.6099032e+002  5.2000000e+000
  2.6111495e+002  5.2000000e+000
  2.6123958e+002  5.2000000e+000
  2.6136421e+002  5.2000000e+000
  2.6148884e+002  5.2000000e+000
  2.6161347e+002  5.2000000e+000
  2.6173811e+002  5.2000000e+000
  2.6186274e+002  5.2000000e+000
  2.6198737e+002  5.2000000e+000
  2.6211200e+002  5.2000000e+000
  2.6223663e+002  5.2000000e+000
  2.6236126e+002  5.2000000e+000
  2.6248589e+002  5.2000000e+000
  2.6261053e+002  5.2000000e+000
  2.6273516e+002  5.2000000e+000
  2.6285979e+002  5.2000000e+000
  2.6298442e+002  5.2000000e+000
  2.6310905e+002  5.2000000e+000
  2.6323368e+002  5.2000000e+000
  2.6335832e+002  5.2000000e+000
  2.6348295e+002  5.2000000e+000
  2.6360758e+002  5.2000000e+000
  2.6373221e+002  5.2000000e+000
  2.6385684e+002  5.2000000e+000
  2.6398147e+002  5.2000000e+000
  2.6410611e+002  5.2000000e+000
  2.6423074e+002  5.2000000e+000
  2.6435537e+002  5.2000000e+000
  2.6448000e+002  5.2000000e+000
  2.6460463e+002  5.2000000e+000
  2.6472926e+002  5.2000000e+000
  2.6485389e+002  5.2000000e+000
  2.6497853e+002  5.2000000e+000
  2.6510316e+002  5.2000000e+000
  2.6522779e+002  5.2000000e+000
  2.6535242e+002  5.2000000e+000
  2.6547705e+002  5.2000000e+000
  2.6560168e+002  5.2000000e+000
  2.6572632e+002  5.2000000e+000
  2.6585095e+002  5.2000000e+000
  2.6597558e+002  5.2000000e+000
  2.6610021e+002  5.2000000e+000
  2.6622484e+002  5.2000000e+000
  2.6634947e+002  5.2000000e+000
  2.6647411e+002  5.2000000e+000
  2.6659874e+002  5.2000000e+000
  2.6672337e+002  5.2000000e+000
  2.6684800e+002  5.2000000e+000
  2.6697263e+002  5.2000000e+000
  2.6709726e+002  5.2000000e+000
  2.6722189e+002  5.2000000e+000
  2.6734653e+002  5.2000000e+000
  2.6747116e+002  5.2000000e+000
  2.6759579e+002  5.2000000e+000
  2.6772042e+002  5.2000000e+000
  2.6784505e+002  5.2000000e+000
  2.6796968e+002  5.2000000e+000
  2.6809432e+002  5.2000000e+000
  2.6821895e+002  5.2000000e+000
  2.6834358e+002  5.2000000e+000
  2.6846821e+002  5.2000000e+000
  2.6859284e+002  5.2000000e+000
  2.6871747e+002  5.2000000e+000
  2.6884211e+002  5.2000000e+000
  2.6896674e+002  5.2000000e+000
  2.6909137e+002  5.2000000e+000
  2.6921600e+002  5.2000000e+000
  2.6934063e+002  5.2000000e+000
  2.6946526e+002  5.2000000e+000
  2.6958989e+002  5.2000000e+000
  2.6971453e+002  5.2000000e+000
  2.6983916e+002  5.2000000e+000
  2.6996379e+002  5.2000000e+000
  2.7008842e+002  5.2000000e+000
  2.7021305e+002  5.2000000e+000
  2.7033768e+002  5.2000000e+000
  2.7046232e+002  5.2000000e+000
  2.7058695e+002  5.2000000e+000
  2.7071158e+002  5.2000000e+000
  2.7083621e+002  5.2000000e+000
  2.7096084e+002  5.2000000e+000
  2.7108547e+002  5.2000000e+000
  2.7121011e+002  5.2000000e+000
  2.7133474e+002  5.2000000e+000
  2.7145937e+002  5.2000000e+000
  2.7158400e+002  5.2000000e+000
  2.7170863e+002  5.2000000e+000
  2.7183326e+002  5.2000000e+000
  2.7195789e+002  5.2000000e+000
  2.7208253e+002  5.2000000e+000
  2.7220716e+002  5.2000000e+000
  2.7233179e+002  5.2000000e+000
  2.7245642e+002  5.2000000e+000
  2.7258105e+002  5.2000000e+000
  2.7270568e+002  5.2000000e+000
  2.7283032e+002  5.2000000e+000
  2.7295495e+002  5.2000000e+000
  2.7307958e+002  5.2000000e+000
  2.7320421e+002  5.2000000e+000
  2.7332884e+002  5.2000000e+000
  2.7345347e+002  5.2000000e+000
  2.7357811e+002  5.2000000e+000
  2.7370274e+002  5.2000000e+000
  2.7382737e+002  5.2000000e+000
  2.7395200e+002  5.2000000e+000
  2.7407663e+002  5.2000000e+000
  2.7420126e+002  5.2000000e+000
  2.7432589e+002  5.2000000e+000
  2.7445053e+002  5.2000000e+000
  2.7457516e+002  5.2000000e+000
  2.7469979e+002  5.2000000e+000
  2.7482442e+002  5.2000000e+000
  2.7494905e+002  5.2000000e+000
  2.7507368e+002  5.2000000e+000
  2.7519832e+002  5.2000000e+000
  2.7532295e+002  5.2000000e+000
  2.7544758e+002  5.2000000e+000
  2.7557221e+002  5.2000000e+000
  2.7569684e+002  5.2000000e+000
  2.7582147e+002  5.2000000e+000
  2.7594611e+002  5.2000000e+000
  2.7607074e+002  5.2000000e+000
  2.7619537e+002  5.2000000e+000
  2.7632000e+002  5.2000000e+000
  2.7644463e+002  5.2000000e+000
  2.7656926e+002  5.2000000e+000
  2.7669389e+002  5.2000000e+000
  2.7681853e+002  5.2000000e+000
  2.7694316e+002  5.2000000e+000
  2.7706779e+002  5.2000000e+000
  2.7719242e+002  5.2000000e+000
  2.7731705e+002  5.2000000e+000
  2.7744168e+002  5.2000000e+000
  2.7756632e+002  5.2000000e+000
  2.7769095e+002  5.2000000e+000
  2.7781558e+002  5.2000000e+000
  2.7794021e+002  5.2000000e+000
  2.7806484e+002  5.2000000e+000
  2.7818947e+002  5.2000000e+000
  2.7831411e+002  5.2000000e+000
  2.7843874e+002  5.2000000e+000
  2.7856337e+002  5.2000000e+000
  2.7868800e+002  5.2000000e+000
  2.7881263e+002  5.2000000e+000
  2.7893726e+002  5.2000000e+000
  2.7906189e+002  5.2000000e+000
  2.7918653e+002  5.2000000e+000
  2.7931116e+002  5.2000000e+000
  2.7943579e+002  5.2000000e+000
  2.7956042e+002  5.2000000e+000
  2.7968505e+002  5.2000000e+000
  2.7980968e+002  5.2000000e+000
  2.7993432e+002  5.2000000e+000
  2.8005895e+002  5.2000000e+000
  2.8018358e+002  5.2000000e+000
  2.8030821e+002  5.2000000e+000
  2.8043284e+002  5.2000000e+000
  2.8055747e+002  5.2000000e+000
  2.8068211e+002  5.2000000e+000
  2.8080674e+002  5.2000000e+000
  2.8093137e+002  5.2000000e+000
  2.8105600e+002  5.2000000e+000
  2.8118063e+002  5.2000000e+000
  2.8130526e+002  5.2000000e+000
  2.8142989e+002  5.2000000e+000
  2.8155453e+002  5.2000000e+000
  2.8167916e+002  5.2000000e+000
  2.8180379e+002  5.2000000e+000
  2.8192842e+002  5.2000000e+000
  2.8205305e+002  5.2000000e+000
  2.8217768e+002  5.2000000e+000
  2.8230232e+002  5.2000000e+000
  2.8242695e+002  5.2000000e+000
  2.8255158e+002  5.2000000e+000
  2.8267621e+002  5.2000000e+000
  2.8280084e+002  5.2000000e+000
  2.8292547e+002  5.2000000e+000
  2.8305011e+002  5.2000000e+000
  2.8317474e+002  5.2000000e+000
  2.8329937e+002  5.2000000e+000
  2.8342400e+002  5.2000000e+000
  2.8354863e+002  5.2000000e+000
  2.8367326e+002  5.2000000e+000
  2.8379789e+002  5.2000000e+000
  2.8392253e+002  5.2000000e+000
  2.8404716e+002  5.2000000e+000
  2.8417179e+002  5.2000000e+000
  2.8429642e+002  5.2000000e+000
  2.8442105e+002  5.2000000e+000
  2.8454568e+002  5.2000000e+000
  2.8467032e+002  5.2000000e+000
  2.8479495e+002  5.2000000e+000
  2.8491958e+002  5.2000000e+000
  2.8504421e+002  5.2000000e+000
  2.8516884e+002  5.2000000e+000
  2.8529347e+002  5.2000000e+000
  2.8541811e+002  5.2000000e+000
  2.8554274e+002  5.2000000e+000
  2.8566737e+002  5.2000000e+000
  2.8579200e+002  5.2000000e+000
  2.8591663e+002  5.2000000e+000
  2.8604126e+002  5.2000000e+000
  2.8616589e+002  5.2000000e+000
  2.8629053e+002  5.2000000e+000
  2.8641516e+002  5.2000000e+000
  2.8653979e+002  5.2000000e+000
  2.8666442e+002  5.2000000e+000
  2.8678905e+002  5.2000000e+000
  2.8691368e+002  5.2000000e+000
  2.8703832e+002  5.2000000e+000
  2.8716295e+002  5.2000000e+000
  2.8728758e+002  5.2000000e+000
  2.8741221e+002  5.2000000e+000
  2.8753684e+002  5.2000000e+000
  2.8766147e+002  5.2000000e+000
  2.8778611e+002  5.2000000e+000
  2.8791074e+002  5.2000000e+000
  2.8803537e+002  5.2000000e+000
  2.8816000e+002  5.2000000e+000
  2.8828463e+002  5.2000000e+000
  2.8840926e+002  5.2000000e+000
  2.8853389e+002  5.2000000e+000
  2.8865853e+002  5.2000000e+000
  2.8878316e+002  5.2000000e+000
  2.8890779e+002  5.2000000e+000
  2.8903242e+002  5.2000000e+000
  2.8915705e+002  5.2000000e+000
  2.8928168e+002  5.2000000e+000
  2.8940632e+002  5.2000000e+000
  2.8953095e+002  5.2000000e+000
  2.8965558e+002  5.2000000e+000
  2.8978021e+002  5.2000000e+000
  2.8990484e+002  5.2000000e+000
  2.9002947e+002  5.2000000e+000
  2.9015411e+002  5.2000000e+000
  2.9027874e+002  5.2000000e+000
  2.9040337e+002  5.2000000e+000
  2.9052800e+002  5.2000000e+000
  2.9065263e+002  5.2000000e+000
  2.9077726e+002  5.2000000e+000
  2.9090189e+002  5.2000000e+000
  2.9102653e+002  5.2000000e+000
  2.9115116e+002  5.2000000e+000
  2.9127579e+002  5.2000000e+000
  2.9140042e+002  5.2000000e+000
  2.9152505e+002  5.2000000e+000
  2.9164968e+002  5.2000000e+000
  2.9177432e+002  5.2000000e+000
  2.9189895e+002  5.2000000e+000
  2.9202358e+002  5.2000000e+000
  2.9214821e+002  5.2000000e+000
  2.9227284e+002  5.2000000e+000
  2.9239747e+002  5.2000000e+000
  2.9252211e+002  5.2000000e+000
  2.9264674e+002  5.2000000e+000
  2.9277137e+002  5.2000000e+000
  2.9289600e+002  5.2000000e+000
  2.9302063e+002  5.2000000e+000
  2.9314526e+002  5.2000000e+000
  2.9326989e+002  5.2000000e+000
  2.9339453e+002  5.2000000e+000
  2.9351916e+002  5.2000000e+000
  2.9364379e+002  5.2000000e+000
  2.9376842e+002  5.2000000e+000
  2.9389305e+002  5.2000000e+000
  2.9401768e+002  5.2000000e+000
  2.9414232e+002  5.2000000e+000
  2.9426695e+002  5.2000000e+000
  2.9439158e+002  5.2000000e+000
  2.9451621e+002  5.2000000e+000
  2.9464084e+002  5.2000000e+000
  2.9476547e+002  5.2000000e+000
  2.9489011e+002  5.2000000e+000
  2.9501474e+002  5.2000000e+000
  2.9513937e+002  5.2000000e+000
  2.9526400e+002  5.2000000e+000
  2.9538863e+002  5.2000000e+000
  2.9551326e+002  5.2000000e+000
  2.9563789e+002  5.2000000e+000
  2.9576253e+002  5.2000000e+000
  2.9588716e+002  5.2000000e+000
  2.9601179e+002  5.2000000e+000
  2.9613642e+002  5.2000000e+000
  2.9626105e+002  5.2000000e+000
  2.9638568e+002  5.2000000e+000
  2.9651032e+002  5.2000000e+000
  2.9663495e+002  5.2000000e+000
  2.9675958e+002  5.2000000e+000
  2.9688421e+002  5.2000000e+000
  2.9700884e+002  5.2000000e+000
  2.9713347e+002  5.2000000e+000
  2.9725811e+002  5.2000000e+000
  2.9738274e+002  5.2000000e+000
  2.9750737e+002  5.2000000e+000
  2.9763200e+002  5.2000000e+000
  2.9775663e+002  5.2000000e+000
  2.9788126e+002  5.2000000e+000
  2.9800589e+002  5.2000000e+000
  2.9813053e+002  5.2000000e+000
  2.9825516e+002  5.2000000e+000
  2.9837979e+002  5.2000000e+000
  2.9850442e+002  5.2000000e+000
  2.9862905e+002  5.2000000e+000
  2.9875368e+002  5.2000000e+000
  2.9887832e+002  5.2000000e+000
  2.9900295e+002  5.2000000e+000
  2.9912758e+002  5.2000000e+000
  2.9925221e+002  5.2000000e+000
  2.9937684e+002  5.2000000e+000
  2.9950147e+002  5.2000000e+000
  2.9962611e+002  5.2000000e+000
  2.9975074e+002  5.2000000e+000
  2.9987537e+002  5.2000000e+000
  3.0000000e+002  5.2000000e+000
