  7.7360000e+001  1.1200000e+000
  7.8039900e+001  1.1217092e+000
  7.8719800e+001  1.1172411e+000
  7.9399701e+001  1.1116314e+000
  8.0079601e+001  1.1096551e+000
  8.0759501e+001  1.1104776e+000
  8.1439401e+001  1.1081176e+000
  8.2119302e+001  1.1023623e+000
  8.2799202e+001  1.0988181e+000
  8.3479102e+001  1.0991451e+000
  8.4159002e+001  1.1007885e+000
  8.4838903e+001  1.1011387e+000
  8.5518803e+001  1.0978652e+000
  8.6198703e+001  1.0922369e+000
  8.6878603e+001  1.0891218e+000
  8.7558504e+001  1.0895155e+000
  8.8238404e+001  1.0901131e+000
  8.8918304e+001  1.0898827e+000
  8.9598204e+001  1.0904160e+000
  9.0278105e+001  1.0909619e+000
  9.0958005e+001  1.0881126e+000
  9.1637905e+001  1.0824539e+000
  9.2317805e+001  1.0791268e+000
  9.2997706e+001  1.0794676e+000
  9.3677606e+001  1.0801210e+000
  9.4357506e+001  1.0798921e+000
  9.5037406e+001  1.0803791e+000
  9.5717307e+001  1.0809725e+000
  9.6397207e+001  1.0782744e+000
  9.7077107e+001  1.0726385e+000
  9.7757007e+001  1.0691295e+000
  9.8436908e+001  1.0693623e+000
  9.9116808e+001  1.0702327e+000
  9.9796708e+001  1.0701699e+000
  1.0047661e+002  1.0699393e+000
  1.0115651e+002  1.0699583e+000
  1.0183641e+002  1.0700085e+000
  1.0251631e+002  1.0699926e+000
  1.0319621e+002  1.0700251e+000
  1.0387611e+002  1.0700725e+000
  1.0455601e+002  1.0698957e+000
  1.0523591e+002  1.0697197e+000
  1.0591581e+002  1.0703924e+000
  1.0659571e+002  1.0710639e+000
  1.0727561e+002  1.0685386e+000
  1.0795551e+002  1.0629088e+000
  1.0863541e+002  1.0591822e+000
  1.0931531e+002  1.0592912e+000
  1.0999521e+002  1.0602121e+000
  1.1067511e+002  1.0601898e+000
  1.1135501e+002  1.0599429e+000
  1.1203491e+002  1.0599479e+000
  1.1271481e+002  1.0600148e+000
  1.1339471e+002  1.0600140e+000
  1.1407461e+002  1.0599960e+000
  1.1475451e+002  1.0599961e+000
  1.1543441e+002  1.0600011e+000
  1.1611431e+002  1.0600014e+000
  1.1679421e+002  1.0599993e+000
  1.1747411e+002  1.0599982e+000
  1.1815401e+002  1.0600016e+000
  1.1883392e+002  1.0600056e+000
  1.1951382e+002  1.0599942e+000
  1.2019372e+002  1.0599793e+000
  1.2087362e+002  1.0600205e+000
  1.2155352e+002  1.0600765e+000
  1.2223342e+002  1.0599236e+000
  1.2291332e+002  1.0597115e+000
  1.2359322e+002  1.0602688e+000
  1.2427312e+002  1.0610668e+000
  1.2495302e+002  1.0589759e+000
  1.2563292e+002  1.0534787e+000
  1.2631282e+002  1.0493683e+000
  1.2699272e+002  1.0492049e+000
  1.2767262e+002  1.0501699e+000
  1.2835252e+002  1.0502173e+000
  1.2903242e+002  1.0499567e+000
  1.2971232e+002  1.0499419e+000
  1.3039222e+002  1.0500116e+000
  1.3107212e+002  1.0500159e+000
  1.3175202e+002  1.0499970e+000
  1.3243192e+002  1.0499958e+000
  1.3311182e+002  1.0500008e+000
  1.3379172e+002  1.0500012e+000
  1.3447162e+002  1.0499998e+000
  1.3515152e+002  1.0499997e+000
  1.3583142e+002  1.0500001e+000
  1.3651132e+002  1.0500001e+000
  1.3719122e+002  1.0500000e+000
  1.3787112e+002  1.0500000e+000
  1.3855102e+002  1.0500000e+000
  1.3923092e+002  1.0500000e+000
  1.3991082e+002  1.0500000e+000
  1.4059072e+002  1.0500000e+000
  1.4127062e+002  1.0500000e+000
  1.4195052e+002  1.0500000e+000
  1.4263042e+002  1.0500000e+000
  1.4331032e+002  1.0500000e+000
  1.4399022e+002  1.0500000e+000
  1.4467012e+002  1.0500000e+000
  1.4535002e+002  1.0500000e+000
  1.4602993e+002  1.0500000e+000
  1.4670983e+002  1.0500000e+000
  1.4738973e+002  1.0500000e+000
  1.4806963e+002  1.0500000e+000
  1.4874953e+002  1.0500000e+000
  1.4942943e+002  1.0500000e+000
  1.5010933e+002  1.0500000e+000
  1.5078923e+002  1.0500000e+000
  1.5146913e+002  1.0500000e+000
  1.5214903e+002  1.0500000e+000
  1.5282893e+002  1.0500000e+000
  1.5350883e+002  1.0500000e+000
  1.5418873e+002  1.0500000e+000
  1.5486863e+002  1.0500000e+000
  1.5554853e+002  1.0500000e+000
  1.5622843e+002  1.0500000e+000
  1.5690833e+002  1.0500000e+000
  1.5758823e+002  1.0500000e+000
  1.5826813e+002  1.0500000e+000
  1.5894803e+002  1.0500000e+000
  1.5962793e+002  1.0500000e+000
  1.6030783e+002  1.0500000e+000
  1.6098773e+002  1.0500000e+000
  1.6166763e+002  1.0500000e+000
  1.6234753e+002  1.0500000e+000
  1.6302743e+002  1.0500000e+000
  1.6370733e+002  1.0500000e+000
  1.6438723e+002  1.0500000e+000
  1.6506713e+002  1.0500000e+000
  1.6574703e+002  1.0500000e+000
  1.6642693e+002  1.0500000e+000
  1.6710683e+002  1.0500000e+000
  1.6778673e+002  1.0499999e+000
  1.6846663e+002  1.0500000e+000
  1.6914653e+002  1.0500004e+000
  1.6982643e+002  1.0500000e+000
  1.7050633e+002  1.0499986e+000
  1.7118623e+002  1.0500000e+000
  1.7186613e+002  1.0500051e+000
  1.7254603e+002  1.0500001e+000
  1.7322594e+002  1.0499808e+000
  1.7390584e+002  1.0499988e+000
  1.7458574e+002  1.0500706e+000
  1.7526564e+002  1.0500047e+000
  1.7594554e+002  1.0497354e+000
  1.7662544e+002  1.0499705e+000
  1.7730534e+002  1.0509736e+000
  1.7798524e+002  1.0501107e+000
  1.7866514e+002  1.0452580e+000
  1.7934504e+002  1.0401684e+000
  1.8002494e+002  1.0389775e+000
  1.8070484e+002  1.0399545e+000
  1.8138474e+002  1.0402774e+000
  1.8206464e+002  1.0400159e+000
  1.8274454e+002  1.0399261e+000
  1.8342444e+002  1.0399957e+000
  1.8410434e+002  1.0400200e+000
  1.8478424e+002  1.0400014e+000
  1.8546414e+002  1.0399947e+000
  1.8614404e+002  1.0399996e+000
  1.8682394e+002  1.0400014e+000
  1.8750384e+002  1.0400001e+000
  1.8818374e+002  1.0399996e+000
  1.8886364e+002  1.0400000e+000
  1.8954354e+002  1.0400001e+000
  1.9022344e+002  1.0400000e+000
  1.9090334e+002  1.0400000e+000
  1.9158324e+002  1.0400000e+000
  1.9226314e+002  1.0400000e+000
  1.9294304e+002  1.0400000e+000
  1.9362294e+002  1.0400000e+000
  1.9430284e+002  1.0400000e+000
  1.9498274e+002  1.0400000e+000
  1.9566264e+002  1.0400000e+000
  1.9634254e+002  1.0400000e+000
  1.9702244e+002  1.0400000e+000
  1.9770234e+002  1.0400000e+000
  1.9838224e+002  1.0400000e+000
  1.9906214e+002  1.0400000e+000
  1.9974204e+002  1.0400000e+000
  2.0042195e+002  1.0400000e+000
  2.0110185e+002  1.0400000e+000
  2.0178175e+002  1.0400000e+000
  2.0246165e+002  1.0400000e+000
  2.0314155e+002  1.0400000e+000
  2.0382145e+002  1.0400000e+000
  2.0450135e+002  1.0400000e+000
  2.0518125e+002  1.0400000e+000
  2.0586115e+002  1.0400000e+000
  2.0654105e+002  1.0400000e+000
  2.0722095e+002  1.0400000e+000
  2.0790085e+002  1.0400000e+000
  2.0858075e+002  1.0400000e+000
  2.0926065e+002  1.0400000e+000
  2.0994055e+002  1.0400000e+000
  2.1062045e+002  1.0400000e+000
  2.1130035e+002  1.0400000e+000
  2.1198025e+002  1.0400000e+000
  2.1266015e+002  1.0400000e+000
  2.1334005e+002  1.0400000e+000
  2.1401995e+002  1.0400000e+000
  2.1469985e+002  1.0400000e+000
  2.1537975e+002  1.0400000e+000
  2.1605965e+002  1.0400000e+000
  2.1673955e+002  1.0400000e+000
  2.1741945e+002  1.0400000e+000
  2.1809935e+002  1.0400000e+000
  2.1877925e+002  1.0400000e+000
  2.1945915e+002  1.0400000e+000
  2.2013905e+002  1.0400000e+000
  2.2081895e+002  1.0400000e+000
  2.2149885e+002  1.0400000e+000
  2.2217875e+002  1.0400000e+000
  2.2285865e+002  1.0400000e+000
  2.2353855e+002  1.0400000e+000
  2.2421845e+002  1.0400000e+000
  2.2489835e+002  1.0400000e+000
  2.2557825e+002  1.0400000e+000
  2.2625815e+002  1.0400000e+000
  2.2693805e+002  1.0400000e+000
  2.2761796e+002  1.0400000e+000
  2.2829786e+002  1.0400000e+000
  2.2897776e+002  1.0400000e+000
  2.2965766e+002  1.0400000e+000
  2.3033756e+002  1.0400000e+000
  2.3101746e+002  1.0400000e+000
  2.3169736e+002  1.0400000e+000
  2.3237726e+002  1.0400000e+000
  2.3305716e+002  1.0400000e+000
  2.3373706e+002  1.0400000e+000
  2.3441696e+002  1.0400000e+000
  2.3509686e+002  1.0400000e+000
  2.3577676e+002  1.0400000e+000
  2.3645666e+002  1.0400000e+000
  2.3713656e+002  1.0400000e+000
  2.3781646e+002  1.0400000e+000
  2.3849636e+002  1.0400000e+000
  2.3917626e+002  1.0400000e+000
  2.3985616e+002  1.0400000e+000
  2.4053606e+002  1.0400000e+000
  2.4121596e+002  1.0400000e+000
  2.4189586e+002  1.0400000e+000
  2.4257576e+002  1.0400000e+000
  2.4325566e+002  1.0400000e+000
  2.4393556e+002  1.0400000e+000
  2.4461546e+002  1.0400000e+000
  2.4529536e+002  1.0400000e+000
  2.4597526e+002  1.0400000e+000
  2.4665516e+002  1.0400000e+000
  2.4733506e+002  1.0400000e+000
  2.4801496e+002  1.0400000e+000
  2.4869486e+002  1.0400000e+000
  2.4937476e+002  1.0400000e+000
  2.5005466e+002  1.0400000e+000
  2.5073456e+002  1.0400000e+000
  2.5141446e+002  1.0400000e+000
  2.5209436e+002  1.0400000e+000
  2.5277426e+002  1.0400000e+000
  2.5345416e+002  1.0400000e+000
  2.5413406e+002  1.0400000e+000
  2.5481397e+002  1.0400000e+000
  2.5549387e+002  1.0400000e+000
  2.5617377e+002  1.0400000e+000
  2.5685367e+002  1.0400000e+000
  2.5753357e+002  1.0400000e+000
  2.5821347e+002  1.0400000e+000
  2.5889337e+002  1.0400000e+000
  2.5957327e+002  1.0400000e+000
  2.6025317e+002  1.0400000e+000
  2.6093307e+002  1.0400000e+000
  2.6161297e+002  1.0400000e+000
  2.6229287e+002  1.0400000e+000
  2.6297277e+002  1.0400000e+000
  2.6365267e+002  1.0400000e+000
  2.6433257e+002  1.0400000e+000
  2.6501247e+002  1.0400000e+000
  2.6569237e+002  1.0400000e+000
  2.6637227e+002  1.0400000e+000
  2.6705217e+002  1.0400000e+000
  2.6773207e+002  1.0400000e+000
  2.6841197e+002  1.0400000e+000
  2.6909187e+002  1.0400000e+000
  2.6977177e+002  1.0400000e+000
  2.7045167e+002  1.0400000e+000
  2.7113157e+002  1.0400000e+000
  2.7181147e+002  1.0400000e+000
  2.7249137e+002  1.0400000e+000
  2.7317127e+002  1.0400000e+000
  2.7385117e+002  1.0400000e+000
  2.7453107e+002  1.0400000e+000
  2.7521097e+002  1.0400000e+000
  2.7589087e+002  1.0400000e+000
  2.7657077e+002  1.0400000e+000
  2.7725067e+002  1.0400000e+000
  2.7793057e+002  1.0400000e+000
  2.7861047e+002  1.0400000e+000
  2.7929037e+002  1.0400000e+000
  2.7997027e+002  1.0400000e+000
  2.8065017e+002  1.0400000e+000
  2.8133007e+002  1.0400000e+000
  2.8200998e+002  1.0400000e+000
  2.8268988e+002  1.0400000e+000
  2.8336978e+002  1.0400000e+000
  2.8404968e+002  1.0400000e+000
  2.8472958e+002  1.0400000e+000
  2.8540948e+002  1.0400000e+000
  2.8608938e+002  1.0400000e+000
  2.8676928e+002  1.0400000e+000
  2.8744918e+002  1.0400000e+000
  2.8812908e+002  1.0400000e+000
  2.8880898e+002  1.0400000e+000
  2.8948888e+002  1.0400000e+000
  2.9016878e+002  1.0400000e+000
  2.9084868e+002  1.0400000e+000
  2.9152858e+002  1.0400000e+000
  2.9220848e+002  1.0400000e+000
  2.9288838e+002  1.0400000e+000
  2.9356828e+002  1.0400000e+000
  2.9424818e+002  1.0400000e+000
  2.9492808e+002  1.0400000e+000
  2.9560798e+002  1.0400000e+000
  2.9628788e+002  1.0400000e+000
  2.9696778e+002  1.0400000e+000
  2.9764768e+002  1.0400000e+000
  2.9832758e+002  1.0400000e+000
  2.9900748e+002  1.0400000e+000
  2.9968738e+002  1.0400000e+000
  3.0036728e+002  1.0400000e+000
  3.0104718e+002  1.0400000e+000
  3.0172708e+002  1.0400000e+000
  3.0240698e+002  1.0400000e+000
  3.0308688e+002  1.0400000e+000
  3.0376678e+002  1.0400000e+000
  3.0444668e+002  1.0400000e+000
  3.0512658e+002  1.0400000e+000
  3.0580648e+002  1.0400000e+000
  3.0648638e+002  1.0400000e+000
  3.0716628e+002  1.0400000e+000
  3.0784618e+002  1.0400000e+000
  3.0852608e+002  1.0400000e+000
  3.0920599e+002  1.0400000e+000
  3.0988589e+002  1.0400000e+000
  3.1056579e+002  1.0400000e+000
  3.1124569e+002  1.0400000e+000
  3.1192559e+002  1.0400000e+000
  3.1260549e+002  1.0400000e+000
  3.1328539e+002  1.0400000e+000
  3.1396529e+002  1.0400000e+000
  3.1464519e+002  1.0400000e+000
  3.1532509e+002  1.0400000e+000
  3.1600499e+002  1.0400000e+000
  3.1668489e+002  1.0400000e+000
  3.1736479e+002  1.0400000e+000
  3.1804469e+002  1.0400000e+000
  3.1872459e+002  1.0400000e+000
  3.1940449e+002  1.0400000e+000
  3.2008439e+002  1.0400000e+000
  3.2076429e+002  1.0400000e+000
  3.2144419e+002  1.0400000e+000
  3.2212409e+002  1.0400000e+000
  3.2280399e+002  1.0400000e+000
  3.2348389e+002  1.0400000e+000
  3.2416379e+002  1.0400000e+000
  3.2484369e+002  1.0400000e+000
  3.2552359e+002  1.0400000e+000
  3.2620349e+002  1.0400000e+000
  3.2688339e+002  1.0400000e+000
  3.2756329e+002  1.0400000e+000
  3.2824319e+002  1.0400000e+000
  3.2892309e+002  1.0400000e+000
  3.2960299e+002  1.0400000e+000
  3.3028289e+002  1.0400000e+000
  3.3096279e+002  1.0400000e+000
  3.3164269e+002  1.0400000e+000
  3.3232259e+002  1.0400000e+000
  3.3300249e+002  1.0400000e+000
  3.3368239e+002  1.0400000e+000
  3.3436229e+002  1.0400000e+000
  3.3504219e+002  1.0400000e+000
  3.3572209e+002  1.0400000e+000
  3.3640200e+002  1.0400000e+000
  3.3708190e+002  1.0400000e+000
  3.3776180e+002  1.0400000e+000
  3.3844170e+002  1.0400000e+000
  3.3912160e+002  1.0400000e+000
  3.3980150e+002  1.0400000e+000
  3.4048140e+002  1.0400000e+000
  3.4116130e+002  1.0400000e+000
  3.4184120e+002  1.0400000e+000
  3.4252110e+002  1.0400000e+000
  3.4320100e+002  1.0400000e+000
  3.4388090e+002  1.0400000e+000
  3.4456080e+002  1.0400000e+000
  3.4524070e+002  1.0400000e+000
  3.4592060e+002  1.0400000e+000
  3.4660050e+002  1.0400000e+000
  3.4728040e+002  1.0400000e+000
  3.4796030e+002  1.0400000e+000
  3.4864020e+002  1.0400000e+000
  3.4932010e+002  1.0400000e+000
  3.5000000e+002  1.0400000e+000
