  4.0000000e+000  1.6000000e+000
  4.1246316e+000  1.6623271e+000
  4.2492632e+000  1.7246497e+000
  4.3738947e+000  1.7869684e+000
  4.4985263e+000  1.8492839e+000
  4.6231579e+000  1.9115968e+000
  4.7477895e+000  1.9739078e+000
  4.8724211e+000  2.0362174e+000
  4.9970526e+000  2.0985264e+000
  5.1216842e+000  2.1608355e+000
  5.2463158e+000  2.2231451e+000
  5.3709474e+000  2.2854560e+000
  5.4955789e+000  2.3477688e+000
  5.6202105e+000  2.4100841e+000
  5.7448421e+000  2.4724027e+000
  5.8694737e+000  2.5347251e+000
  5.9941053e+000  2.5970520e+000
  6.1187368e+000  2.6593835e+000
  6.2433684e+000  2.7217170e+000
  6.3680000e+000  2.7840494e+000
  6.4926316e+000  2.8463774e+000
  6.6172632e+000  2.9086979e+000
  6.7418947e+000  2.9710077e+000
  6.8665263e+000  3.0333037e+000
  6.9911579e+000  3.0955823e+000
  7.1157895e+000  3.1578426e+000
  7.2404211e+000  3.2200938e+000
  7.3650526e+000  3.2823479e+000
  7.4896842e+000  3.3446170e+000
  7.6143158e+000  3.4069136e+000
  7.7389474e+000  3.4692495e+000
  7.8635789e+000  3.5316368e+000
  7.9882105e+000  3.5940887e+000
  8.1128421e+000  3.6566096e+000
  8.2374737e+000  3.7191657e+000
  8.3621053e+000  3.7817125e+000
  8.4867368e+000  3.8442042e+000
  8.6113684e+000  3.9065948e+000
  8.7360000e+000  3.9688401e+000
  8.8606316e+000  4.0308948e+000
  8.9852632e+000  4.0927086e+000
  9.1098947e+000  4.1542636e+000
  9.2345263e+000  4.2156846e+000
  9.3591579e+000  4.2771355e+000
  9.4837895e+000  4.3387874e+000
  9.6084211e+000  4.4008122e+000
  9.7330526e+000  4.4633774e+000
  9.8576842e+000  4.5266519e+000
  9.9823158e+000  4.5908148e+000
  1.0106947e+001  4.6559950e+000
  1.0231579e+001  4.7220969e+000
  1.0356211e+001  4.7889621e+000
  1.0480842e+001  4.8564193e+000
  1.0605474e+001  4.9242954e+000
  1.0730105e+001  4.9924221e+000
  1.0854737e+001  5.0606308e+000
  1.0979368e+001  5.1287449e+000
  1.1104000e+001  5.1966187e+000
  1.1228632e+001  5.2642484e+000
  1.1353263e+001  5.3316711e+000
  1.1477895e+001  5.3989329e+000
  1.1602526e+001  5.4660819e+000
  1.1727158e+001  5.5331630e+000
  1.1851789e+001  5.6002207e+000
  1.1976421e+001  5.6673026e+000
  1.2101053e+001  5.7344481e+000
  1.2225684e+001  5.8016590e+000
  1.2350316e+001  5.8689256e+000
  1.2474947e+001  5.9362359e+000
  1.2599579e+001  6.0035770e+000
  1.2724211e+001  6.0709369e+000
  1.2848842e+001  6.1383035e+000
  1.2973474e+001  6.2056645e+000
  1.3098105e+001  6.2730095e+000
  1.3222737e+001  6.3403375e+000
  1.3347368e+001  6.4076504e+000
  1.3472000e+001  6.4749509e+000
  1.3596632e+001  6.5422422e+000
  1.3721263e+001  6.6095272e+000
  1.3845895e+001  6.6768085e+000
  1.3970526e+001  6.7440890e+000
  1.4095158e+001  6.8113714e+000
  1.4219789e+001  6.8786569e+000
  1.4344421e+001  6.9459464e+000
  1.4469053e+001  7.0132408e+000
  1.4593684e+001  7.0805413e+000
  1.4718316e+001  7.1478483e+000
  1.4842947e+001  7.2151627e+000
  1.4967579e+001  7.2824855e+000
  1.5092211e+001  7.3498169e+000
  1.5216842e+001  7.4171528e+000
  1.5341474e+001  7.4844875e+000
  1.5466105e+001  7.5518148e+000
  1.5590737e+001  7.6191283e+000
  1.5715368e+001  7.6864223e+000
  1.5840000e+001  7.7536909e+000
  1.5964632e+001  7.8209265e+000
  1.6089263e+001  7.8881252e+000
  1.6213895e+001  7.9553027e+000
  1.6338526e+001  8.0224806e+000
  1.6463158e+001  8.0896829e+000
  1.6587789e+001  8.1569338e+000
  1.6712421e+001  8.2242554e+000
  1.6837053e+001  8.2916709e+000
  1.6961684e+001  8.3592092e+000
  1.7086316e+001  8.4268857e+000
  1.7210947e+001  8.4946440e+000
  1.7335579e+001  8.5624050e+000
  1.7460211e+001  8.6300784e+000
  1.7584842e+001  8.6975726e+000
  1.7709474e+001  8.7648049e+000
  1.7834105e+001  8.8316902e+000
  1.7958737e+001  8.8981183e+000
  1.8083368e+001  8.9640296e+000
  1.8208000e+001  9.0296299e+000
  1.8332632e+001  9.0952111e+000
  1.8457263e+001  9.1611106e+000
  1.8581895e+001  9.2276712e+000
  1.8706526e+001  9.2952003e+000
  1.8831158e+001  9.3640157e+000
  1.8955789e+001  9.4345330e+000
  1.9080421e+001  9.5069838e+000
  1.9205053e+001  9.5806121e+000
  1.9329684e+001  9.6543387e+000
  1.9454316e+001  9.7269179e+000
  1.9578947e+001  9.7970727e+000
  1.9703579e+001  9.8636089e+000
  1.9828211e+001  9.9253206e+000
  1.9952842e+001  9.9808339e+000
  2.0077474e+001  1.0029056e+001
  2.0202105e+001  1.0070445e+001
  2.0326737e+001  1.0105973e+001
  2.0451368e+001  1.0136885e+001
  2.0576000e+001  1.0164483e+001
  2.0700632e+001  1.0189974e+001
  2.0825263e+001  1.0214561e+001
  2.0949895e+001  1.0239570e+001
  2.1074526e+001  1.0266158e+001
  2.1199158e+001  1.0294499e+001
  2.1323789e+001  1.0324441e+001
  2.1448421e+001  1.0355649e+001
  2.1573053e+001  1.0387747e+001
  2.1697684e+001  1.0420412e+001
  2.1822316e+001  1.0453328e+001
  2.1946947e+001  1.0486140e+001
  2.2071579e+001  1.0518534e+001
  2.2196211e+001  1.0550457e+001
  2.2320842e+001  1.0581951e+001
  2.2445474e+001  1.0613102e+001
  2.2570105e+001  1.0644012e+001
  2.2694737e+001  1.0674769e+001
  2.2819368e+001  1.0705456e+001
  2.2944000e+001  1.0736169e+001
  2.3068632e+001  1.0766994e+001
  2.3193263e+001  1.0797943e+001
  2.3317895e+001  1.0829008e+001
  2.3442526e+001  1.0860166e+001
  2.3567158e+001  1.0891389e+001
  2.3691789e+001  1.0922654e+001
  2.3816421e+001  1.0953938e+001
  2.3941053e+001  1.0985215e+001
  2.4065684e+001  1.1016463e+001
  2.4190316e+001  1.1047678e+001
  2.4314947e+001  1.1078861e+001
  2.4439579e+001  1.1110019e+001
  2.4564211e+001  1.1141160e+001
  2.4688842e+001  1.1172290e+001
  2.4813474e+001  1.1203414e+001
  2.4938105e+001  1.1234540e+001
  2.5062737e+001  1.1265673e+001
  2.5187368e+001  1.1296816e+001
  2.5312000e+001  1.1327967e+001
  2.5436632e+001  1.1359124e+001
  2.5561263e+001  1.1390287e+001
  2.5685895e+001  1.1421453e+001
  2.5810526e+001  1.1452619e+001
  2.5935158e+001  1.1483785e+001
  2.6059789e+001  1.1514950e+001
  2.6184421e+001  1.1546113e+001
  2.6309053e+001  1.1577272e+001
  2.6433684e+001  1.1608430e+001
  2.6558316e+001  1.1639586e+001
  2.6682947e+001  1.1670743e+001
  2.6807579e+001  1.1701898e+001
  2.6932211e+001  1.1733053e+001
  2.7056842e+001  1.1764210e+001
  2.7181474e+001  1.1795367e+001
  2.7306105e+001  1.1826524e+001
  2.7430737e+001  1.1857681e+001
  2.7555368e+001  1.1888840e+001
  2.7680000e+001  1.1919998e+001
  2.7804632e+001  1.1951157e+001
  2.7929263e+001  1.1982315e+001
  2.8053895e+001  1.2013473e+001
  2.8178526e+001  1.2044632e+001
  2.8303158e+001  1.2075790e+001
  2.8427789e+001  1.2106948e+001
  2.8552421e+001  1.2138106e+001
  2.8677053e+001  1.2169263e+001
  2.8801684e+001  1.2200421e+001
  2.8926316e+001  1.2231579e+001
  2.9050947e+001  1.2262737e+001
  2.9175579e+001  1.2293895e+001
  2.9300211e+001  1.2325053e+001
  2.9424842e+001  1.2356211e+001
  2.9549474e+001  1.2387368e+001
  2.9674105e+001  1.2418526e+001
  2.9798737e+001  1.2449684e+001
  2.9923368e+001  1.2480842e+001
  3.0048000e+001  1.2512000e+001
  3.0172632e+001  1.2543158e+001
  3.0297263e+001  1.2574316e+001
  3.0421895e+001  1.2605474e+001
  3.0546526e+001  1.2636631e+001
  3.0671158e+001  1.2667789e+001
  3.0795789e+001  1.2698947e+001
  3.0920421e+001  1.2730105e+001
  3.1045053e+001  1.2761263e+001
  3.1169684e+001  1.2792421e+001
  3.1294316e+001  1.2823579e+001
  3.1418947e+001  1.2854737e+001
  3.1543579e+001  1.2885894e+001
  3.1668211e+001  1.2917052e+001
  3.1792842e+001  1.2948210e+001
  3.1917474e+001  1.2979368e+001
  3.2042105e+001  1.3010526e+001
  3.2166737e+001  1.3041684e+001
  3.2291368e+001  1.3072842e+001
  3.2416000e+001  1.3103999e+001
  3.2540632e+001  1.3135157e+001
  3.2665263e+001  1.3166315e+001
  3.2789895e+001  1.3197473e+001
  3.2914526e+001  1.3228631e+001
  3.3039158e+001  1.3259789e+001
  3.3163789e+001  1.3290948e+001
  3.3288421e+001  1.3322106e+001
  3.3413053e+001  1.3353264e+001
  3.3537684e+001  1.3384422e+001
  3.3662316e+001  1.3415579e+001
  3.3786947e+001  1.3446737e+001
  3.3911579e+001  1.3477895e+001
  3.4036211e+001  1.3509053e+001
  3.4160842e+001  1.3540211e+001
  3.4285474e+001  1.3571369e+001
  3.4410105e+001  1.3602527e+001
  3.4534737e+001  1.3633684e+001
  3.4659368e+001  1.3664842e+001
  3.4784000e+001  1.3696000e+001
  3.4908632e+001  1.3727158e+001
  3.5033263e+001  1.3758316e+001
  3.5157895e+001  1.3789474e+001
  3.5282526e+001  1.3820632e+001
  3.5407158e+001  1.3851789e+001
  3.5531789e+001  1.3882947e+001
  3.5656421e+001  1.3914105e+001
  3.5781053e+001  1.3945263e+001
  3.5905684e+001  1.3976421e+001
  3.6030316e+001  1.4007579e+001
  3.6154947e+001  1.4038737e+001
  3.6279579e+001  1.4069895e+001
  3.6404211e+001  1.4101053e+001
  3.6528842e+001  1.4132211e+001
  3.6653474e+001  1.4163368e+001
  3.6778105e+001  1.4194526e+001
  3.6902737e+001  1.4225684e+001
  3.7027368e+001  1.4256842e+001
  3.7152000e+001  1.4288000e+001
  3.7276632e+001  1.4319158e+001
  3.7401263e+001  1.4350316e+001
  3.7525895e+001  1.4381473e+001
  3.7650526e+001  1.4412631e+001
  3.7775158e+001  1.4443789e+001
  3.7899789e+001  1.4474947e+001
  3.8024421e+001  1.4506105e+001
  3.8149053e+001  1.4537263e+001
  3.8273684e+001  1.4568421e+001
  3.8398316e+001  1.4599579e+001
  3.8522947e+001  1.4630736e+001
  3.8647579e+001  1.4661894e+001
  3.8772211e+001  1.4693052e+001
  3.8896842e+001  1.4724210e+001
  3.9021474e+001  1.4755368e+001
  3.9146105e+001  1.4786526e+001
  3.9270737e+001  1.4817684e+001
  3.9395368e+001  1.4848843e+001
  3.9520000e+001  1.4880001e+001
  3.9644632e+001  1.4911158e+001
  3.9769263e+001  1.4942316e+001
  3.9893895e+001  1.4973474e+001
  4.0018526e+001  1.5004632e+001
  4.0143158e+001  1.5035790e+001
  4.0267789e+001  1.5066948e+001
  4.0392421e+001  1.5098106e+001
  4.0517053e+001  1.5129263e+001
  4.0641684e+001  1.5160421e+001
  4.0766316e+001  1.5191579e+001
  4.0890947e+001  1.5222737e+001
  4.1015579e+001  1.5253895e+001
  4.1140211e+001  1.5285053e+001
  4.1264842e+001  1.5316211e+001
  4.1389474e+001  1.5347369e+001
  4.1514105e+001  1.5378527e+001
  4.1638737e+001  1.5409684e+001
  4.1763368e+001  1.5440842e+001
  4.1888000e+001  1.5472000e+001
  4.2012632e+001  1.5503158e+001
  4.2137263e+001  1.5534316e+001
  4.2261895e+001  1.5565474e+001
  4.2386526e+001  1.5596632e+001
  4.2511158e+001  1.5627789e+001
  4.2635789e+001  1.5658947e+001
  4.2760421e+001  1.5690105e+001
  4.2885053e+001  1.5721263e+001
  4.3009684e+001  1.5752421e+001
  4.3134316e+001  1.5783579e+001
  4.3258947e+001  1.5814737e+001
  4.3383579e+001  1.5845895e+001
  4.3508211e+001  1.5877053e+001
  4.3632842e+001  1.5908210e+001
  4.3757474e+001  1.5939368e+001
  4.3882105e+001  1.5970526e+001
  4.4006737e+001  1.6001684e+001
  4.4131368e+001  1.6032842e+001
  4.4256000e+001  1.6064000e+001
  4.4380632e+001  1.6095158e+001
  4.4505263e+001  1.6126316e+001
  4.4629895e+001  1.6157473e+001
  4.4754526e+001  1.6188631e+001
  4.4879158e+001  1.6219789e+001
  4.5003789e+001  1.6250947e+001
  4.5128421e+001  1.6282105e+001
  4.5253053e+001  1.6313263e+001
  4.5377684e+001  1.6344421e+001
  4.5502316e+001  1.6375578e+001
  4.5626947e+001  1.6406736e+001
  4.5751579e+001  1.6437895e+001
  4.5876211e+001  1.6469053e+001
  4.6000842e+001  1.6500211e+001
  4.6125474e+001  1.6531369e+001
  4.6250105e+001  1.6562527e+001
  4.6374737e+001  1.6593685e+001
  4.6499368e+001  1.6624843e+001
  4.6624000e+001  1.6656000e+001
  4.6748632e+001  1.6687158e+001
  4.6873263e+001  1.6718316e+001
  4.6997895e+001  1.6749474e+001
  4.7122526e+001  1.6780632e+001
  4.7247158e+001  1.6811790e+001
  4.7371789e+001  1.6842948e+001
  4.7496421e+001  1.6874106e+001
  4.7621053e+001  1.6905263e+001
  4.7745684e+001  1.6936421e+001
  4.7870316e+001  1.6967579e+001
  4.7994947e+001  1.6998737e+001
  4.8119579e+001  1.7029895e+001
  4.8244211e+001  1.7061053e+001
  4.8368842e+001  1.7092211e+001
  4.8493474e+001  1.7123368e+001
  4.8618105e+001  1.7154526e+001
  4.8742737e+001  1.7185684e+001
  4.8867368e+001  1.7216842e+001
  4.8992000e+001  1.7248000e+001
  4.9116632e+001  1.7279158e+001
  4.9241263e+001  1.7310316e+001
  4.9365895e+001  1.7341474e+001
  4.9490526e+001  1.7372632e+001
  4.9615158e+001  1.7403789e+001
  4.9739789e+001  1.7434947e+001
  4.9864421e+001  1.7466105e+001
  4.9989053e+001  1.7497263e+001
  5.0113684e+001  1.7528421e+001
  5.0238316e+001  1.7559579e+001
  5.0362947e+001  1.7590737e+001
  5.0487579e+001  1.7621894e+001
  5.0612211e+001  1.7653052e+001
  5.0736842e+001  1.7684210e+001
  5.0861474e+001  1.7715368e+001
  5.0986105e+001  1.7746526e+001
  5.1110737e+001  1.7777684e+001
  5.1235368e+001  1.7808842e+001
  5.1360000e+001  1.7840000e+001
  5.1484632e+001  1.7871158e+001
  5.1609263e+001  1.7902315e+001
  5.1733895e+001  1.7933473e+001
  5.1858526e+001  1.7964631e+001
  5.1983158e+001  1.7995789e+001
  5.2107789e+001  1.8026947e+001
  5.2232421e+001  1.8058105e+001
  5.2357053e+001  1.8089264e+001
  5.2481684e+001  1.8120422e+001
  5.2606316e+001  1.8151579e+001
  5.2730947e+001  1.8182737e+001
  5.2855579e+001  1.8213895e+001
  5.2980211e+001  1.8245053e+001
  5.3104842e+001  1.8276211e+001
  5.3229474e+001  1.8307369e+001
  5.3354105e+001  1.8338527e+001
  5.3478737e+001  1.8369684e+001
  5.3603368e+001  1.8400842e+001
  5.3728000e+001  1.8432000e+001
  5.3852632e+001  1.8463158e+001
  5.3977263e+001  1.8494316e+001
  5.4101895e+001  1.8525474e+001
  5.4226526e+001  1.8556632e+001
  5.4351158e+001  1.8587790e+001
  5.4475789e+001  1.8618948e+001
  5.4600421e+001  1.8650106e+001
  5.4725053e+001  1.8681263e+001
  5.4849684e+001  1.8712421e+001
  5.4974316e+001  1.8743579e+001
  5.5098947e+001  1.8774737e+001
  5.5223579e+001  1.8805895e+001
  5.5348211e+001  1.8837053e+001
  5.5472842e+001  1.8868211e+001
  5.5597474e+001  1.8899368e+001
  5.5722105e+001  1.8930526e+001
  5.5846737e+001  1.8961684e+001
  5.5971368e+001  1.8992842e+001
  5.6096000e+001  1.9024000e+001
  5.6220632e+001  1.9055158e+001
  5.6345263e+001  1.9086316e+001
  5.6469895e+001  1.9117473e+001
  5.6594526e+001  1.9148631e+001
  5.6719158e+001  1.9179789e+001
  5.6843789e+001  1.9210947e+001
  5.6968421e+001  1.9242105e+001
  5.7093053e+001  1.9273263e+001
  5.7217684e+001  1.9304421e+001
  5.7342316e+001  1.9335579e+001
  5.7466947e+001  1.9366737e+001
  5.7591579e+001  1.9397894e+001
  5.7716211e+001  1.9429052e+001
  5.7840842e+001  1.9460210e+001
  5.7965474e+001  1.9491368e+001
  5.8090105e+001  1.9522526e+001
  5.8214737e+001  1.9553684e+001
  5.8339368e+001  1.9584842e+001
  5.8464000e+001  1.9615999e+001
  5.8588632e+001  1.9647157e+001
  5.8713263e+001  1.9678316e+001
  5.8837895e+001  1.9709474e+001
  5.8962526e+001  1.9740632e+001
  5.9087158e+001  1.9771790e+001
  5.9211789e+001  1.9802948e+001
  5.9336421e+001  1.9834106e+001
  5.9461053e+001  1.9865264e+001
  5.9585684e+001  1.9896421e+001
  5.9710316e+001  1.9927579e+001
  5.9834947e+001  1.9958737e+001
  5.9959579e+001  1.9989895e+001
  6.0084211e+001  2.0021053e+001
  6.0208842e+001  2.0052211e+001
  6.0333474e+001  2.0083369e+001
  6.0458105e+001  2.0114527e+001
  6.0582737e+001  2.0145684e+001
  6.0707368e+001  2.0176842e+001
  6.0832000e+001  2.0208000e+001
  6.0956632e+001  2.0239158e+001
  6.1081263e+001  2.0270316e+001
  6.1205895e+001  2.0301474e+001
  6.1330526e+001  2.0332632e+001
  6.1455158e+001  2.0363789e+001
  6.1579789e+001  2.0394947e+001
  6.1704421e+001  2.0426105e+001
  6.1829053e+001  2.0457263e+001
  6.1953684e+001  2.0488421e+001
  6.2078316e+001  2.0519579e+001
  6.2202947e+001  2.0550737e+001
  6.2327579e+001  2.0581895e+001
  6.2452211e+001  2.0613053e+001
  6.2576842e+001  2.0644211e+001
  6.2701474e+001  2.0675368e+001
  6.2826105e+001  2.0706526e+001
  6.2950737e+001  2.0737684e+001
  6.3075368e+001  2.0768842e+001
  6.3200000e+001  2.0800000e+001
  6.3324632e+001  2.0831158e+001
  6.3449263e+001  2.0862316e+001
  6.3573895e+001  2.0893473e+001
  6.3698526e+001  2.0924631e+001
  6.3823158e+001  2.0955789e+001
  6.3947789e+001  2.0986947e+001
  6.4072421e+001  2.1018105e+001
  6.4197053e+001  2.1049263e+001
  6.4321684e+001  2.1080421e+001
  6.4446316e+001  2.1111578e+001
  6.4570947e+001  2.1142736e+001
  6.4695579e+001  2.1173894e+001
  6.4820211e+001  2.1205052e+001
  6.4944842e+001  2.1236210e+001
  6.5069474e+001  2.1267368e+001
  6.5194105e+001  2.1298526e+001
  6.5318737e+001  2.1329685e+001
  6.5443368e+001  2.1360843e+001
  6.5568000e+001  2.1392001e+001
  6.5692632e+001  2.1423158e+001
  6.5817263e+001  2.1454316e+001
  6.5941895e+001  2.1485474e+001
  6.6066526e+001  2.1516632e+001
  6.6191158e+001  2.1547790e+001
  6.6315789e+001  2.1578948e+001
  6.6440421e+001  2.1610106e+001
  6.6565053e+001  2.1641263e+001
  6.6689684e+001  2.1672421e+001
  6.6814316e+001  2.1703579e+001
  6.6938947e+001  2.1734737e+001
  6.7063579e+001  2.1765895e+001
  6.7188211e+001  2.1797053e+001
  6.7312842e+001  2.1828211e+001
  6.7437474e+001  2.1859369e+001
  6.7562105e+001  2.1890526e+001
  6.7686737e+001  2.1921684e+001
  6.7811368e+001  2.1952842e+001
  6.7936000e+001  2.1984000e+001
  6.8060632e+001  2.2015158e+001
  6.8185263e+001  2.2046316e+001
  6.8309895e+001  2.2077474e+001
  6.8434526e+001  2.2108632e+001
  6.8559158e+001  2.2139789e+001
  6.8683789e+001  2.2170947e+001
  6.8808421e+001  2.2202105e+001
  6.8933053e+001  2.2233263e+001
  6.9057684e+001  2.2264421e+001
  6.9182316e+001  2.2295579e+001
  6.9306947e+001  2.2326737e+001
  6.9431579e+001  2.2357894e+001
  6.9556211e+001  2.2389052e+001
  6.9680842e+001  2.2420210e+001
  6.9805474e+001  2.2451368e+001
  6.9930105e+001  2.2482526e+001
  7.0054737e+001  2.2513684e+001
  7.0179368e+001  2.2544842e+001
  7.0304000e+001  2.2576000e+001
  7.0428632e+001  2.2607158e+001
  7.0553263e+001  2.2638316e+001
  7.0677895e+001  2.2669473e+001
  7.0802526e+001  2.2700631e+001
  7.0927158e+001  2.2731789e+001
  7.1051789e+001  2.2762947e+001
  7.1176421e+001  2.2794105e+001
  7.1301053e+001  2.2825264e+001
  7.1425684e+001  2.2856422e+001
  7.1550316e+001  2.2887579e+001
  7.1674947e+001  2.2918737e+001
  7.1799579e+001  2.2949895e+001
  7.1924211e+001  2.2981053e+001
  7.2048842e+001  2.3012210e+001
  7.2173474e+001  2.3043368e+001
  7.2298105e+001  2.3074526e+001
  7.2422737e+001  2.3105684e+001
  7.2547368e+001  2.3136841e+001
  7.2672000e+001  2.3167999e+001
  7.2796632e+001  2.3199157e+001
  7.2921263e+001  2.3230315e+001
  7.3045895e+001  2.3261474e+001
  7.3170526e+001  2.3292632e+001
  7.3295158e+001  2.3323791e+001
  7.3419789e+001  2.3354951e+001
  7.3544421e+001  2.3386109e+001
  7.3669053e+001  2.3417268e+001
  7.3793684e+001  2.3448425e+001
  7.3918316e+001  2.3479581e+001
  7.4042947e+001  2.3510736e+001
  7.4167579e+001  2.3541890e+001
  7.4292211e+001  2.3573044e+001
  7.4416842e+001  2.3604199e+001
  7.4541474e+001  2.3635355e+001
  7.4666105e+001  2.3666512e+001
  7.4790737e+001  2.3697672e+001
  7.4915368e+001  2.3728836e+001
  7.5040000e+001  2.3760004e+001
  7.5164632e+001  2.3791175e+001
  7.5289263e+001  2.3822347e+001
  7.5413895e+001  2.3853517e+001
  7.5538526e+001  2.3884683e+001
  7.5663158e+001  2.3915843e+001
  7.5787789e+001  2.3946992e+001
  7.5912421e+001  2.3978128e+001
  7.6037053e+001  2.4009251e+001
  7.6161684e+001  2.4040360e+001
  7.6286316e+001  2.4071465e+001
  7.6410947e+001  2.4102576e+001
  7.6535579e+001  2.4133704e+001
  7.6660211e+001  2.4164855e+001
  7.6784842e+001  2.4196044e+001
  7.6909474e+001  2.4227281e+001
  7.7034105e+001  2.4258570e+001
  7.7158737e+001  2.4289907e+001
  7.7283368e+001  2.4321262e+001
  7.7408000e+001  2.4352596e+001
  7.7532632e+001  2.4383871e+001
  7.7657263e+001  2.4415053e+001
  7.7781895e+001  2.4446100e+001
  7.7906526e+001  2.4476967e+001
  7.8031158e+001  2.4507642e+001
  7.8155789e+001  2.4538135e+001
  7.8280421e+001  2.4568554e+001
  7.8405053e+001  2.4599052e+001
  7.8529684e+001  2.4629767e+001
  7.8654316e+001  2.4660824e+001
  7.8778947e+001  2.4692384e+001
  7.8903579e+001  2.4724606e+001
  7.9028211e+001  2.4757549e+001
  7.9152842e+001  2.4791177e+001
  7.9277474e+001  2.4825095e+001
  7.9402105e+001  2.4858732e+001
  7.9526737e+001  2.4891569e+001
  7.9651368e+001  2.4923116e+001
  7.9776000e+001  2.4952828e+001
  7.9900632e+001  2.4980152e+001
  8.0025263e+001  2.5004692e+001
  8.0149895e+001  2.5026195e+001
  8.0274526e+001  2.5044976e+001
  8.0399158e+001  2.5061638e+001
  8.0523789e+001  2.5076704e+001
  8.0648421e+001  2.5090662e+001
  8.0773053e+001  2.5104042e+001
  8.0897684e+001  2.5117384e+001
  8.1022316e+001  2.5131135e+001
  8.1146947e+001  2.5145648e+001
  8.1271579e+001  2.5160919e+001
  8.1396211e+001  2.5176757e+001
  8.1520842e+001  2.5193017e+001
  8.1645474e+001  2.5209578e+001
  8.1770105e+001  2.5226300e+001
  8.1894737e+001  2.5243036e+001
  8.2019368e+001  2.5259667e+001
  8.2144000e+001  2.5276097e+001
  8.2268632e+001  2.5292325e+001
  8.2393263e+001  2.5308402e+001
  8.2517895e+001  2.5324367e+001
  8.2642526e+001  2.5340252e+001
  8.2767158e+001  2.5356093e+001
  8.2891789e+001  2.5371930e+001
  8.3016421e+001  2.5387794e+001
  8.3141053e+001  2.5403712e+001
  8.3265684e+001  2.5419685e+001
  8.3390316e+001  2.5435697e+001
  8.3514947e+001  2.5451740e+001
  8.3639579e+001  2.5467806e+001
  8.3764211e+001  2.5483884e+001
  8.3888842e+001  2.5499964e+001
  8.4013474e+001  2.5516037e+001
  8.4138105e+001  2.5532096e+001
  8.4262737e+001  2.5548141e+001
  8.4387368e+001  2.5564176e+001
  8.4512000e+001  2.5580202e+001
  8.4636632e+001  2.5596220e+001
  8.4761263e+001  2.5612233e+001
  8.4885895e+001  2.5628243e+001
  8.5010526e+001  2.5644253e+001
  8.5135158e+001  2.5660263e+001
  8.5259789e+001  2.5676274e+001
  8.5384421e+001  2.5692287e+001
  8.5509053e+001  2.5708301e+001
  8.5633684e+001  2.5724317e+001
  8.5758316e+001  2.5740334e+001
  8.5882947e+001  2.5756353e+001
  8.6007579e+001  2.5772374e+001
  8.6132211e+001  2.5788397e+001
  8.6256842e+001  2.5804422e+001
  8.6381474e+001  2.5820448e+001
  8.6506105e+001  2.5836476e+001
  8.6630737e+001  2.5852505e+001
  8.6755368e+001  2.5868535e+001
  8.6880000e+001  2.5884565e+001
  8.7004632e+001  2.5900596e+001
  8.7129263e+001  2.5916627e+001
  8.7253895e+001  2.5932658e+001
  8.7378526e+001  2.5948689e+001
  8.7503158e+001  2.5964718e+001
  8.7627789e+001  2.5980746e+001
  8.7752421e+001  2.5996772e+001
  8.7877053e+001  2.6012795e+001
  8.8001684e+001  2.6028816e+001
  8.8126316e+001  2.6044834e+001
  8.8250947e+001  2.6060850e+001
  8.8375579e+001  2.6076864e+001
  8.8500211e+001  2.6092877e+001
  8.8624842e+001  2.6108890e+001
  8.8749474e+001  2.6124904e+001
  8.8874105e+001  2.6140919e+001
  8.8998737e+001  2.6156938e+001
  8.9123368e+001  2.6172959e+001
  8.9248000e+001  2.6188984e+001
  8.9372632e+001  2.6205010e+001
  8.9497263e+001  2.6221039e+001
  8.9621895e+001  2.6237069e+001
  8.9746526e+001  2.6253098e+001
  8.9871158e+001  2.6269128e+001
  8.9995789e+001  2.6285158e+001
  9.0120421e+001  2.6301187e+001
  9.0245053e+001  2.6317215e+001
  9.0369684e+001  2.6333242e+001
  9.0494316e+001  2.6349269e+001
  9.0618947e+001  2.6365296e+001
  9.0743579e+001  2.6381323e+001
  9.0868211e+001  2.6397351e+001
  9.0992842e+001  2.6413379e+001
  9.1117474e+001  2.6429409e+001
  9.1242105e+001  2.6445439e+001
  9.1366737e+001  2.6461470e+001
  9.1491368e+001  2.6477499e+001
  9.1616000e+001  2.6493528e+001
  9.1740632e+001  2.6509555e+001
  9.1865263e+001  2.6525579e+001
  9.1989895e+001  2.6541601e+001
  9.2114526e+001  2.6557620e+001
  9.2239158e+001  2.6573636e+001
  9.2363789e+001  2.6589650e+001
  9.2488421e+001  2.6605663e+001
  9.2613053e+001  2.6621676e+001
  9.2737684e+001  2.6637690e+001
  9.2862316e+001  2.6653705e+001
  9.2986947e+001  2.6669722e+001
  9.3111579e+001  2.6685742e+001
  9.3236211e+001  2.6701766e+001
  9.3360842e+001  2.6717792e+001
  9.3485474e+001  2.6733819e+001
  9.3610105e+001  2.6749848e+001
  9.3734737e+001  2.6765879e+001
  9.3859368e+001  2.6781910e+001
  9.3984000e+001  2.6797942e+001
  9.4108632e+001  2.6813974e+001
  9.4233263e+001  2.6830005e+001
  9.4357895e+001  2.6846036e+001
  9.4482526e+001  2.6862065e+001
  9.4607158e+001  2.6878094e+001
  9.4731789e+001  2.6894120e+001
  9.4856421e+001  2.6910144e+001
  9.4981053e+001  2.6926164e+001
  9.5105684e+001  2.6942182e+001
  9.5230316e+001  2.6958198e+001
  9.5354947e+001  2.6974212e+001
  9.5479579e+001  2.6990225e+001
  9.5604211e+001  2.7006238e+001
  9.5728842e+001  2.7022252e+001
  9.5853474e+001  2.7038268e+001
  9.5978105e+001  2.7054286e+001
  9.6102737e+001  2.7070307e+001
  9.6227368e+001  2.7086331e+001
  9.6352000e+001  2.7102357e+001
  9.6476632e+001  2.7118385e+001
  9.6601263e+001  2.7134415e+001
  9.6725895e+001  2.7150445e+001
  9.6850526e+001  2.7166475e+001
  9.6975158e+001  2.7182505e+001
  9.7099789e+001  2.7198534e+001
  9.7224421e+001  2.7214562e+001
  9.7349053e+001  2.7230589e+001
  9.7473684e+001  2.7246616e+001
  9.7598316e+001  2.7262643e+001
  9.7722947e+001  2.7278670e+001
  9.7847579e+001  2.7294698e+001
  9.7972211e+001  2.7310726e+001
  9.8096842e+001  2.7326755e+001
  9.8221474e+001  2.7342785e+001
  9.8346105e+001  2.7358816e+001
  9.8470737e+001  2.7374846e+001
  9.8595368e+001  2.7390875e+001
  9.8720000e+001  2.7406902e+001
  9.8844632e+001  2.7422926e+001
  9.8969263e+001  2.7438949e+001
  9.9093895e+001  2.7454968e+001
  9.9218526e+001  2.7470985e+001
  9.9343158e+001  2.7486999e+001
  9.9467789e+001  2.7503012e+001
  9.9592421e+001  2.7519025e+001
  9.9717053e+001  2.7535039e+001
  9.9841684e+001  2.7551054e+001
  9.9966316e+001  2.7567070e+001
  1.0009095e+002  2.7583090e+001
  1.0021558e+002  2.7599113e+001
  1.0034021e+002  2.7615138e+001
  1.0046484e+002  2.7631165e+001
  1.0058947e+002  2.7647194e+001
  1.0071411e+002  2.7663225e+001
  1.0083874e+002  2.7679257e+001
  1.0096337e+002  2.7695288e+001
  1.0108800e+002  2.7711320e+001
  1.0121263e+002  2.7727352e+001
  1.0133726e+002  2.7743383e+001
  1.0146189e+002  2.7759412e+001
  1.0158653e+002  2.7775440e+001
  1.0171116e+002  2.7791466e+001
  1.0183579e+002  2.7807491e+001
  1.0196042e+002  2.7823514e+001
  1.0208505e+002  2.7839532e+001
  1.0220968e+002  2.7855548e+001
  1.0233432e+002  2.7871562e+001
  1.0245895e+002  2.7887575e+001
  1.0258358e+002  2.7903587e+001
  1.0270821e+002  2.7919601e+001
  1.0283284e+002  2.7935617e+001
  1.0295747e+002  2.7951634e+001
  1.0308211e+002  2.7967654e+001
  1.0320674e+002  2.7983677e+001
  1.0333137e+002  2.7999704e+001
  1.0345600e+002  2.8015732e+001
  1.0358063e+002  2.8031762e+001
  1.0370526e+002  2.8047791e+001
  1.0382989e+002  2.8063822e+001
  1.0395453e+002  2.8079852e+001
  1.0407916e+002  2.8095881e+001
  1.0420379e+002  2.8111909e+001
  1.0432842e+002  2.8127936e+001
  1.0445305e+002  2.8143962e+001
  1.0457768e+002  2.8159989e+001
  1.0470232e+002  2.8176017e+001
  1.0482695e+002  2.8192045e+001
  1.0495158e+002  2.8208073e+001
  1.0507621e+002  2.8224102e+001
  1.0520084e+002  2.8240132e+001
  1.0532547e+002  2.8256162e+001
  1.0545011e+002  2.8272192e+001
  1.0557474e+002  2.8288221e+001
  1.0569937e+002  2.8304248e+001
  1.0582400e+002  2.8320273e+001
  1.0594863e+002  2.8336296e+001
  1.0607326e+002  2.8352316e+001
  1.0619789e+002  2.8368334e+001
  1.0632253e+002  2.8384348e+001
  1.0644716e+002  2.8400362e+001
  1.0657179e+002  2.8416375e+001
  1.0669642e+002  2.8432388e+001
  1.0682105e+002  2.8448402e+001
  1.0694568e+002  2.8464418e+001
  1.0707032e+002  2.8480438e+001
  1.0719495e+002  2.8496460e+001
  1.0731958e+002  2.8512485e+001
  1.0744421e+002  2.8528513e+001
  1.0756884e+002  2.8544541e+001
  1.0769347e+002  2.8560571e+001
  1.0781811e+002  2.8576602e+001
  1.0794274e+002  2.8592634e+001
  1.0806737e+002  2.8608666e+001
  1.0819200e+002  2.8624697e+001
  1.0831663e+002  2.8640729e+001
  1.0844126e+002  2.8656759e+001
  1.0856589e+002  2.8672787e+001
  1.0869053e+002  2.8688813e+001
  1.0881516e+002  2.8704838e+001
  1.0893979e+002  2.8720861e+001
  1.0906442e+002  2.8736881e+001
  1.0918905e+002  2.8752897e+001
  1.0931368e+002  2.8768911e+001
  1.0943832e+002  2.8784924e+001
  1.0956295e+002  2.8800937e+001
  1.0968758e+002  2.8816950e+001
  1.0981221e+002  2.8832965e+001
  1.0993684e+002  2.8848982e+001
  1.1006147e+002  2.8865002e+001
  1.1018611e+002  2.8881025e+001
  1.1031074e+002  2.8897051e+001
  1.1043537e+002  2.8913079e+001
  1.1056000e+002  2.8929108e+001
  1.1068463e+002  2.8945138e+001
  1.1080926e+002  2.8961168e+001
  1.1093389e+002  2.8977198e+001
  1.1105853e+002  2.8993226e+001
  1.1118316e+002  2.9009254e+001
  1.1130779e+002  2.9025282e+001
  1.1143242e+002  2.9041310e+001
  1.1155705e+002  2.9057337e+001
  1.1168168e+002  2.9073364e+001
  1.1180632e+002  2.9089392e+001
  1.1193095e+002  2.9105419e+001
  1.1205558e+002  2.9121448e+001
  1.1218021e+002  2.9137478e+001
  1.1230484e+002  2.9153508e+001
  1.1242947e+002  2.9169538e+001
  1.1255411e+002  2.9185567e+001
  1.1267874e+002  2.9201595e+001
  1.1280337e+002  2.9217621e+001
  1.1292800e+002  2.9233645e+001
  1.1305263e+002  2.9249666e+001
  1.1317726e+002  2.9265683e+001
  1.1330189e+002  2.9281697e+001
  1.1342653e+002  2.9297711e+001
  1.1355116e+002  2.9313724e+001
  1.1367579e+002  2.9329737e+001
  1.1380042e+002  2.9345751e+001
  1.1392505e+002  2.9361766e+001
  1.1404968e+002  2.9377786e+001
  1.1417432e+002  2.9393809e+001
  1.1429895e+002  2.9409833e+001
  1.1442358e+002  2.9425860e+001
  1.1454821e+002  2.9441888e+001
  1.1467284e+002  2.9457918e+001
  1.1479747e+002  2.9473949e+001
  1.1492211e+002  2.9489980e+001
  1.1504674e+002  2.9506011e+001
  1.1517137e+002  2.9522043e+001
  1.1529600e+002  2.9538074e+001
  1.1542063e+002  2.9554104e+001
  1.1554526e+002  2.9570133e+001
  1.1566989e+002  2.9586162e+001
  1.1579453e+002  2.9602187e+001
  1.1591916e+002  2.9618209e+001
  1.1604379e+002  2.9634228e+001
  1.1616842e+002  2.9650245e+001
  1.1629305e+002  2.9666259e+001
  1.1641768e+002  2.9682273e+001
  1.1654232e+002  2.9698285e+001
  1.1666695e+002  2.9714298e+001
  1.1679158e+002  2.9730313e+001
  1.1691621e+002  2.9746331e+001
  1.1704084e+002  2.9762351e+001
  1.1716547e+002  2.9778373e+001
  1.1729011e+002  2.9794398e+001
  1.1741474e+002  2.9810425e+001
  1.1753937e+002  2.9826454e+001
  1.1766400e+002  2.9842484e+001
  1.1778863e+002  2.9858514e+001
  1.1791326e+002  2.9874544e+001
  1.1803789e+002  2.9890574e+001
  1.1816253e+002  2.9906602e+001
  1.1828716e+002  2.9922630e+001
  1.1841179e+002  2.9938657e+001
  1.1853642e+002  2.9954684e+001
  1.1866105e+002  2.9970711e+001
  1.1878568e+002  2.9986738e+001
  1.1891032e+002  3.0002766e+001
  1.1903495e+002  3.0018795e+001
  1.1915958e+002  3.0034825e+001
  1.1928421e+002  3.0050854e+001
  1.1940884e+002  3.0066884e+001
  1.1953347e+002  3.0082914e+001
  1.1965811e+002  3.0098942e+001
  1.1978274e+002  3.0114969e+001
  1.1990737e+002  3.0130993e+001
  1.2003200e+002  3.0147013e+001
  1.2015663e+002  3.0163030e+001
  1.2028126e+002  3.0179046e+001
  1.2040589e+002  3.0195060e+001
  1.2053053e+002  3.0211073e+001
  1.2065516e+002  3.0227086e+001
  1.2077979e+002  3.0243100e+001
  1.2090442e+002  3.0259117e+001
  1.2102905e+002  3.0275135e+001
  1.2115368e+002  3.0291156e+001
  1.2127832e+002  3.0307180e+001
  1.2140295e+002  3.0323206e+001
  1.2152758e+002  3.0339234e+001
  1.2165221e+002  3.0355264e+001
  1.2177684e+002  3.0371294e+001
  1.2190147e+002  3.0387326e+001
  1.2202611e+002  3.0403358e+001
  1.2215074e+002  3.0419390e+001
  1.2227537e+002  3.0435421e+001
  1.2240000e+002  3.0451452e+001
  1.2252463e+002  3.0467481e+001
  1.2264926e+002  3.0483509e+001
  1.2277389e+002  3.0499534e+001
  1.2289853e+002  3.0515556e+001
  1.2302316e+002  3.0531576e+001
  1.2314779e+002  3.0547593e+001
  1.2327242e+002  3.0563608e+001
  1.2339705e+002  3.0579622e+001
  1.2352168e+002  3.0595635e+001
  1.2364632e+002  3.0611649e+001
  1.2377095e+002  3.0627663e+001
  1.2389558e+002  3.0643679e+001
  1.2402021e+002  3.0659698e+001
  1.2414484e+002  3.0675720e+001
  1.2426947e+002  3.0691745e+001
  1.2439411e+002  3.0707772e+001
  1.2451874e+002  3.0723801e+001
  1.2464337e+002  3.0739830e+001
  1.2476800e+002  3.0755860e+001
  1.2489263e+002  3.0771890e+001
  1.2501726e+002  3.0787919e+001
  1.2514189e+002  3.0803949e+001
  1.2526653e+002  3.0819977e+001
  1.2539116e+002  3.0836004e+001
  1.2551579e+002  3.0852030e+001
  1.2564042e+002  3.0868057e+001
  1.2576505e+002  3.0884084e+001
  1.2588968e+002  3.0900113e+001
  1.2601432e+002  3.0916141e+001
  1.2613895e+002  3.0932170e+001
  1.2626358e+002  3.0948201e+001
  1.2638821e+002  3.0964232e+001
  1.2651284e+002  3.0980261e+001
  1.2663747e+002  3.0996289e+001
  1.2676211e+002  3.1012316e+001
  1.2688674e+002  3.1028340e+001
  1.2701137e+002  3.1044362e+001
  1.2713600e+002  3.1060379e+001
  1.2726063e+002  3.1076395e+001
  1.2738526e+002  3.1092409e+001
  1.2750989e+002  3.1108422e+001
  1.2763453e+002  3.1124436e+001
  1.2775916e+002  3.1140450e+001
  1.2788379e+002  3.1156465e+001
  1.2800842e+002  3.1172483e+001
  1.2813305e+002  3.1188504e+001
  1.2825768e+002  3.1204527e+001
  1.2838232e+002  3.1220552e+001
  1.2850695e+002  3.1236580e+001
  1.2863158e+002  3.1252610e+001
  1.2875621e+002  3.1268641e+001
  1.2888084e+002  3.1284672e+001
  1.2900547e+002  3.1300704e+001
  1.2913011e+002  3.1316736e+001
  1.2925474e+002  3.1332768e+001
  1.2937937e+002  3.1348799e+001
  1.2950400e+002  3.1364828e+001
  1.2962863e+002  3.1380855e+001
  1.2975326e+002  3.1396881e+001
  1.2987789e+002  3.1412904e+001
  1.3000253e+002  3.1428924e+001
  1.3012716e+002  3.1444942e+001
  1.3025179e+002  3.1460958e+001
  1.3037642e+002  3.1476972e+001
  1.3050105e+002  3.1492985e+001
  1.3062568e+002  3.1508998e+001
  1.3075032e+002  3.1525012e+001
  1.3087495e+002  3.1541028e+001
  1.3099958e+002  3.1557046e+001
  1.3112421e+002  3.1573067e+001
  1.3124884e+002  3.1589092e+001
  1.3137347e+002  3.1605119e+001
  1.3149811e+002  3.1621147e+001
  1.3162274e+002  3.1637176e+001
  1.3174737e+002  3.1653206e+001
  1.3187200e+002  3.1669237e+001
  1.3199663e+002  3.1685267e+001
  1.3212126e+002  3.1701296e+001
  1.3224589e+002  3.1717323e+001
  1.3237053e+002  3.1733350e+001
  1.3249516e+002  3.1749377e+001
  1.3261979e+002  3.1765404e+001
  1.3274442e+002  3.1781431e+001
  1.3286905e+002  3.1797458e+001
  1.3299368e+002  3.1813487e+001
  1.3311832e+002  3.1829518e+001
  1.3324295e+002  3.1845548e+001
  1.3336758e+002  3.1861579e+001
  1.3349221e+002  3.1877608e+001
  1.3361684e+002  3.1893636e+001
  1.3374147e+002  3.1909663e+001
  1.3386611e+002  3.1925687e+001
  1.3399074e+002  3.1941709e+001
  1.3411537e+002  3.1957728e+001
  1.3424000e+002  3.1973744e+001
  1.3436463e+002  3.1989758e+001
  1.3448926e+002  3.2005771e+001
  1.3461389e+002  3.2021785e+001
  1.3473853e+002  3.2037799e+001
  1.3486316e+002  3.2053813e+001
  1.3498779e+002  3.2069831e+001
  1.3511242e+002  3.2085851e+001
  1.3523705e+002  3.2101874e+001
  1.3536168e+002  3.2117899e+001
  1.3548632e+002  3.2133927e+001
  1.3561095e+002  3.2149956e+001
  1.3573558e+002  3.2165987e+001
  1.3586021e+002  3.2182019e+001
  1.3598484e+002  3.2198051e+001
  1.3610947e+002  3.2214082e+001
  1.3623411e+002  3.2230113e+001
  1.3635874e+002  3.2246144e+001
  1.3648337e+002  3.2262174e+001
  1.3660800e+002  3.2278202e+001
  1.3673263e+002  3.2294228e+001
  1.3685726e+002  3.2310251e+001
  1.3698189e+002  3.2326272e+001
  1.3710653e+002  3.2342291e+001
  1.3723116e+002  3.2358307e+001
  1.3735579e+002  3.2374321e+001
  1.3748042e+002  3.2390334e+001
  1.3760505e+002  3.2406347e+001
  1.3772968e+002  3.2422361e+001
  1.3785432e+002  3.2438376e+001
  1.3797895e+002  3.2454394e+001
  1.3810358e+002  3.2470415e+001
  1.3822821e+002  3.2486439e+001
  1.3835284e+002  3.2502465e+001
  1.3847747e+002  3.2518493e+001
  1.3860211e+002  3.2534524e+001
  1.3872674e+002  3.2550554e+001
  1.3885137e+002  3.2566584e+001
  1.3897600e+002  3.2582614e+001
  1.3910063e+002  3.2598642e+001
  1.3922526e+002  3.2614670e+001
  1.3934989e+002  3.2630697e+001
  1.3947453e+002  3.2646724e+001
  1.3959916e+002  3.2662750e+001
  1.3972379e+002  3.2678778e+001
  1.3984842e+002  3.2694806e+001
  1.3997305e+002  3.2710835e+001
  1.4009768e+002  3.2726864e+001
  1.4022232e+002  3.2742894e+001
  1.4034695e+002  3.2758924e+001
  1.4047158e+002  3.2774954e+001
  1.4059621e+002  3.2790982e+001
  1.4072084e+002  3.2807010e+001
  1.4084547e+002  3.2823035e+001
  1.4097011e+002  3.2839057e+001
  1.4109474e+002  3.2855076e+001
  1.4121937e+002  3.2871093e+001
  1.4134400e+002  3.2887108e+001
  1.4146863e+002  3.2903121e+001
  1.4159326e+002  3.2919134e+001
  1.4171789e+002  3.2935147e+001
  1.4184253e+002  3.2951162e+001
  1.4196716e+002  3.2967179e+001
  1.4209179e+002  3.2983198e+001
  1.4221642e+002  3.2999220e+001
  1.4234105e+002  3.3015246e+001
  1.4246568e+002  3.3031273e+001
  1.4259032e+002  3.3047303e+001
  1.4271495e+002  3.3063333e+001
  1.4283958e+002  3.3079364e+001
  1.4296421e+002  3.3095396e+001
  1.4308884e+002  3.3111428e+001
  1.4321347e+002  3.3127460e+001
  1.4333811e+002  3.3143492e+001
  1.4346274e+002  3.3159521e+001
  1.4358737e+002  3.3175549e+001
  1.4371200e+002  3.3191576e+001
  1.4383663e+002  3.3207600e+001
  1.4396126e+002  3.3223622e+001
  1.4408589e+002  3.3239640e+001
  1.4421053e+002  3.3255655e+001
  1.4433516e+002  3.3271668e+001
  1.4445979e+002  3.3287679e+001
  1.4458442e+002  3.3303691e+001
  1.4470905e+002  3.3319705e+001
  1.4483368e+002  3.3335721e+001
  1.4495832e+002  3.3351741e+001
  1.4508295e+002  3.3367764e+001
  1.4520758e+002  3.3383792e+001
  1.4533221e+002  3.3399823e+001
  1.4545684e+002  3.3415854e+001
  1.4558147e+002  3.3431886e+001
  1.4570611e+002  3.3447915e+001
  1.4583074e+002  3.3463941e+001
  1.4595537e+002  3.3479963e+001
  1.4608000e+002  3.3495980e+001
  1.4620463e+002  3.3511993e+001
  1.4632926e+002  3.3528005e+001
  1.4645389e+002  3.3544020e+001
  1.4657853e+002  3.3560041e+001
  1.4670316e+002  3.3576070e+001
  1.4682779e+002  3.3592110e+001
  1.4695242e+002  3.3608167e+001
  1.4707705e+002  3.3624240e+001
  1.4720168e+002  3.3640325e+001
  1.4732632e+002  3.3656412e+001
  1.4745095e+002  3.3672489e+001
  1.4757558e+002  3.3688543e+001
  1.4770021e+002  3.3704565e+001
  1.4782484e+002  3.3720543e+001
  1.4794947e+002  3.3736460e+001
  1.4807411e+002  3.3752318e+001
  1.4819874e+002  3.3768132e+001
  1.4832337e+002  3.3783934e+001
  1.4844800e+002  3.3799772e+001
  1.4857263e+002  3.3815687e+001
  1.4869726e+002  3.3831714e+001
  1.4882189e+002  3.3847902e+001
  1.4894653e+002  3.3864307e+001
  1.4907116e+002  3.3880930e+001
  1.4919579e+002  3.3897708e+001
  1.4932042e+002  3.3914527e+001
  1.4944505e+002  3.3931214e+001
  1.4956968e+002  3.3947618e+001
  1.4969432e+002  3.3963597e+001
  1.4981895e+002  3.3978994e+001
  1.4994358e+002  3.3993628e+001
  1.5006821e+002  3.4007413e+001
  1.5019284e+002  3.4020358e+001
  1.5031747e+002  3.4032556e+001
  1.5044211e+002  3.4044185e+001
  1.5056674e+002  3.4055404e+001
  1.5069137e+002  3.4066353e+001
  1.5081600e+002  3.4077188e+001
  1.5094063e+002  3.4088076e+001
  1.5106526e+002  3.4099129e+001
  1.5118989e+002  3.4110401e+001
  1.5131453e+002  3.4121885e+001
  1.5143916e+002  3.4133526e+001
  1.5156379e+002  3.4145275e+001
  1.5168842e+002  3.4157097e+001
  1.5181305e+002  3.4168951e+001
  1.5193768e+002  3.4180791e+001
  1.5206232e+002  3.4192586e+001
  1.5218695e+002  3.4204320e+001
  1.5231158e+002  3.4215994e+001
  1.5243621e+002  3.4227624e+001
  1.5256084e+002  3.4239223e+001
  1.5268547e+002  3.4250800e+001
  1.5281011e+002  3.4262368e+001
  1.5293474e+002  3.4273938e+001
  1.5305937e+002  3.4285519e+001
  1.5318400e+002  3.4297117e+001
  1.5330863e+002  3.4308730e+001
  1.5343326e+002  3.4320356e+001
  1.5355789e+002  3.4331990e+001
  1.5368253e+002  3.4343631e+001
  1.5380716e+002  3.4355277e+001
  1.5393179e+002  3.4366924e+001
  1.5405642e+002  3.4378572e+001
  1.5418105e+002  3.4390219e+001
  1.5430568e+002  3.4401863e+001
  1.5443032e+002  3.4413506e+001
  1.5455495e+002  3.4425146e+001
  1.5467958e+002  3.4436785e+001
  1.5480421e+002  3.4448423e+001
  1.5492884e+002  3.4460058e+001
  1.5505347e+002  3.4471692e+001
  1.5517811e+002  3.4483323e+001
  1.5530274e+002  3.4494953e+001
  1.5542737e+002  3.4506582e+001
  1.5555200e+002  3.4518209e+001
  1.5567663e+002  3.4529836e+001
  1.5580126e+002  3.4541462e+001
  1.5592589e+002  3.4553088e+001
  1.5605053e+002  3.4564713e+001
  1.5617516e+002  3.4576338e+001
  1.5629979e+002  3.4587962e+001
  1.5642442e+002  3.4599588e+001
  1.5654905e+002  3.4611215e+001
  1.5667368e+002  3.4622843e+001
  1.5679832e+002  3.4634474e+001
  1.5692295e+002  3.4646106e+001
  1.5704758e+002  3.4657742e+001
  1.5717221e+002  3.4669380e+001
  1.5729684e+002  3.4681021e+001
  1.5742147e+002  3.4692664e+001
  1.5754611e+002  3.4704307e+001
  1.5767074e+002  3.4715950e+001
  1.5779537e+002  3.4727591e+001
  1.5792000e+002  3.4739230e+001
  1.5804463e+002  3.4750866e+001
  1.5816926e+002  3.4762501e+001
  1.5829389e+002  3.4774132e+001
  1.5841853e+002  3.4785761e+001
  1.5854316e+002  3.4797388e+001
  1.5866779e+002  3.4809014e+001
  1.5879242e+002  3.4820640e+001
  1.5891705e+002  3.4832264e+001
  1.5904168e+002  3.4843888e+001
  1.5916632e+002  3.4855512e+001
  1.5929095e+002  3.4867137e+001
  1.5941558e+002  3.4878762e+001
  1.5954021e+002  3.4890389e+001
  1.5966484e+002  3.4902018e+001
  1.5978947e+002  3.4913648e+001
  1.5991411e+002  3.4925281e+001
  1.6003874e+002  3.4936917e+001
  1.6016337e+002  3.4948556e+001
  1.6028800e+002  3.4960197e+001
  1.6041263e+002  3.4971839e+001
  1.6053726e+002  3.4983482e+001
  1.6066189e+002  3.4995124e+001
  1.6078653e+002  3.5006765e+001
  1.6091116e+002  3.5018404e+001
  1.6103579e+002  3.5030042e+001
  1.6116042e+002  3.5041676e+001
  1.6128505e+002  3.5053306e+001
  1.6140968e+002  3.5064936e+001
  1.6153432e+002  3.5076564e+001
  1.6165895e+002  3.5088190e+001
  1.6178358e+002  3.5099815e+001
  1.6190821e+002  3.5111439e+001
  1.6203284e+002  3.5123063e+001
  1.6215747e+002  3.5134687e+001
  1.6228211e+002  3.5146312e+001
  1.6240674e+002  3.5157937e+001
  1.6253137e+002  3.5169563e+001
  1.6265600e+002  3.5181192e+001
  1.6278063e+002  3.5192823e+001
  1.6290526e+002  3.5204456e+001
  1.6302989e+002  3.5216092e+001
  1.6315453e+002  3.5227731e+001
  1.6327916e+002  3.5239371e+001
  1.6340379e+002  3.5251013e+001
  1.6352842e+002  3.5262655e+001
  1.6365305e+002  3.5274297e+001
  1.6377768e+002  3.5285939e+001
  1.6390232e+002  3.5297579e+001
  1.6402695e+002  3.5309216e+001
  1.6415158e+002  3.5320850e+001
  1.6427621e+002  3.5332482e+001
  1.6440084e+002  3.5344112e+001
  1.6452547e+002  3.5355739e+001
  1.6465011e+002  3.5367365e+001
  1.6477474e+002  3.5378990e+001
  1.6489937e+002  3.5390615e+001
  1.6502400e+002  3.5402239e+001
  1.6514863e+002  3.5413863e+001
  1.6527326e+002  3.5425487e+001
  1.6539789e+002  3.5437113e+001
  1.6552253e+002  3.5448740e+001
  1.6564716e+002  3.5460368e+001
  1.6577179e+002  3.5471998e+001
  1.6589642e+002  3.5483630e+001
  1.6602105e+002  3.5495265e+001
  1.6614568e+002  3.5506904e+001
  1.6627032e+002  3.5518544e+001
  1.6639495e+002  3.5530186e+001
  1.6651958e+002  3.5541829e+001
  1.6664421e+002  3.5553471e+001
  1.6676884e+002  3.5565113e+001
  1.6689347e+002  3.5576753e+001
  1.6701811e+002  3.5588391e+001
  1.6714274e+002  3.5600025e+001
  1.6726737e+002  3.5611657e+001
  1.6739200e+002  3.5623286e+001
  1.6751663e+002  3.5634914e+001
  1.6764126e+002  3.5646540e+001
  1.6776589e+002  3.5658165e+001
  1.6789053e+002  3.5669789e+001
  1.6801516e+002  3.5681413e+001
  1.6813979e+002  3.5693037e+001
  1.6826442e+002  3.5704662e+001
  1.6838905e+002  3.5716288e+001
  1.6851368e+002  3.5727914e+001
  1.6863832e+002  3.5739542e+001
  1.6876295e+002  3.5751173e+001
  1.6888758e+002  3.5762805e+001
  1.6901221e+002  3.5774440e+001
  1.6913684e+002  3.5786078e+001
  1.6926147e+002  3.5797718e+001
  1.6938611e+002  3.5809360e+001
  1.6951074e+002  3.5821003e+001
  1.6963537e+002  3.5832646e+001
  1.6976000e+002  3.5844288e+001
  1.6988463e+002  3.5855928e+001
  1.7000926e+002  3.5867565e+001
  1.7013389e+002  3.5879200e+001
  1.7025853e+002  3.5890832e+001
  1.7038316e+002  3.5902461e+001
  1.7050779e+002  3.5914089e+001
  1.7063242e+002  3.5925715e+001
  1.7075705e+002  3.5937340e+001
  1.7088168e+002  3.5948964e+001
  1.7100632e+002  3.5960589e+001
  1.7113095e+002  3.5972213e+001
  1.7125558e+002  3.5983838e+001
  1.7138021e+002  3.5995463e+001
  1.7150484e+002  3.6007089e+001
  1.7162947e+002  3.6018717e+001
  1.7175411e+002  3.6030347e+001
  1.7187874e+002  3.6041979e+001
  1.7200337e+002  3.6053614e+001
  1.7212800e+002  3.6065252e+001
  1.7225263e+002  3.6076893e+001
  1.7237726e+002  3.6088535e+001
  1.7250189e+002  3.6100178e+001
  1.7262653e+002  3.6111820e+001
  1.7275116e+002  3.6123461e+001
  1.7287579e+002  3.6135101e+001
  1.7300042e+002  3.6146739e+001
  1.7312505e+002  3.6158374e+001
  1.7324968e+002  3.6170006e+001
  1.7337432e+002  3.6181636e+001
  1.7349895e+002  3.6193264e+001
  1.7362358e+002  3.6204890e+001
  1.7374821e+002  3.6216516e+001
  1.7387284e+002  3.6228141e+001
  1.7399747e+002  3.6239765e+001
  1.7412211e+002  3.6251389e+001
  1.7424674e+002  3.6263013e+001
  1.7437137e+002  3.6274638e+001
  1.7449600e+002  3.6286265e+001
  1.7462063e+002  3.6297892e+001
  1.7474526e+002  3.6309521e+001
  1.7486989e+002  3.6321153e+001
  1.7499453e+002  3.6332789e+001
  1.7511916e+002  3.6344427e+001
  1.7524379e+002  3.6356067e+001
  1.7536842e+002  3.6367709e+001
  1.7549305e+002  3.6379351e+001
  1.7561768e+002  3.6390993e+001
  1.7574232e+002  3.6402635e+001
  1.7586695e+002  3.6414275e+001
  1.7599158e+002  3.6425914e+001
  1.7611621e+002  3.6437549e+001
  1.7624084e+002  3.6449181e+001
  1.7636547e+002  3.6460811e+001
  1.7649011e+002  3.6472440e+001
  1.7661474e+002  3.6484067e+001
  1.7673937e+002  3.6495692e+001
  1.7686400e+002  3.6507316e+001
  1.7698863e+002  3.6518940e+001
  1.7711326e+002  3.6530564e+001
  1.7723789e+002  3.6542188e+001
  1.7736253e+002  3.6553813e+001
  1.7748716e+002  3.6565439e+001
  1.7761179e+002  3.6577067e+001
  1.7773642e+002  3.6588697e+001
  1.7786105e+002  3.6600329e+001
  1.7798568e+002  3.6611964e+001
  1.7811032e+002  3.6623601e+001
  1.7823495e+002  3.6635241e+001
  1.7835958e+002  3.6646882e+001
  1.7848421e+002  3.6658525e+001
  1.7860884e+002  3.6670167e+001
  1.7873347e+002  3.6681809e+001
  1.7885811e+002  3.6693450e+001
  1.7898274e+002  3.6705089e+001
  1.7910737e+002  3.6716724e+001
  1.7923200e+002  3.6728356e+001
  1.7935663e+002  3.6739986e+001
  1.7948126e+002  3.6751614e+001
  1.7960589e+002  3.6763241e+001
  1.7973053e+002  3.6774867e+001
  1.7985516e+002  3.6786491e+001
  1.7997979e+002  3.6798115e+001
  1.8010442e+002  3.6809739e+001
  1.8022905e+002  3.6821363e+001
  1.8035368e+002  3.6832988e+001
  1.8047832e+002  3.6844615e+001
  1.8060295e+002  3.6856243e+001
  1.8072758e+002  3.6867872e+001
  1.8085221e+002  3.6879503e+001
  1.8097684e+002  3.6891138e+001
  1.8110147e+002  3.6902775e+001
  1.8122611e+002  3.6914415e+001
  1.8135074e+002  3.6926056e+001
  1.8147537e+002  3.6937699e+001
  1.8160000e+002  3.6949342e+001
  1.8172463e+002  3.6960984e+001
  1.8184926e+002  3.6972625e+001
  1.8197389e+002  3.6984263e+001
  1.8209853e+002  3.6995898e+001
  1.8222316e+002  3.7007531e+001
  1.8234779e+002  3.7019161e+001
  1.8247242e+002  3.7030790e+001
  1.8259705e+002  3.7042416e+001
  1.8272168e+002  3.7054042e+001
  1.8284632e+002  3.7065666e+001
  1.8297095e+002  3.7077290e+001
  1.8309558e+002  3.7088914e+001
  1.8322021e+002  3.7100539e+001
  1.8334484e+002  3.7112164e+001
  1.8346947e+002  3.7123790e+001
  1.8359411e+002  3.7135417e+001
  1.8371874e+002  3.7147046e+001
  1.8384337e+002  3.7158678e+001
  1.8396800e+002  3.7170312e+001
  1.8409263e+002  3.7181949e+001
  1.8421726e+002  3.7193589e+001
  1.8434189e+002  3.7205231e+001
  1.8446653e+002  3.7216873e+001
  1.8459116e+002  3.7228516e+001
  1.8471579e+002  3.7240158e+001
  1.8484042e+002  3.7251799e+001
  1.8496505e+002  3.7263437e+001
  1.8508968e+002  3.7275073e+001
  1.8521432e+002  3.7286705e+001
  1.8533895e+002  3.7298336e+001
  1.8546358e+002  3.7309965e+001
  1.8558821e+002  3.7321591e+001
  1.8571284e+002  3.7333216e+001
  1.8583747e+002  3.7344841e+001
  1.8596211e+002  3.7356465e+001
  1.8608674e+002  3.7368090e+001
  1.8621137e+002  3.7379714e+001
  1.8633600e+002  3.7391339e+001
  1.8646063e+002  3.7402965e+001
  1.8658526e+002  3.7414592e+001
  1.8670989e+002  3.7426221e+001
  1.8683453e+002  3.7437853e+001
  1.8695916e+002  3.7449486e+001
  1.8708379e+002  3.7461123e+001
  1.8720842e+002  3.7472764e+001
  1.8733305e+002  3.7484405e+001
  1.8745768e+002  3.7496047e+001
  1.8758232e+002  3.7507690e+001
  1.8770695e+002  3.7519332e+001
  1.8783158e+002  3.7530973e+001
  1.8795621e+002  3.7542611e+001
  1.8808084e+002  3.7554247e+001
  1.8820547e+002  3.7565880e+001
  1.8833011e+002  3.7577511e+001
  1.8845474e+002  3.7589140e+001
  1.8857937e+002  3.7600767e+001
  1.8870400e+002  3.7612392e+001
  1.8882863e+002  3.7624017e+001
  1.8895326e+002  3.7635641e+001
  1.8907789e+002  3.7647265e+001
  1.8920253e+002  3.7658889e+001
  1.8932716e+002  3.7670514e+001
  1.8945179e+002  3.7682140e+001
  1.8957642e+002  3.7693767e+001
  1.8970105e+002  3.7705396e+001
  1.8982568e+002  3.7717027e+001
  1.8995032e+002  3.7728661e+001
  1.9007495e+002  3.7740298e+001
  1.9019958e+002  3.7751937e+001
  1.9032421e+002  3.7763579e+001
  1.9044884e+002  3.7775221e+001
  1.9057347e+002  3.7786864e+001
  1.9069811e+002  3.7798505e+001
  1.9082274e+002  3.7810146e+001
  1.9094737e+002  3.7821785e+001
  1.9107200e+002  3.7833421e+001
  1.9119663e+002  3.7845055e+001
  1.9132126e+002  3.7856686e+001
  1.9144589e+002  3.7868315e+001
  1.9157053e+002  3.7879942e+001
  1.9169516e+002  3.7891568e+001
  1.9181979e+002  3.7903192e+001
  1.9194442e+002  3.7914816e+001
  1.9206905e+002  3.7926440e+001
  1.9219368e+002  3.7938064e+001
  1.9231832e+002  3.7949688e+001
  1.9244295e+002  3.7961314e+001
  1.9256758e+002  3.7972942e+001
  1.9269221e+002  3.7984572e+001
  1.9281684e+002  3.7996203e+001
  1.9294147e+002  3.8007836e+001
  1.9306611e+002  3.8019472e+001
  1.9319074e+002  3.8031111e+001
  1.9331537e+002  3.8042753e+001
  1.9344000e+002  3.8054395e+001
  1.9356463e+002  3.8066037e+001
  1.9368926e+002  3.8077679e+001
  1.9381389e+002  3.8089320e+001
  1.9393853e+002  3.8100960e+001
  1.9406316e+002  3.8112597e+001
  1.9418779e+002  3.8124230e+001
  1.9431242e+002  3.8135862e+001
  1.9443705e+002  3.8147490e+001
  1.9456168e+002  3.8159117e+001
  1.9468632e+002  3.8170743e+001
  1.9481095e+002  3.8182368e+001
  1.9493558e+002  3.8193992e+001
  1.9506021e+002  3.8205615e+001
  1.9518484e+002  3.8217240e+001
  1.9530947e+002  3.8228865e+001
  1.9543411e+002  3.8240491e+001
  1.9555874e+002  3.8252118e+001
  1.9568337e+002  3.8263746e+001
  1.9580800e+002  3.8275377e+001
  1.9593263e+002  3.8287011e+001
  1.9605726e+002  3.8298647e+001
  1.9618189e+002  3.8310286e+001
  1.9630653e+002  3.8321927e+001
  1.9643116e+002  3.8333568e+001
  1.9655579e+002  3.8345211e+001
  1.9668042e+002  3.8356854e+001
  1.9680505e+002  3.8368496e+001
  1.9692968e+002  3.8380135e+001
  1.9705432e+002  3.8391772e+001
  1.9717895e+002  3.8403405e+001
  1.9730358e+002  3.8415036e+001
  1.9742821e+002  3.8426664e+001
  1.9755284e+002  3.8438292e+001
  1.9767747e+002  3.8449918e+001
  1.9780211e+002  3.8461543e+001
  1.9792674e+002  3.8473168e+001
  1.9805137e+002  3.8484792e+001
  1.9817600e+002  3.8496415e+001
  1.9830063e+002  3.8508040e+001
  1.9842526e+002  3.8519666e+001
  1.9854989e+002  3.8531293e+001
  1.9867453e+002  3.8542921e+001
  1.9879916e+002  3.8554551e+001
  1.9892379e+002  3.8566185e+001
  1.9904842e+002  3.8577821e+001
  1.9917305e+002  3.8589460e+001
  1.9929768e+002  3.8601101e+001
  1.9942232e+002  3.8612743e+001
  1.9954695e+002  3.8624386e+001
  1.9967158e+002  3.8636028e+001
  1.9979621e+002  3.8647670e+001
  1.9992084e+002  3.8659309e+001
  2.0004547e+002  3.8670946e+001
  2.0017011e+002  3.8682579e+001
  2.0029474e+002  3.8694210e+001
  2.0041937e+002  3.8705839e+001
  2.0054400e+002  3.8717467e+001
  2.0066863e+002  3.8729093e+001
  2.0079326e+002  3.8740718e+001
  2.0091789e+002  3.8752343e+001
  2.0104253e+002  3.8763967e+001
  2.0116716e+002  3.8775591e+001
  2.0129179e+002  3.8787215e+001
  2.0141642e+002  3.8798840e+001
  2.0154105e+002  3.8810467e+001
  2.0166568e+002  3.8822096e+001
  2.0179032e+002  3.8833727e+001
  2.0191495e+002  3.8845360e+001
  2.0203958e+002  3.8856995e+001
  2.0216421e+002  3.8868634e+001
  2.0228884e+002  3.8880275e+001
  2.0241347e+002  3.8891917e+001
  2.0253811e+002  3.8903560e+001
  2.0266274e+002  3.8915202e+001
  2.0278737e+002  3.8926844e+001
  2.0291200e+002  3.8938483e+001
  2.0303663e+002  3.8950120e+001
  2.0316126e+002  3.8961754e+001
  2.0328589e+002  3.8973386e+001
  2.0341053e+002  3.8985015e+001
  2.0353516e+002  3.8996643e+001
  2.0365979e+002  3.9008269e+001
  2.0378442e+002  3.9019893e+001
  2.0390905e+002  3.9031517e+001
  2.0403368e+002  3.9043141e+001
  2.0415832e+002  3.9054766e+001
  2.0428295e+002  3.9066391e+001
  2.0440758e+002  3.9078016e+001
  2.0453221e+002  3.9089642e+001
  2.0465684e+002  3.9101271e+001
  2.0478147e+002  3.9112902e+001
  2.0490611e+002  3.9124535e+001
  2.0503074e+002  3.9136170e+001
  2.0515537e+002  3.9147808e+001
  2.0528000e+002  3.9159449e+001
  2.0540463e+002  3.9171091e+001
  2.0552926e+002  3.9182733e+001
  2.0565389e+002  3.9194375e+001
  2.0577853e+002  3.9206017e+001
  2.0590316e+002  3.9217657e+001
  2.0602779e+002  3.9229294e+001
  2.0615242e+002  3.9240929e+001
  2.0627705e+002  3.9252561e+001
  2.0640168e+002  3.9264190e+001
  2.0652632e+002  3.9275817e+001
  2.0665095e+002  3.9287444e+001
  2.0677558e+002  3.9299069e+001
  2.0690021e+002  3.9310693e+001
  2.0702484e+002  3.9322316e+001
  2.0714947e+002  3.9333940e+001
  2.0727411e+002  3.9345565e+001
  2.0739874e+002  3.9357191e+001
  2.0752337e+002  3.9368819e+001
  2.0764800e+002  3.9380447e+001
  2.0777263e+002  3.9392077e+001
  2.0789726e+002  3.9403709e+001
  2.0802189e+002  3.9415344e+001
  2.0814653e+002  3.9426983e+001
  2.0827116e+002  3.9438623e+001
  2.0839579e+002  3.9450265e+001
  2.0852042e+002  3.9461907e+001
  2.0864505e+002  3.9473549e+001
  2.0876968e+002  3.9485191e+001
  2.0889432e+002  3.9496832e+001
  2.0901895e+002  3.9508470e+001
  2.0914358e+002  3.9520104e+001
  2.0926821e+002  3.9531736e+001
  2.0939284e+002  3.9543365e+001
  2.0951747e+002  3.9554993e+001
  2.0964211e+002  3.9566619e+001
  2.0976674e+002  3.9578244e+001
  2.0989137e+002  3.9589868e+001
  2.1001600e+002  3.9601492e+001
  2.1014063e+002  3.9613116e+001
  2.1026526e+002  3.9624741e+001
  2.1038989e+002  3.9636366e+001
  2.1051453e+002  3.9647993e+001
  2.1063916e+002  3.9659621e+001
  2.1076379e+002  3.9671251e+001
  2.1088842e+002  3.9682883e+001
  2.1101305e+002  3.9694519e+001
  2.1113768e+002  3.9706157e+001
  2.1126232e+002  3.9717797e+001
  2.1138695e+002  3.9729440e+001
  2.1151158e+002  3.9741082e+001
  2.1163621e+002  3.9752725e+001
  2.1176084e+002  3.9764366e+001
  2.1188547e+002  3.9776006e+001
  2.1201011e+002  3.9787644e+001
  2.1213474e+002  3.9799278e+001
  2.1225937e+002  3.9810910e+001
  2.1238400e+002  3.9822540e+001
  2.1250863e+002  3.9834168e+001
  2.1263326e+002  3.9845793e+001
  2.1275789e+002  3.9857418e+001
  2.1288253e+002  3.9869044e+001
  2.1300716e+002  3.9880668e+001
  2.1313179e+002  3.9892292e+001
  2.1325642e+002  3.9903916e+001
  2.1338105e+002  3.9915541e+001
  2.1350568e+002  3.9927168e+001
  2.1363032e+002  3.9938796e+001
  2.1375495e+002  3.9950426e+001
  2.1387958e+002  3.9962058e+001
  2.1400421e+002  3.9973693e+001
  2.1412884e+002  3.9985331e+001
  2.1425347e+002  3.9996972e+001
  2.1437811e+002  4.0008613e+001
  2.1450274e+002  4.0020256e+001
  2.1462737e+002  4.0031898e+001
  2.1475200e+002  4.0043540e+001
  2.1487663e+002  4.0055180e+001
  2.1500126e+002  4.0066818e+001
  2.1512589e+002  4.0078452e+001
  2.1525053e+002  4.0090084e+001
  2.1537516e+002  4.0101714e+001
  2.1549979e+002  4.0113342e+001
  2.1562442e+002  4.0124969e+001
  2.1574905e+002  4.0136595e+001
  2.1587368e+002  4.0148219e+001
  2.1599832e+002  4.0159843e+001
  2.1612295e+002  4.0171467e+001
  2.1624758e+002  4.0183092e+001
  2.1637221e+002  4.0194717e+001
  2.1649684e+002  4.0206343e+001
  2.1662147e+002  4.0217971e+001
  2.1674611e+002  4.0229600e+001
  2.1687074e+002  4.0241233e+001
  2.1699537e+002  4.0252868e+001
  2.1712000e+002  4.0264506e+001
  2.1724463e+002  4.0276146e+001
  2.1736926e+002  4.0287787e+001
  2.1749389e+002  4.0299430e+001
  2.1761853e+002  4.0311072e+001
  2.1774316e+002  4.0322714e+001
  2.1786779e+002  4.0334354e+001
  2.1799242e+002  4.0345992e+001
  2.1811705e+002  4.0357627e+001
  2.1824168e+002  4.0369260e+001
  2.1836632e+002  4.0380890e+001
  2.1849095e+002  4.0392518e+001
  2.1861558e+002  4.0404145e+001
  2.1874021e+002  4.0415770e+001
  2.1886484e+002  4.0427394e+001
  2.1898947e+002  4.0439019e+001
  2.1911411e+002  4.0450643e+001
  2.1923874e+002  4.0462267e+001
  2.1936337e+002  4.0473891e+001
  2.1948800e+002  4.0485517e+001
  2.1961263e+002  4.0497146e+001
  2.1973726e+002  4.0508775e+001
  2.1986189e+002  4.0520407e+001
  2.1998653e+002  4.0532042e+001
  2.2011116e+002  4.0543679e+001
  2.2023579e+002  4.0555319e+001
  2.2036042e+002  4.0566961e+001
  2.2048505e+002  4.0578604e+001
  2.2060968e+002  4.0590246e+001
  2.2073432e+002  4.0601888e+001
  2.2085895e+002  4.0613529e+001
  2.2098358e+002  4.0625167e+001
  2.2110821e+002  4.0636803e+001
  2.2123284e+002  4.0648435e+001
  2.2135747e+002  4.0660065e+001
  2.2148211e+002  4.0671693e+001
  2.2160674e+002  4.0683320e+001
  2.2173137e+002  4.0694945e+001
  2.2185600e+002  4.0706569e+001
  2.2198063e+002  4.0718193e+001
  2.2210526e+002  4.0729817e+001
  2.2222989e+002  4.0741441e+001
  2.2235453e+002  4.0753067e+001
  2.2247916e+002  4.0764694e+001
  2.2260379e+002  4.0776321e+001
  2.2272842e+002  4.0787951e+001
  2.2285305e+002  4.0799582e+001
  2.2297768e+002  4.0811217e+001
  2.2310232e+002  4.0822854e+001
  2.2322695e+002  4.0834493e+001
  2.2335158e+002  4.0846134e+001
  2.2347621e+002  4.0857777e+001
  2.2360084e+002  4.0869420e+001
  2.2372547e+002  4.0881063e+001
  2.2385011e+002  4.0892703e+001
  2.2397474e+002  4.0904341e+001
  2.2409937e+002  4.0915976e+001
  2.2422400e+002  4.0927609e+001
  2.2434863e+002  4.0939240e+001
  2.2447326e+002  4.0950868e+001
  2.2459789e+002  4.0962495e+001
  2.2472253e+002  4.0974120e+001
  2.2484716e+002  4.0985744e+001
  2.2497179e+002  4.0997368e+001
  2.2509642e+002  4.1008993e+001
  2.2522105e+002  4.1020617e+001
  2.2534568e+002  4.1032243e+001
  2.2547032e+002  4.1043869e+001
  2.2559495e+002  4.1055496e+001
  2.2571958e+002  4.1067125e+001
  2.2584421e+002  4.1078757e+001
  2.2596884e+002  4.1090391e+001
  2.2609347e+002  4.1102028e+001
  2.2621811e+002  4.1113667e+001
  2.2634274e+002  4.1125309e+001
  2.2646737e+002  4.1136952e+001
  2.2659200e+002  4.1148595e+001
  2.2671663e+002  4.1160237e+001
  2.2684126e+002  4.1171877e+001
  2.2696589e+002  4.1183516e+001
  2.2709053e+002  4.1195151e+001
  2.2721516e+002  4.1206784e+001
  2.2733979e+002  4.1218415e+001
  2.2746442e+002  4.1230043e+001
  2.2758905e+002  4.1241669e+001
  2.2771368e+002  4.1253295e+001
  2.2783832e+002  4.1264920e+001
  2.2796295e+002  4.1276544e+001
  2.2808758e+002  4.1288168e+001
  2.2821221e+002  4.1299792e+001
  2.2833684e+002  4.1311417e+001
  2.2846147e+002  4.1323043e+001
  2.2858611e+002  4.1334671e+001
  2.2871074e+002  4.1346300e+001
  2.2883537e+002  4.1357931e+001
  2.2896000e+002  4.1369565e+001
  2.2908463e+002  4.1381203e+001
  2.2920926e+002  4.1392842e+001
  2.2933389e+002  4.1404484e+001
  2.2945853e+002  4.1416126e+001
  2.2958316e+002  4.1427769e+001
  2.2970779e+002  4.1439411e+001
  2.2983242e+002  4.1451051e+001
  2.2995705e+002  4.1462690e+001
  2.3008168e+002  4.1474325e+001
  2.3020632e+002  4.1485959e+001
  2.3033095e+002  4.1497590e+001
  2.3045558e+002  4.1509219e+001
  2.3058021e+002  4.1520845e+001
  2.3070484e+002  4.1532471e+001
  2.3082947e+002  4.1544096e+001
  2.3095411e+002  4.1555720e+001
  2.3107874e+002  4.1567344e+001
  2.3120337e+002  4.1578968e+001
  2.3132800e+002  4.1590593e+001
  2.3145263e+002  4.1602218e+001
  2.3157726e+002  4.1613845e+001
  2.3170189e+002  4.1625474e+001
  2.3182653e+002  4.1637106e+001
  2.3195116e+002  4.1648740e+001
  2.3207579e+002  4.1660377e+001
  2.3220042e+002  4.1672017e+001
  2.3232505e+002  4.1683658e+001
  2.3244968e+002  4.1695300e+001
  2.3257432e+002  4.1706942e+001
  2.3269895e+002  4.1718584e+001
  2.3282358e+002  4.1730225e+001
  2.3294821e+002  4.1741864e+001
  2.3307284e+002  4.1753500e+001
  2.3319747e+002  4.1765134e+001
  2.3332211e+002  4.1776765e+001
  2.3344674e+002  4.1788394e+001
  2.3357137e+002  4.1800021e+001
  2.3369600e+002  4.1811646e+001
  2.3382063e+002  4.1823271e+001
  2.3394526e+002  4.1834895e+001
  2.3406989e+002  4.1846519e+001
  2.3419453e+002  4.1858143e+001
  2.3431916e+002  4.1869768e+001
  2.3444379e+002  4.1881394e+001
  2.3456842e+002  4.1893021e+001
  2.3469305e+002  4.1904650e+001
  2.3481768e+002  4.1916281e+001
  2.3494232e+002  4.1927914e+001
  2.3506695e+002  4.1939551e+001
  2.3519158e+002  4.1951191e+001
  2.3531621e+002  4.1962831e+001
  2.3544084e+002  4.1974473e+001
  2.3556547e+002  4.1986116e+001
  2.3569011e+002  4.1997758e+001
  2.3581474e+002  4.2009400e+001
  2.3593937e+002  4.2021039e+001
  2.3606400e+002  4.2032676e+001
  2.3618863e+002  4.2044309e+001
  2.3631326e+002  4.2055939e+001
  2.3643789e+002  4.2067568e+001
  2.3656253e+002  4.2079196e+001
  2.3668716e+002  4.2090822e+001
  2.3681179e+002  4.2102446e+001
  2.3693642e+002  4.2114070e+001
  2.3706105e+002  4.2125695e+001
  2.3718568e+002  4.2137319e+001
  2.3731032e+002  4.2148943e+001
  2.3743495e+002  4.2160569e+001
  2.3755958e+002  4.2172196e+001
  2.3768421e+002  4.2183824e+001
  2.3780884e+002  4.2195455e+001
  2.3793347e+002  4.2207089e+001
  2.3805811e+002  4.2218726e+001
  2.3818274e+002  4.2230365e+001
  2.3830737e+002  4.2242005e+001
  2.3843200e+002  4.2253647e+001
  2.3855663e+002  4.2265290e+001
  2.3868126e+002  4.2276933e+001
  2.3880589e+002  4.2288574e+001
  2.3893053e+002  4.2300213e+001
  2.3905516e+002  4.2311850e+001
  2.3917979e+002  4.2323483e+001
  2.3930442e+002  4.2335114e+001
  2.3942905e+002  4.2346743e+001
  2.3955368e+002  4.2358370e+001
  2.3967832e+002  4.2369996e+001
  2.3980295e+002  4.2381621e+001
  2.3992758e+002  4.2393246e+001
  2.4005221e+002  4.2404870e+001
  2.4017684e+002  4.2416494e+001
  2.4030147e+002  4.2428118e+001
  2.4042611e+002  4.2439744e+001
  2.4055074e+002  4.2451371e+001
  2.4067537e+002  4.2463000e+001
  2.4080000e+002  4.2474631e+001
  2.4092463e+002  4.2486264e+001
  2.4104926e+002  4.2497899e+001
  2.4117389e+002  4.2509538e+001
  2.4129853e+002  4.2521179e+001
  2.4142316e+002  4.2532822e+001
  2.4154779e+002  4.2544465e+001
  2.4167242e+002  4.2556107e+001
  2.4179705e+002  4.2567748e+001
  2.4192168e+002  4.2579387e+001
  2.4204632e+002  4.2591024e+001
  2.4217095e+002  4.2602657e+001
  2.4229558e+002  4.2614289e+001
  2.4242021e+002  4.2625919e+001
  2.4254484e+002  4.2637546e+001
  2.4266947e+002  4.2649172e+001
  2.4279411e+002  4.2660797e+001
  2.4291874e+002  4.2672421e+001
  2.4304337e+002  4.2684045e+001
  2.4316800e+002  4.2695669e+001
  2.4329263e+002  4.2707294e+001
  2.4341726e+002  4.2718919e+001
  2.4354189e+002  4.2730546e+001
  2.4366653e+002  4.2742174e+001
  2.4379116e+002  4.2753805e+001
  2.4391579e+002  4.2765438e+001
  2.4404042e+002  4.2777074e+001
  2.4416505e+002  4.2788713e+001
  2.4428968e+002  4.2800353e+001
  2.4441432e+002  4.2811995e+001
  2.4453895e+002  4.2823638e+001
  2.4466358e+002  4.2835280e+001
  2.4478821e+002  4.2846922e+001
  2.4491284e+002  4.2858562e+001
  2.4503747e+002  4.2870199e+001
  2.4516211e+002  4.2881833e+001
  2.4528674e+002  4.2893464e+001
  2.4541137e+002  4.2905094e+001
  2.4553600e+002  4.2916721e+001
  2.4566063e+002  4.2928347e+001
  2.4578526e+002  4.2939972e+001
  2.4590989e+002  4.2951596e+001
  2.4603453e+002  4.2963220e+001
  2.4615916e+002  4.2974844e+001
  2.4628379e+002  4.2986469e+001
  2.4640842e+002  4.2998095e+001
  2.4653305e+002  4.3009722e+001
  2.4665768e+002  4.3021350e+001
  2.4678232e+002  4.3032980e+001
  2.4690695e+002  4.3044613e+001
  2.4703158e+002  4.3056249e+001
  2.4715621e+002  4.3067887e+001
  2.4728084e+002  4.3079527e+001
  2.4740547e+002  4.3091169e+001
  2.4753011e+002  4.3102812e+001
  2.4765474e+002  4.3114454e+001
  2.4777937e+002  4.3126096e+001
  2.4790400e+002  4.3137736e+001
  2.4802863e+002  4.3149373e+001
  2.4815326e+002  4.3161008e+001
  2.4827789e+002  4.3172640e+001
  2.4840253e+002  4.3184269e+001
  2.4852716e+002  4.3195897e+001
  2.4865179e+002  4.3207523e+001
  2.4877642e+002  4.3219147e+001
  2.4890105e+002  4.3230771e+001
  2.4902568e+002  4.3242395e+001
  2.4915032e+002  4.3254019e+001
  2.4927495e+002  4.3265644e+001
  2.4939958e+002  4.3277270e+001
  2.4952421e+002  4.3288896e+001
  2.4964884e+002  4.3300524e+001
  2.4977347e+002  4.3312154e+001
  2.4989811e+002  4.3323787e+001
  2.5002274e+002  4.3335423e+001
  2.5014737e+002  4.3347061e+001
  2.5027200e+002  4.3358702e+001
  2.5039663e+002  4.3370344e+001
  2.5052126e+002  4.3381986e+001
  2.5064589e+002  4.3393629e+001
  2.5077053e+002  4.3405271e+001
  2.5089516e+002  4.3416911e+001
  2.5101979e+002  4.3428548e+001
  2.5114442e+002  4.3440182e+001
  2.5126905e+002  4.3451814e+001
  2.5139368e+002  4.3463443e+001
  2.5151832e+002  4.3475071e+001
  2.5164295e+002  4.3486697e+001
  2.5176758e+002  4.3498322e+001
  2.5189221e+002  4.3509947e+001
  2.5201684e+002  4.3521571e+001
  2.5214147e+002  4.3533196e+001
  2.5226611e+002  4.3544820e+001
  2.5239074e+002  4.3556445e+001
  2.5251537e+002  4.3568071e+001
  2.5264000e+002  4.3579699e+001
  2.5276463e+002  4.3591330e+001
  2.5288926e+002  4.3602962e+001
  2.5301389e+002  4.3614597e+001
  2.5313853e+002  4.3626235e+001
  2.5326316e+002  4.3637875e+001
  2.5338779e+002  4.3649518e+001
  2.5351242e+002  4.3661161e+001
  2.5363705e+002  4.3672804e+001
  2.5376168e+002  4.3684445e+001
  2.5388632e+002  4.3696084e+001
  2.5401095e+002  4.3707721e+001
  2.5413558e+002  4.3719356e+001
  2.5426021e+002  4.3730989e+001
  2.5438484e+002  4.3742619e+001
  2.5450947e+002  4.3754246e+001
  2.5463411e+002  4.3765872e+001
  2.5475874e+002  4.3777498e+001
  2.5488337e+002  4.3789123e+001
  2.5500800e+002  4.3800746e+001
  2.5513263e+002  4.3812370e+001
  2.5525726e+002  4.3823995e+001
  2.5538189e+002  4.3835620e+001
  2.5550653e+002  4.3847247e+001
  2.5563116e+002  4.3858875e+001
  2.5575579e+002  4.3870504e+001
  2.5588042e+002  4.3882136e+001
  2.5600505e+002  4.3893772e+001
  2.5612968e+002  4.3905410e+001
  2.5625432e+002  4.3917050e+001
  2.5637895e+002  4.3928692e+001
  2.5650358e+002  4.3940334e+001
  2.5662821e+002  4.3951977e+001
  2.5675284e+002  4.3963618e+001
  2.5687747e+002  4.3975258e+001
  2.5700211e+002  4.3986896e+001
  2.5712674e+002  4.3998531e+001
  2.5725137e+002  4.4010163e+001
  2.5737600e+002  4.4021793e+001
  2.5750063e+002  4.4033421e+001
  2.5762526e+002  4.4045048e+001
  2.5774989e+002  4.4056673e+001
  2.5787453e+002  4.4068297e+001
  2.5799916e+002  4.4079921e+001
  2.5812379e+002  4.4091545e+001
  2.5824842e+002  4.4103169e+001
  2.5837305e+002  4.4114794e+001
  2.5849768e+002  4.4126421e+001
  2.5862232e+002  4.4138049e+001
  2.5874695e+002  4.4149679e+001
  2.5887158e+002  4.4161312e+001
  2.5899621e+002  4.4172947e+001
  2.5912084e+002  4.4184584e+001
  2.5924547e+002  4.4196224e+001
  2.5937011e+002  4.4207866e+001
  2.5949474e+002  4.4219508e+001
  2.5961937e+002  4.4231151e+001
  2.5974400e+002  4.4242792e+001
  2.5986863e+002  4.4254432e+001
  2.5999326e+002  4.4266070e+001
  2.6011789e+002  4.4277706e+001
  2.6024253e+002  4.4289339e+001
  2.6036716e+002  4.4300969e+001
  2.6049179e+002  4.4312597e+001
  2.6061642e+002  4.4324223e+001
  2.6074105e+002  4.4335848e+001
  2.6086568e+002  4.4347472e+001
  2.6099032e+002  4.4359097e+001
  2.6111495e+002  4.4370720e+001
  2.6123958e+002  4.4382345e+001
  2.6136421e+002  4.4393970e+001
  2.6148884e+002  4.4405597e+001
  2.6161347e+002  4.4417225e+001
  2.6173811e+002  4.4428855e+001
  2.6186274e+002  4.4440487e+001
  2.6198737e+002  4.4452121e+001
  2.6211200e+002  4.4463758e+001
  2.6223663e+002  4.4475398e+001
  2.6236126e+002  4.4487040e+001
  2.6248589e+002  4.4498682e+001
  2.6261053e+002  4.4510325e+001
  2.6273516e+002  4.4521967e+001
  2.6285979e+002  4.4533608e+001
  2.6298442e+002  4.4545246e+001
  2.6310905e+002  4.4556881e+001
  2.6323368e+002  4.4568513e+001
  2.6335832e+002  4.4580143e+001
  2.6348295e+002  4.4591771e+001
  2.6360758e+002  4.4603398e+001
  2.6373221e+002  4.4615023e+001
  2.6385684e+002  4.4626648e+001
  2.6398147e+002  4.4638272e+001
  2.6410611e+002  4.4649896e+001
  2.6423074e+002  4.4661521e+001
  2.6435537e+002  4.4673146e+001
  2.6448000e+002  4.4684772e+001
  2.6460463e+002  4.4696399e+001
  2.6472926e+002  4.4708029e+001
  2.6485389e+002  4.4719661e+001
  2.6497853e+002  4.4731295e+001
  2.6510316e+002  4.4742933e+001
  2.6522779e+002  4.4754572e+001
  2.6535242e+002  4.4766214e+001
  2.6547705e+002  4.4777856e+001
  2.6560168e+002  4.4789499e+001
  2.6572632e+002  4.4801141e+001
  2.6585095e+002  4.4812782e+001
  2.6597558e+002  4.4824420e+001
  2.6610021e+002  4.4836055e+001
  2.6622484e+002  4.4847688e+001
  2.6634947e+002  4.4859319e+001
  2.6647411e+002  4.4870947e+001
  2.6659874e+002  4.4882573e+001
  2.6672337e+002  4.4894198e+001
  2.6684800e+002  4.4905823e+001
  2.6697263e+002  4.4917448e+001
  2.6709726e+002  4.4929072e+001
  2.6722189e+002  4.4940696e+001
  2.6734653e+002  4.4952321e+001
  2.6747116e+002  4.4963947e+001
  2.6759579e+002  4.4975574e+001
  2.6772042e+002  4.4987204e+001
  2.6784505e+002  4.4998835e+001
  2.6796968e+002  4.5010469e+001
  2.6809432e+002  4.5022107e+001
  2.6821895e+002  4.5033746e+001
  2.6834358e+002  4.5045388e+001
  2.6846821e+002  4.5057030e+001
  2.6859284e+002  4.5068673e+001
  2.6871747e+002  4.5080315e+001
  2.6884211e+002  4.5091956e+001
  2.6896674e+002  4.5103594e+001
  2.6909137e+002  4.5115230e+001
  2.6921600e+002  4.5126863e+001
  2.6934063e+002  4.5138493e+001
  2.6946526e+002  4.5150121e+001
  2.6958989e+002  4.5161749e+001
  2.6971453e+002  4.5173374e+001
  2.6983916e+002  4.5184999e+001
  2.6996379e+002  4.5196623e+001
  2.7008842e+002  4.5208247e+001
  2.7021305e+002  4.5219871e+001
  2.7033768e+002  4.5231495e+001
  2.7046232e+002  4.5243121e+001
  2.7058695e+002  4.5254749e+001
  2.7071158e+002  4.5266378e+001
  2.7083621e+002  4.5278009e+001
  2.7096084e+002  4.5289644e+001
  2.7108547e+002  4.5301282e+001
  2.7121011e+002  4.5312921e+001
  2.7133474e+002  4.5324562e+001
  2.7145937e+002  4.5336204e+001
  2.7158400e+002  4.5347847e+001
  2.7170863e+002  4.5359489e+001
  2.7183326e+002  4.5371130e+001
  2.7195789e+002  4.5382768e+001
  2.7208253e+002  4.5394405e+001
  2.7220716e+002  4.5406038e+001
  2.7233179e+002  4.5417669e+001
  2.7245642e+002  4.5429297e+001
  2.7258105e+002  4.5440924e+001
  2.7270568e+002  4.5452550e+001
  2.7283032e+002  4.5464175e+001
  2.7295495e+002  4.5475798e+001
  2.7307958e+002  4.5487422e+001
  2.7320421e+002  4.5499046e+001
  2.7332884e+002  4.5510671e+001
  2.7345347e+002  4.5522297e+001
  2.7357811e+002  4.5533924e+001
  2.7370274e+002  4.5545554e+001
  2.7382737e+002  4.5557185e+001
  2.7395200e+002  4.5568819e+001
  2.7407663e+002  4.5580456e+001
  2.7420126e+002  4.5592095e+001
  2.7432589e+002  4.5603736e+001
  2.7445053e+002  4.5615379e+001
  2.7457516e+002  4.5627021e+001
  2.7469979e+002  4.5638663e+001
  2.7482442e+002  4.5650304e+001
  2.7494905e+002  4.5661943e+001
  2.7507368e+002  4.5673580e+001
  2.7519832e+002  4.5685213e+001
  2.7532295e+002  4.5696843e+001
  2.7544758e+002  4.5708472e+001
  2.7557221e+002  4.5720099e+001
  2.7569684e+002  4.5731724e+001
  2.7582147e+002  4.5743349e+001
  2.7594611e+002  4.5754973e+001
  2.7607074e+002  4.5766597e+001
  2.7619537e+002  4.5778221e+001
  2.7632000e+002  4.5789846e+001
  2.7644463e+002  4.5801473e+001
  2.7656926e+002  4.5813100e+001
  2.7669389e+002  4.5824729e+001
  2.7681853e+002  4.5836360e+001
  2.7694316e+002  4.5847993e+001
  2.7706779e+002  4.5859630e+001
  2.7719242e+002  4.5871269e+001
  2.7731705e+002  4.5882910e+001
  2.7744168e+002  4.5894552e+001
  2.7756632e+002  4.5906194e+001
  2.7769095e+002  4.5917837e+001
  2.7781558e+002  4.5929478e+001
  2.7794021e+002  4.5941117e+001
  2.7806484e+002  4.5952754e+001
  2.7818947e+002  4.5964387e+001
  2.7831411e+002  4.5976018e+001
  2.7843874e+002  4.5987647e+001
  2.7856337e+002  4.5999274e+001
  2.7868800e+002  4.6010900e+001
  2.7881263e+002  4.6022524e+001
  2.7893726e+002  4.6034149e+001
  2.7906189e+002  4.6045773e+001
  2.7918653e+002  4.6057397e+001
  2.7931116e+002  4.6069022e+001
  2.7943579e+002  4.6080648e+001
  2.7956042e+002  4.6092274e+001
  2.7968505e+002  4.6103903e+001
  2.7980968e+002  4.6115534e+001
  2.7993432e+002  4.6127168e+001
  2.8005895e+002  4.6138804e+001
  2.8018358e+002  4.6150443e+001
  2.8030821e+002  4.6162083e+001
  2.8043284e+002  4.6173726e+001
  2.8055747e+002  4.6185369e+001
  2.8068211e+002  4.6197012e+001
  2.8080674e+002  4.6208652e+001
  2.8093137e+002  4.6220291e+001
  2.8105600e+002  4.6231928e+001
  2.8118063e+002  4.6243562e+001
  2.8130526e+002  4.6255193e+001
  2.8142989e+002  4.6266821e+001
  2.8155453e+002  4.6278449e+001
  2.8167916e+002  4.6290075e+001
  2.8180379e+002  4.6301700e+001
  2.8192842e+002  4.6313325e+001
  2.8205305e+002  4.6324948e+001
  2.8217768e+002  4.6336573e+001
  2.8230232e+002  4.6348197e+001
  2.8242695e+002  4.6359823e+001
  2.8255158e+002  4.6371450e+001
  2.8267621e+002  4.6383078e+001
  2.8280084e+002  4.6394709e+001
  2.8292547e+002  4.6406342e+001
  2.8305011e+002  4.6417978e+001
  2.8317474e+002  4.6429617e+001
  2.8329937e+002  4.6441258e+001
  2.8342400e+002  4.6452901e+001
  2.8354863e+002  4.6464544e+001
  2.8367326e+002  4.6476186e+001
  2.8379789e+002  4.6487826e+001
  2.8392253e+002  4.6499465e+001
  2.8404716e+002  4.6511102e+001
  2.8417179e+002  4.6522736e+001
  2.8429642e+002  4.6534368e+001
  2.8442105e+002  4.6545997e+001
  2.8454568e+002  4.6557625e+001
  2.8467032e+002  4.6569251e+001
  2.8479495e+002  4.6580876e+001
  2.8491958e+002  4.6592500e+001
  2.8504421e+002  4.6604124e+001
  2.8516884e+002  4.6615747e+001
  2.8529347e+002  4.6627372e+001
  2.8541811e+002  4.6638997e+001
  2.8554274e+002  4.6650624e+001
  2.8566737e+002  4.6662252e+001
  2.8579200e+002  4.6673883e+001
  2.8591663e+002  4.6685517e+001
  2.8604126e+002  4.6697153e+001
  2.8616589e+002  4.6708792e+001
  2.8629053e+002  4.6720433e+001
  2.8641516e+002  4.6732074e+001
  2.8653979e+002  4.6743717e+001
  2.8666442e+002  4.6755359e+001
  2.8678905e+002  4.6767001e+001
  2.8691368e+002  4.6778640e+001
  2.8703832e+002  4.6790277e+001
  2.8716295e+002  4.6801912e+001
  2.8728758e+002  4.6813543e+001
  2.8741221e+002  4.6825172e+001
  2.8753684e+002  4.6836800e+001
  2.8766147e+002  4.6848426e+001
  2.8778611e+002  4.6860051e+001
  2.8791074e+002  4.6871675e+001
  2.8803537e+002  4.6883299e+001
  2.8816000e+002  4.6894923e+001
  2.8828463e+002  4.6906547e+001
  2.8840926e+002  4.6918173e+001
  2.8853389e+002  4.6929800e+001
  2.8865853e+002  4.6941429e+001
  2.8878316e+002  4.6953059e+001
  2.8890779e+002  4.6964692e+001
  2.8903242e+002  4.6976327e+001
  2.8915705e+002  4.6987966e+001
  2.8928168e+002  4.6999607e+001
  2.8940632e+002  4.7011248e+001
  2.8953095e+002  4.7022891e+001
  2.8965558e+002  4.7034533e+001
  2.8978021e+002  4.7046175e+001
  2.8990484e+002  4.7057815e+001
  2.9002947e+002  4.7069452e+001
  2.9015411e+002  4.7081087e+001
  2.9027874e+002  4.7092718e+001
  2.9040337e+002  4.7104347e+001
  2.9052800e+002  4.7115974e+001
  2.9065263e+002  4.7127600e+001
  2.9077726e+002  4.7139225e+001
  2.9090189e+002  4.7150849e+001
  2.9102653e+002  4.7162473e+001
  2.9115116e+002  4.7174098e+001
  2.9127579e+002  4.7185723e+001
  2.9140042e+002  4.7197349e+001
  2.9152505e+002  4.7208975e+001
  2.9164968e+002  4.7220603e+001
  2.9177432e+002  4.7232233e+001
  2.9189895e+002  4.7243866e+001
  2.9202358e+002  4.7255502e+001
  2.9214821e+002  4.7267140e+001
  2.9227284e+002  4.7278780e+001
  2.9239747e+002  4.7290422e+001
  2.9252211e+002  4.7302065e+001
  2.9264674e+002  4.7313708e+001
  2.9277137e+002  4.7325350e+001
  2.9289600e+002  4.7336989e+001
  2.9302063e+002  4.7348627e+001
  2.9314526e+002  4.7360261e+001
  2.9326989e+002  4.7371893e+001
  2.9339453e+002  4.7383522e+001
  2.9351916e+002  4.7395149e+001
  2.9364379e+002  4.7406775e+001
  2.9376842e+002  4.7418400e+001
  2.9389305e+002  4.7430025e+001
  2.9401768e+002  4.7441649e+001
  2.9414232e+002  4.7453274e+001
  2.9426695e+002  4.7464898e+001
  2.9439158e+002  4.7476523e+001
  2.9451621e+002  4.7488150e+001
  2.9464084e+002  4.7499777e+001
  2.9476547e+002  4.7511408e+001
  2.9489011e+002  4.7523040e+001
  2.9501474e+002  4.7534676e+001
  2.9513937e+002  4.7546314e+001
  2.9526400e+002  4.7557954e+001
  2.9538863e+002  4.7569597e+001
  2.9551326e+002  4.7581240e+001
  2.9563789e+002  4.7592882e+001
  2.9576253e+002  4.7604523e+001
  2.9588716e+002  4.7616163e+001
  2.9601179e+002  4.7627801e+001
  2.9613642e+002  4.7639435e+001
  2.9626105e+002  4.7651067e+001
  2.9638568e+002  4.7662696e+001
  2.9651032e+002  4.7674324e+001
  2.9663495e+002  4.7685951e+001
  2.9675958e+002  4.7697577e+001
  2.9688421e+002  4.7709201e+001
  2.9700884e+002  4.7720825e+001
  2.9713347e+002  4.7732449e+001
  2.9725811e+002  4.7744074e+001
  2.9738274e+002  4.7755699e+001
  2.9750737e+002  4.7767326e+001
  2.9763200e+002  4.7778954e+001
  2.9775663e+002  4.7790584e+001
  2.9788126e+002  4.7802216e+001
  2.9800589e+002  4.7813851e+001
  2.9813053e+002  4.7825488e+001
  2.9825516e+002  4.7837127e+001
  2.9837979e+002  4.7848767e+001
  2.9850442e+002  4.7860409e+001
  2.9862905e+002  4.7872051e+001
  2.9875368e+002  4.7883693e+001
  2.9887832e+002  4.7895334e+001
  2.9900295e+002  4.7906975e+001
  2.9912758e+002  4.7918614e+001
  2.9925221e+002  4.7930251e+001
  2.9937684e+002  4.7941886e+001
  2.9950147e+002  4.7953517e+001
  2.9962611e+002  4.7965145e+001
  2.9975074e+002  4.7976768e+001
  2.9987537e+002  4.7988387e+001
  3.0000000e+002  4.8000000e+001
