  4.0000000e+000  2.6000000e-004
  4.9899666e+000  3.9014409e-004
  5.9799331e+000  5.3096184e-004
  6.9698997e+000  6.9148618e-004
  7.9598662e+000  8.8075003e-004
  8.9498328e+000  1.1077863e-003
  9.9397993e+000  1.3816282e-003
  1.0929766e+001  1.7113085e-003
  1.1919732e+001  2.1058598e-003
  1.2909699e+001  2.5743148e-003
  1.3899666e+001  3.1257084e-003
  1.4889632e+001  3.7690742e-003
  1.5879599e+001  4.5134383e-003
  1.6869565e+001  5.3678709e-003
  1.7859532e+001  6.3416500e-003
  1.8849498e+001  7.4441329e-003
  1.9839465e+001  8.6847742e-003
  2.0829431e+001  1.0072992e-002
  2.1819398e+001  1.1617902e-002
  2.2809365e+001  1.3329255e-002
  2.3799331e+001  1.5220262e-002
  2.4789298e+001  1.7305188e-002
  2.5779264e+001  1.9598382e-002
  2.6769231e+001  2.2114435e-002
  2.7759197e+001  2.4869047e-002
  2.8749164e+001  2.7875928e-002
  2.9739130e+001  3.1136922e-002
  3.0729097e+001  3.4649673e-002
  3.1719064e+001  3.8409621e-002
  3.2709030e+001  4.2411694e-002
  3.3698997e+001  4.6651888e-002
  3.4688963e+001  5.1125716e-002
  3.5678930e+001  5.5824125e-002
  3.6668896e+001  6.0736352e-002
  3.7658863e+001  6.5850679e-002
  3.8648829e+001  7.1155086e-002
  3.9638796e+001  7.6637724e-002
  4.0628763e+001  8.2286898e-002
  4.1618729e+001  8.8091453e-002
  4.2608696e+001  9.4040475e-002
  4.3598662e+001  1.0012332e-001
  4.4588629e+001  1.0632940e-001
  4.5578595e+001  1.1264785e-001
  4.6568562e+001  1.1906792e-001
  4.7558528e+001  1.2558038e-001
  4.8548495e+001  1.3217665e-001
  4.9538462e+001  1.3884887e-001
  5.0528428e+001  1.4558932e-001
  5.1518395e+001  1.5238967e-001
  5.2508361e+001  1.5924179e-001
  5.3498328e+001  1.6614044e-001
  5.4488294e+001  1.7308177e-001
  5.5478261e+001  1.8006316e-001
  5.6468227e+001  1.8708250e-001
  5.7458194e+001  1.9413745e-001
  5.8448161e+001  2.0122553e-001
  5.9438127e+001  2.0834382e-001
  6.0428094e+001  2.1548920e-001
  6.1418060e+001  2.2265825e-001
  6.2408027e+001  2.2984743e-001
  6.3397993e+001  2.3705325e-001
  6.4387960e+001  2.4427225e-001
  6.5377926e+001  2.5150109e-001
  6.6367893e+001  2.5873648e-001
  6.7357860e+001  2.6597522e-001
  6.8347826e+001  2.7321415e-001
  6.9337793e+001  2.8045011e-001
  7.0327759e+001  2.8767991e-001
  7.1317726e+001  2.9490035e-001
  7.2307692e+001  3.0210816e-001
  7.3297659e+001  3.0930006e-001
  7.4287625e+001  3.1647277e-001
  7.5277592e+001  3.2362294e-001
  7.6267559e+001  3.3074725e-001
  7.7257525e+001  3.3784264e-001
  7.8247492e+001  3.4490622e-001
  7.9237458e+001  3.5193537e-001
  8.0227425e+001  3.5892764e-001
  8.1217391e+001  3.6588046e-001
  8.2207358e+001  3.7279126e-001
  8.3197324e+001  3.7965753e-001
  8.4187291e+001  3.8647675e-001
  8.5177258e+001  3.9324645e-001
  8.6167224e+001  3.9996417e-001
  8.7157191e+001  4.0662744e-001
  8.8147157e+001  4.1323380e-001
  8.9137124e+001  4.1978075e-001
  9.0127090e+001  4.2626577e-001
  9.1117057e+001  4.3268630e-001
  9.2107023e+001  4.3903974e-001
  9.3096990e+001  4.4532350e-001
  9.4086957e+001  4.5153498e-001
  9.5076923e+001  4.5767167e-001
  9.6066890e+001  4.6373111e-001
  9.7056856e+001  4.6971109e-001
  9.8046823e+001  4.7560951e-001
  9.9036789e+001  4.8142402e-001
  1.0002676e+002  4.8715224e-001
  1.0101672e+002  4.9279259e-001
  1.0200669e+002  4.9834418e-001
  1.0299666e+002  5.0380779e-001
  1.0398662e+002  5.0918525e-001
  1.0497659e+002  5.1447813e-001
  1.0596656e+002  5.1968782e-001
  1.0695652e+002  5.2481571e-001
  1.0794649e+002  5.2986318e-001
  1.0893645e+002  5.3483149e-001
  1.0992642e+002  5.3972183e-001
  1.1091639e+002  5.4453539e-001
  1.1190635e+002  5.4927338e-001
  1.1289632e+002  5.5393700e-001
  1.1388629e+002  5.5852744e-001
  1.1487625e+002  5.6304595e-001
  1.1586622e+002  5.6749383e-001
  1.1685619e+002  5.7187234e-001
  1.1784615e+002  5.7618275e-001
  1.1883612e+002  5.8042633e-001
  1.1982609e+002  5.8460436e-001
  1.2081605e+002  5.8871809e-001
  1.2180602e+002  5.9276875e-001
  1.2279599e+002  5.9675758e-001
  1.2378595e+002  6.0068585e-001
  1.2477592e+002  6.0455481e-001
  1.2576589e+002  6.0836571e-001
  1.2675585e+002  6.1211980e-001
  1.2774582e+002  6.1581835e-001
  1.2873579e+002  6.1946261e-001
  1.2972575e+002  6.2305381e-001
  1.3071572e+002  6.2659320e-001
  1.3170569e+002  6.3008204e-001
  1.3269565e+002  6.3352161e-001
  1.3368562e+002  6.3691317e-001
  1.3467559e+002  6.4025796e-001
  1.3566555e+002  6.4355723e-001
  1.3665552e+002  6.4681225e-001
  1.3764548e+002  6.5002428e-001
  1.3863545e+002  6.5319457e-001
  1.3962542e+002  6.5632434e-001
  1.4061538e+002  6.5941483e-001
  1.4160535e+002  6.6246727e-001
  1.4259532e+002  6.6548289e-001
  1.4358528e+002  6.6846293e-001
  1.4457525e+002  6.7140866e-001
  1.4556522e+002  6.7432144e-001
  1.4655518e+002  6.7720261e-001
  1.4754515e+002  6.8005351e-001
  1.4853512e+002  6.8287549e-001
  1.4952508e+002  6.8566982e-001
  1.5051505e+002  6.8843731e-001
  1.5150502e+002  6.9117828e-001
  1.5249498e+002  6.9389306e-001
  1.5348495e+002  6.9658194e-001
  1.5447492e+002  6.9924524e-001
  1.5546488e+002  7.0188329e-001
  1.5645485e+002  7.0449629e-001
  1.5744482e+002  7.0708439e-001
  1.5843478e+002  7.0964768e-001
  1.5942475e+002  7.1218632e-001
  1.6041472e+002  7.1470042e-001
  1.6140468e+002  7.1719012e-001
  1.6239465e+002  7.1965558e-001
  1.6338462e+002  7.2209694e-001
  1.6437458e+002  7.2451438e-001
  1.6536455e+002  7.2690808e-001
  1.6635452e+002  7.2927822e-001
  1.6734448e+002  7.3162496e-001
  1.6833445e+002  7.3394849e-001
  1.6932441e+002  7.3624897e-001
  1.7031438e+002  7.3852656e-001
  1.7130435e+002  7.4078143e-001
  1.7229431e+002  7.4301372e-001
  1.7328428e+002  7.4522360e-001
  1.7427425e+002  7.4741123e-001
  1.7526421e+002  7.4957679e-001
  1.7625418e+002  7.5172045e-001
  1.7724415e+002  7.5384236e-001
  1.7823411e+002  7.5594267e-001
  1.7922408e+002  7.5802157e-001
  1.8021405e+002  7.6007921e-001
  1.8120401e+002  7.6211576e-001
  1.8219398e+002  7.6413138e-001
  1.8318395e+002  7.6612626e-001
  1.8417391e+002  7.6810055e-001
  1.8516388e+002  7.7005440e-001
  1.8615385e+002  7.7198797e-001
  1.8714381e+002  7.7390145e-001
  1.8813378e+002  7.7579498e-001
  1.8912375e+002  7.7766875e-001
  1.9011371e+002  7.7952292e-001
  1.9110368e+002  7.8135765e-001
  1.9209365e+002  7.8317310e-001
  1.9308361e+002  7.8496944e-001
  1.9407358e+002  7.8674681e-001
  1.9506355e+002  7.8850541e-001
  1.9605351e+002  7.9024538e-001
  1.9704348e+002  7.9196691e-001
  1.9803344e+002  7.9367016e-001
  1.9902341e+002  7.9535527e-001
  2.0001338e+002  7.9702241e-001
  2.0100334e+002  7.9867176e-001
  2.0199331e+002  8.0030348e-001
  2.0298328e+002  8.0191773e-001
  2.0397324e+002  8.0351467e-001
  2.0496321e+002  8.0509448e-001
  2.0595318e+002  8.0665732e-001
  2.0694314e+002  8.0820335e-001
  2.0793311e+002  8.0973274e-001
  2.0892308e+002  8.1124564e-001
  2.0991304e+002  8.1274223e-001
  2.1090301e+002  8.1422267e-001
  2.1189298e+002  8.1568713e-001
  2.1288294e+002  8.1713578e-001
  2.1387291e+002  8.1856876e-001
  2.1486288e+002  8.1998624e-001
  2.1585284e+002  8.2138840e-001
  2.1684281e+002  8.2277540e-001
  2.1783278e+002  8.2414739e-001
  2.1882274e+002  8.2550455e-001
  2.1981271e+002  8.2684705e-001
  2.2080268e+002  8.2817505e-001
  2.2179264e+002  8.2948870e-001
  2.2278261e+002  8.3078818e-001
  2.2377258e+002  8.3207365e-001
  2.2476254e+002  8.3334527e-001
  2.2575251e+002  8.3460321e-001
  2.2674247e+002  8.3584764e-001
  2.2773244e+002  8.3707872e-001
  2.2872241e+002  8.3829661e-001
  2.2971237e+002  8.3950146e-001
  2.3070234e+002  8.4069346e-001
  2.3169231e+002  8.4187277e-001
  2.3268227e+002  8.4303956e-001
  2.3367224e+002  8.4419398e-001
  2.3466221e+002  8.4533620e-001
  2.3565217e+002  8.4646638e-001
  2.3664214e+002  8.4758469e-001
  2.3763211e+002  8.4869130e-001
  2.3862207e+002  8.4978638e-001
  2.3961204e+002  8.5087007e-001
  2.4060201e+002  8.5194256e-001
  2.4159197e+002  8.5300399e-001
  2.4258194e+002  8.5405455e-001
  2.4357191e+002  8.5509438e-001
  2.4456187e+002  8.5612366e-001
  2.4555184e+002  8.5714255e-001
  2.4654181e+002  8.5815122e-001
  2.4753177e+002  8.5914984e-001
  2.4852174e+002  8.6013856e-001
  2.4951171e+002  8.6111754e-001
  2.5050167e+002  8.6208695e-001
  2.5149164e+002  8.6304697e-001
  2.5248161e+002  8.6399775e-001
  2.5347157e+002  8.6493946e-001
  2.5446154e+002  8.6587227e-001
  2.5545151e+002  8.6679633e-001
  2.5644147e+002  8.6771181e-001
  2.5743144e+002  8.6861888e-001
  2.5842140e+002  8.6951770e-001
  2.5941137e+002  8.7040843e-001
  2.6040134e+002  8.7129125e-001
  2.6139130e+002  8.7216633e-001
  2.6238127e+002  8.7303380e-001
  2.6337124e+002  8.7389385e-001
  2.6436120e+002  8.7474663e-001
  2.6535117e+002  8.7559232e-001
  2.6634114e+002  8.7643108e-001
  2.6733110e+002  8.7726307e-001
  2.6832107e+002  8.7808846e-001
  2.6931104e+002  8.7890741e-001
  2.7030100e+002  8.7972010e-001
  2.7129097e+002  8.8052667e-001
  2.7228094e+002  8.8132730e-001
  2.7327090e+002  8.8212214e-001
  2.7426087e+002  8.8291138e-001
  2.7525084e+002  8.8369516e-001
  2.7624080e+002  8.8447366e-001
  2.7723077e+002  8.8524703e-001
  2.7822074e+002  8.8601545e-001
  2.7921070e+002  8.8677908e-001
  2.8020067e+002  8.8753809e-001
  2.8119064e+002  8.8829262e-001
  2.8218060e+002  8.8904286e-001
  2.8317057e+002  8.8978898e-001
  2.8416054e+002  8.9053112e-001
  2.8515050e+002  8.9126946e-001
  2.8614047e+002  8.9200416e-001
  2.8713043e+002  8.9273538e-001
  2.8812040e+002  8.9346329e-001
  2.8911037e+002  8.9418806e-001
  2.9010033e+002  8.9490985e-001
  2.9109030e+002  8.9562882e-001
  2.9208027e+002  8.9634514e-001
  2.9307023e+002  8.9705897e-001
  2.9406020e+002  8.9777048e-001
  2.9505017e+002  8.9847984e-001
  2.9604013e+002  8.9918720e-001
  2.9703010e+002  8.9989273e-001
  2.9802007e+002  9.0059660e-001
  2.9901003e+002  9.0129897e-001
  3.0000000e+002  9.0200000e-001
