  4.0000000e+000  2.7687300e-001
  4.1661988e+000  2.9079141e-001
  4.3323975e+000  3.0512162e-001
  4.4985963e+000  3.1983487e-001
  4.6647951e+000  3.3490244e-001
  4.8309938e+000  3.5029559e-001
  4.9971926e+000  3.6598558e-001
  5.1633914e+000  3.8194370e-001
  5.3295901e+000  3.9814118e-001
  5.4957889e+000  4.1454931e-001
  5.6619876e+000  4.3113939e-001
  5.8281864e+000  4.4788271e-001
  5.9943852e+000  4.6475031e-001
  6.1605839e+000  4.8171870e-001
  6.3267827e+000  4.9878688e-001
  6.4929815e+000  5.1595964e-001
  6.6591802e+000  5.3324202e-001
  6.8253790e+000  5.5063912e-001
  6.9915778e+000  5.6815605e-001
  7.1577765e+000  5.8579651e-001
  7.3239753e+000  6.0355837e-001
  7.4901741e+000  6.2143800e-001
  7.6563728e+000  6.3943164e-001
  7.8225716e+000  6.5753551e-001
  7.9887704e+000  6.7574583e-001
  8.1549691e+000  6.9405921e-001
  8.3211679e+000  7.1247390e-001
  8.4873666e+000  7.3098860e-001
  8.6535654e+000  7.4960206e-001
  8.8197642e+000  7.6831301e-001
  8.9859629e+000  7.8712019e-001
  9.1521617e+000  8.0602225e-001
  9.3183605e+000  8.2501744e-001
  9.4845592e+000  8.4410390e-001
  9.6507580e+000  8.6327977e-001
  9.8169568e+000  8.8254317e-001
  9.9831555e+000  9.0189223e-001
  1.0149354e+001  9.2132513e-001
  1.0315553e+001  9.4084022e-001
  1.0481752e+001  9.6043591e-001
  1.0647951e+001  9.8011058e-001
  1.0814149e+001  9.9986263e-001
  1.0980348e+001  1.0196905e+000
  1.1146547e+001  1.0395927e+000
  1.1312746e+001  1.0595674e+000
  1.1478944e+001  1.0796131e+000
  1.1645143e+001  1.0997280e+000
  1.1811342e+001  1.1199105e+000
  1.1977541e+001  1.1401588e+000
  1.2143739e+001  1.1604714e+000
  1.2309938e+001  1.1808468e+000
  1.2476137e+001  1.2012839e+000
  1.2642336e+001  1.2217812e+000
  1.2808535e+001  1.2423374e+000
  1.2974733e+001  1.2629512e+000
  1.3140932e+001  1.2836212e+000
  1.3307131e+001  1.3043460e+000
  1.3473330e+001  1.3251239e+000
  1.3639528e+001  1.3459533e+000
  1.3805727e+001  1.3668327e+000
  1.3971926e+001  1.3877603e+000
  1.4138125e+001  1.4087346e+000
  1.4304323e+001  1.4297542e+000
  1.4470522e+001  1.4508177e+000
  1.4636721e+001  1.4719239e+000
  1.4802920e+001  1.4930714e+000
  1.4969118e+001  1.5142588e+000
  1.5135317e+001  1.5354849e+000
  1.5301516e+001  1.5567486e+000
  1.5467715e+001  1.5780487e+000
  1.5633914e+001  1.5993842e+000
  1.5800112e+001  1.6207541e+000
  1.5966311e+001  1.6421574e+000
  1.6132510e+001  1.6635931e+000
  1.6298709e+001  1.6850599e+000
  1.6464907e+001  1.7065563e+000
  1.6631106e+001  1.7280808e+000
  1.6797305e+001  1.7496320e+000
  1.6963504e+001  1.7712086e+000
  1.7129702e+001  1.7928091e+000
  1.7295901e+001  1.8144325e+000
  1.7462100e+001  1.8360777e+000
  1.7628299e+001  1.8577438e+000
  1.7794497e+001  1.8794298e+000
  1.7960696e+001  1.9011345e+000
  1.8126895e+001  1.9228571e+000
  1.8293094e+001  1.9445966e+000
  1.8459293e+001  1.9663521e+000
  1.8625491e+001  1.9881226e+000
  1.8791690e+001  2.0099072e+000
  1.8957889e+001  2.0317050e+000
  1.9124088e+001  2.0535149e+000
  1.9290286e+001  2.0753360e+000
  1.9456485e+001  2.0971673e+000
  1.9622684e+001  2.1190077e+000
  1.9788883e+001  2.1408562e+000
  1.9955081e+001  2.1627120e+000
  2.0121280e+001  2.1845738e+000
  2.0287479e+001  2.2064409e+000
  2.0453678e+001  2.2283124e+000
  2.0619876e+001  2.2501877e+000
  2.0786075e+001  2.2720659e+000
  2.0952274e+001  2.2939464e+000
  2.1118473e+001  2.3158284e+000
  2.1284672e+001  2.3377110e+000
  2.1450870e+001  2.3595932e+000
  2.1617069e+001  2.3814743e+000
  2.1783268e+001  2.4033532e+000
  2.1949467e+001  2.4252292e+000
  2.2115665e+001  2.4471013e+000
  2.2281864e+001  2.4689690e+000
  2.2448063e+001  2.4908314e+000
  2.2614262e+001  2.5126880e+000
  2.2780460e+001  2.5345381e+000
  2.2946659e+001  2.5563812e+000
  2.3112858e+001  2.5782165e+000
  2.3279057e+001  2.6000433e+000
  2.3445255e+001  2.6218612e+000
  2.3611454e+001  2.6436692e+000
  2.3777653e+001  2.6654665e+000
  2.3943852e+001  2.6872525e+000
  2.4110051e+001  2.7090266e+000
  2.4276249e+001  2.7307879e+000
  2.4442448e+001  2.7525360e+000
  2.4608647e+001  2.7742701e+000
  2.4774846e+001  2.7959898e+000
  2.4941044e+001  2.8176945e+000
  2.5107243e+001  2.8393835e+000
  2.5273442e+001  2.8610562e+000
  2.5439641e+001  2.8827122e+000
  2.5605839e+001  2.9043511e+000
  2.5772038e+001  2.9259727e+000
  2.5938237e+001  2.9475763e+000
  2.6104436e+001  2.9691615e+000
  2.6270634e+001  2.9907277e+000
  2.6436833e+001  3.0122742e+000
  2.6603032e+001  3.0338004e+000
  2.6769231e+001  3.0553057e+000
  2.6935430e+001  3.0767893e+000
  2.7101628e+001  3.0982506e+000
  2.7267827e+001  3.1196893e+000
  2.7434026e+001  3.1411051e+000
  2.7600225e+001  3.1624978e+000
  2.7766423e+001  3.1838672e+000
  2.7932622e+001  3.2052130e+000
  2.8098821e+001  3.2265351e+000
  2.8265020e+001  3.2478330e+000
  2.8431218e+001  3.2691059e+000
  2.8597417e+001  3.2903532e+000
  2.8763616e+001  3.3115742e+000
  2.8929815e+001  3.3327682e+000
  2.9096013e+001  3.3539344e+000
  2.9262212e+001  3.3750726e+000
  2.9428411e+001  3.3961827e+000
  2.9594610e+001  3.4172647e+000
  2.9760809e+001  3.4383187e+000
  2.9927007e+001  3.4593446e+000
  3.0093206e+001  3.4803423e+000
  3.0259405e+001  3.5013114e+000
  3.0425604e+001  3.5222514e+000
  3.0591802e+001  3.5431618e+000
  3.0758001e+001  3.5640420e+000
  3.0924200e+001  3.5848914e+000
  3.1090399e+001  3.6057093e+000
  3.1256597e+001  3.6264955e+000
  3.1422796e+001  3.6472499e+000
  3.1588995e+001  3.6679722e+000
  3.1755194e+001  3.6886625e+000
  3.1921392e+001  3.7093205e+000
  3.2087591e+001  3.7299463e+000
  3.2253790e+001  3.7505395e+000
  3.2419989e+001  3.7710999e+000
  3.2586188e+001  3.7916271e+000
  3.2752386e+001  3.8121206e+000
  3.2918585e+001  3.8325801e+000
  3.3084784e+001  3.8530053e+000
  3.3250983e+001  3.8733960e+000
  3.3417181e+001  3.8937520e+000
  3.3583380e+001  3.9140733e+000
  3.3749579e+001  3.9343596e+000
  3.3915778e+001  3.9546109e+000
  3.4081976e+001  3.9748271e+000
  3.4248175e+001  3.9950079e+000
  3.4414374e+001  4.0151532e+000
  3.4580573e+001  4.0352625e+000
  3.4746771e+001  4.0553357e+000
  3.4912970e+001  4.0753724e+000
  3.5079169e+001  4.0953724e+000
  3.5245368e+001  4.1153354e+000
  3.5411567e+001  4.1352614e+000
  3.5577765e+001  4.1551501e+000
  3.5743964e+001  4.1750015e+000
  3.5910163e+001  4.1948154e+000
  3.6076362e+001  4.2145917e+000
  3.6242560e+001  4.2343303e+000
  3.6408759e+001  4.2540313e+000
  3.6574958e+001  4.2736945e+000
  3.6741157e+001  4.2933199e+000
  3.6907355e+001  4.3129075e+000
  3.7073554e+001  4.3324575e+000
  3.7239753e+001  4.3519695e+000
  3.7405952e+001  4.3714433e+000
  3.7572150e+001  4.3908783e+000
  3.7738349e+001  4.4102743e+000
  3.7904548e+001  4.4296309e+000
  3.8070747e+001  4.4489478e+000
  3.8236946e+001  4.4682248e+000
  3.8403144e+001  4.4874620e+000
  3.8569343e+001  4.5066594e+000
  3.8735542e+001  4.5258172e+000
  3.8901741e+001  4.5449355e+000
  3.9067939e+001  4.5640144e+000
  3.9234138e+001  4.5830539e+000
  3.9400337e+001  4.6020539e+000
  3.9566536e+001  4.6210146e+000
  3.9732734e+001  4.6399357e+000
  3.9898933e+001  4.6588174e+000
  4.0065132e+001  4.6776594e+000
  4.0231331e+001  4.6964617e+000
  4.0397529e+001  4.7152241e+000
  4.0563728e+001  4.7339464e+000
  4.0729927e+001  4.7526284e+000
  4.0896126e+001  4.7712698e+000
  4.1062325e+001  4.7898705e+000
  4.1228523e+001  4.8084303e+000
  4.1394722e+001  4.8269494e+000
  4.1560921e+001  4.8454277e+000
  4.1727120e+001  4.8638654e+000
  4.1893318e+001  4.8822624e+000
  4.2059517e+001  4.9006190e+000
  4.2225716e+001  4.9189351e+000
  4.2391915e+001  4.9372106e+000
  4.2558113e+001  4.9554455e+000
  4.2724312e+001  4.9736397e+000
  4.2890511e+001  4.9917931e+000
  4.3056710e+001  5.0099056e+000
  4.3222908e+001  5.0279772e+000
  4.3389107e+001  5.0460079e+000
  4.3555306e+001  5.0639976e+000
  4.3721505e+001  5.0819462e+000
  4.3887704e+001  5.0998537e+000
  4.4053902e+001  5.1177200e+000
  4.4220101e+001  5.1355453e+000
  4.4386300e+001  5.1533297e+000
  4.4552499e+001  5.1710735e+000
  4.4718697e+001  5.1887770e+000
  4.4884896e+001  5.2064403e+000
  4.5051095e+001  5.2240638e+000
  4.5217294e+001  5.2416474e+000
  4.5383492e+001  5.2591907e+000
  4.5549691e+001  5.2766935e+000
  4.5715890e+001  5.2941554e+000
  4.5882089e+001  5.3115760e+000
  4.6048287e+001  5.3289549e+000
  4.6214486e+001  5.3462922e+000
  4.6380685e+001  5.3635876e+000
  4.6546884e+001  5.3808413e+000
  4.6713083e+001  5.3980535e+000
  4.6879281e+001  5.4152241e+000
  4.7045480e+001  5.4323532e+000
  4.7211679e+001  5.4494412e+000
  4.7377878e+001  5.4664886e+000
  4.7544076e+001  5.4834960e+000
  4.7710275e+001  5.5004637e+000
  4.7876474e+001  5.5173925e+000
  4.8042673e+001  5.5342832e+000
  4.8208871e+001  5.5511355e+000
  4.8375070e+001  5.5679490e+000
  4.8541269e+001  5.5847231e+000
  4.8707468e+001  5.6014568e+000
  4.8873666e+001  5.6181494e+000
  4.9039865e+001  5.6348000e+000
  4.9206064e+001  5.6514087e+000
  4.9372263e+001  5.6679756e+000
  4.9538462e+001  5.6845010e+000
  4.9704660e+001  5.7009856e+000
  4.9870859e+001  5.7174299e+000
  5.0037058e+001  5.7338343e+000
  5.0203257e+001  5.7501991e+000
  5.0369455e+001  5.7665242e+000
  5.0535654e+001  5.7828097e+000
  5.0701853e+001  5.7990556e+000
  5.0868052e+001  5.8152618e+000
  5.1034250e+001  5.8314284e+000
  5.1200449e+001  5.8475552e+000
  5.1366648e+001  5.8636426e+000
  5.1532847e+001  5.8796907e+000
  5.1699045e+001  5.8956997e+000
  5.1865244e+001  5.9116697e+000
  5.2031443e+001  5.9276011e+000
  5.2197642e+001  5.9434937e+000
  5.2363841e+001  5.9593476e+000
  5.2530039e+001  5.9751626e+000
  5.2696238e+001  5.9909384e+000
  5.2862437e+001  6.0066748e+000
  5.3028636e+001  6.0223717e+000
  5.3194834e+001  6.0380290e+000
  5.3361033e+001  6.0536470e+000
  5.3527232e+001  6.0692260e+000
  5.3693431e+001  6.0847660e+000
  5.3859629e+001  6.1002675e+000
  5.4025828e+001  6.1157306e+000
  5.4192027e+001  6.1311555e+000
  5.4358226e+001  6.1465423e+000
  5.4524424e+001  6.1618910e+000
  5.4690623e+001  6.1772015e+000
  5.4856822e+001  6.1924738e+000
  5.5023021e+001  6.2077078e+000
  5.5189220e+001  6.2229036e+000
  5.5355418e+001  6.2380614e+000
  5.5521617e+001  6.2531811e+000
  5.5687816e+001  6.2682629e+000
  5.5854015e+001  6.2833069e+000
  5.6020213e+001  6.2983131e+000
  5.6186412e+001  6.3132817e+000
  5.6352611e+001  6.3282128e+000
  5.6518810e+001  6.3431067e+000
  5.6685008e+001  6.3579635e+000
  5.6851207e+001  6.3727834e+000
  5.7017406e+001  6.3875665e+000
  5.7183605e+001  6.4023131e+000
  5.7349803e+001  6.4170232e+000
  5.7516002e+001  6.4316967e+000
  5.7682201e+001  6.4463337e+000
  5.7848400e+001  6.4609340e+000
  5.8014599e+001  6.4754978e+000
  5.8180797e+001  6.4900250e+000
  5.8346996e+001  6.5045158e+000
  5.8513195e+001  6.5189703e+000
  5.8679394e+001  6.5333885e+000
  5.8845592e+001  6.5477706e+000
  5.9011791e+001  6.5621166e+000
  5.9177990e+001  6.5764267e+000
  5.9344189e+001  6.5907007e+000
  5.9510387e+001  6.6049386e+000
  5.9676586e+001  6.6191400e+000
  5.9842785e+001  6.6333048e+000
  6.0008984e+001  6.6474327e+000
  6.0175182e+001  6.6615239e+000
  6.0341381e+001  6.6755789e+000
  6.0507580e+001  6.6895981e+000
  6.0673779e+001  6.7035820e+000
  6.0839978e+001  6.7175314e+000
  6.1006176e+001  6.7314466e+000
  6.1172375e+001  6.7453280e+000
  6.1338574e+001  6.7591753e+000
  6.1504773e+001  6.7729883e+000
  6.1670971e+001  6.7867666e+000
  6.1837170e+001  6.8005099e+000
  6.2003369e+001  6.8142175e+000
  6.2169568e+001  6.8278895e+000
  6.2335766e+001  6.8415264e+000
  6.2501965e+001  6.8551288e+000
  6.2668164e+001  6.8686972e+000
  6.2834363e+001  6.8822326e+000
  6.3000561e+001  6.8957356e+000
  6.3166760e+001  6.9092065e+000
  6.3332959e+001  6.9226449e+000
  6.3499158e+001  6.9360503e+000
  6.3665357e+001  6.9494219e+000
  6.3831555e+001  6.9627588e+000
  6.3997754e+001  6.9760603e+000
  6.4163953e+001  6.9893265e+000
  6.4330152e+001  7.0025578e+000
  6.4496350e+001  7.0157549e+000
  6.4662549e+001  7.0289189e+000
  6.4828748e+001  7.0420511e+000
  6.4994947e+001  7.0551523e+000
  6.5161145e+001  7.0682228e+000
  6.5327344e+001  7.0812623e+000
  6.5493543e+001  7.0942700e+000
  6.5659742e+001  7.1072446e+000
  6.5825940e+001  7.1201850e+000
  6.5992139e+001  7.1330903e+000
  6.6158338e+001  7.1459603e+000
  6.6324537e+001  7.1587958e+000
  6.6490736e+001  7.1715981e+000
  6.6656934e+001  7.1843692e+000
  6.6823133e+001  7.1971110e+000
  6.6989332e+001  7.2098251e+000
  6.7155531e+001  7.2225119e+000
  6.7321729e+001  7.2351706e+000
  6.7487928e+001  7.2477995e+000
  6.7654127e+001  7.2603965e+000
  6.7820326e+001  7.2729592e+000
  6.7986524e+001  7.2854856e+000
  6.8152723e+001  7.2979752e+000
  6.8318922e+001  7.3104288e+000
  6.8485121e+001  7.3228487e+000
  6.8651319e+001  7.3352375e+000
  6.8817518e+001  7.3475981e+000
  6.8983717e+001  7.3599332e+000
  6.9149916e+001  7.3722436e+000
  6.9316115e+001  7.3845290e+000
  6.9482313e+001  7.3967880e+000
  6.9648512e+001  7.4090183e+000
  6.9814711e+001  7.4212178e+000
  6.9980910e+001  7.4333844e+000
  7.0147108e+001  7.4455174e+000
  7.0313307e+001  7.4576169e+000
  7.0479506e+001  7.4696838e+000
  7.0645705e+001  7.4817197e+000
  7.0811903e+001  7.4937260e+000
  7.0978102e+001  7.5057041e+000
  7.1144301e+001  7.5176544e+000
  7.1310500e+001  7.5295770e+000
  7.1476698e+001  7.5414715e+000
  7.1642897e+001  7.5533370e+000
  7.1809096e+001  7.5651726e+000
  7.1975295e+001  7.5769776e+000
  7.2141494e+001  7.5887520e+000
  7.2307692e+001  7.6004962e+000
  7.2473891e+001  7.6122113e+000
  7.2640090e+001  7.6238987e+000
  7.2806289e+001  7.6355600e+000
  7.2972487e+001  7.6471964e+000
  7.3138686e+001  7.6588081e+000
  7.3304885e+001  7.6703947e+000
  7.3471084e+001  7.6819545e+000
  7.3637282e+001  7.6934852e+000
  7.3803481e+001  7.7049849e+000
  7.3969680e+001  7.7164513e+000
  7.4135879e+001  7.7278842e+000
  7.4302077e+001  7.7392839e+000
  7.4468276e+001  7.7506521e+000
  7.4634475e+001  7.7619915e+000
  7.4800674e+001  7.7733043e+000
  7.4966873e+001  7.7845930e+000
  7.5133071e+001  7.7958586e+000
  7.5299270e+001  7.8071018e+000
  7.5465469e+001  7.8183219e+000
  7.5631668e+001  7.8295179e+000
  7.5797866e+001  7.8406888e+000
  7.5964065e+001  7.8518337e+000
  7.6130264e+001  7.8629521e+000
  7.6296463e+001  7.8740432e+000
  7.6462661e+001  7.8851066e+000
  7.6628860e+001  7.8961419e+000
  7.6795059e+001  7.9071483e+000
  7.6961258e+001  7.9181253e+000
  7.7127456e+001  7.9290729e+000
  7.7293655e+001  7.9399918e+000
  7.7459854e+001  7.9508832e+000
  7.7626053e+001  7.9617488e+000
  7.7792252e+001  7.9725902e+000
  7.7958450e+001  7.9834090e+000
  7.8124649e+001  7.9942058e+000
  7.8290848e+001  8.0049805e+000
  7.8457047e+001  8.0157323e+000
  7.8623245e+001  8.0264596e+000
  7.8789444e+001  8.0371611e+000
  7.8955643e+001  8.0478355e+000
  7.9121842e+001  8.0584823e+000
  7.9288040e+001  8.0691018e+000
  7.9454239e+001  8.0796953e+000
  7.9620438e+001  8.0902645e+000
  7.9786637e+001  8.1008112e+000
  7.9952835e+001  8.1113370e+000
  8.0119034e+001  8.1218424e+000
  8.0285233e+001  8.1323271e+000
  8.0451432e+001  8.1427892e+000
  8.0617631e+001  8.1532262e+000
  8.0783829e+001  8.1636355e+000
  8.0950028e+001  8.1740148e+000
  8.1116227e+001  8.1843633e+000
  8.1282426e+001  8.1946811e+000
  8.1448624e+001  8.2049706e+000
  8.1614823e+001  8.2152346e+000
  8.1781022e+001  8.2254762e+000
  8.1947221e+001  8.2356981e+000
  8.2113419e+001  8.2459018e+000
  8.2279618e+001  8.2560880e+000
  8.2445817e+001  8.2662559e+000
  8.2612016e+001  8.2764040e+000
  8.2778214e+001  8.2865309e+000
  8.2944413e+001  8.2966355e+000
  8.3110612e+001  8.3067168e+000
  8.3276811e+001  8.3167740e+000
  8.3443010e+001  8.3268068e+000
  8.3609208e+001  8.3368150e+000
  8.3775407e+001  8.3467985e+000
  8.3941606e+001  8.3567569e+000
  8.4107805e+001  8.3666903e+000
  8.4274003e+001  8.3765987e+000
  8.4440202e+001  8.3864825e+000
  8.4606401e+001  8.3963423e+000
  8.4772600e+001  8.4061786e+000
  8.4938798e+001  8.4159919e+000
  8.5104997e+001  8.4257828e+000
  8.5271196e+001  8.4355518e+000
  8.5437395e+001  8.4452997e+000
  8.5603593e+001  8.4550271e+000
  8.5769792e+001  8.4647348e+000
  8.5935991e+001  8.4744236e+000
  8.6102190e+001  8.4840938e+000
  8.6268389e+001  8.4937453e+000
  8.6434587e+001  8.5033770e+000
  8.6600786e+001  8.5129877e+000
  8.6766985e+001  8.5225762e+000
  8.6933184e+001  8.5321412e+000
  8.7099382e+001  8.5416821e+000
  8.7265581e+001  8.5511989e+000
  8.7431780e+001  8.5606924e+000
  8.7597979e+001  8.5701637e+000
  8.7764177e+001  8.5796142e+000
  8.7930376e+001  8.5890451e+000
  8.8096575e+001  8.5984569e+000
  8.8262774e+001  8.6078503e+000
  8.8428972e+001  8.6172251e+000
  8.8595171e+001  8.6265810e+000
  8.8761370e+001  8.6359178e+000
  8.8927569e+001  8.6452354e+000
  8.9093768e+001  8.6545335e+000
  8.9259966e+001  8.6638116e+000
  8.9426165e+001  8.6730695e+000
  8.9592364e+001  8.6823064e+000
  8.9758563e+001  8.6915218e+000
  8.9924761e+001  8.7007152e+000
  9.0090960e+001  8.7098865e+000
  9.0257159e+001  8.7190359e+000
  9.0423358e+001  8.7281642e+000
  9.0589556e+001  8.7372727e+000
  9.0755755e+001  8.7463627e+000
  9.0921954e+001  8.7554354e+000
  9.1088153e+001  8.7644915e+000
  9.1254351e+001  8.7735314e+000
  9.1420550e+001  8.7825545e+000
  9.1586749e+001  8.7915599e+000
  9.1752948e+001  8.8005468e+000
  9.1919147e+001  8.8095144e+000
  9.2085345e+001  8.8184623e+000
  9.2251544e+001  8.8273900e+000
  9.2417743e+001  8.8362976e+000
  9.2583942e+001  8.8451855e+000
  9.2750140e+001  8.8540539e+000
  9.2916339e+001  8.8629029e+000
  9.3082538e+001  8.8717327e+000
  9.3248737e+001  8.8805434e+000
  9.3414935e+001  8.8893349e+000
  9.3581134e+001  8.8981073e+000
  9.3747333e+001  8.9068602e+000
  9.3913532e+001  8.9155938e+000
  9.4079730e+001  8.9243080e+000
  9.4245929e+001  8.9330032e+000
  9.4412128e+001  8.9416801e+000
  9.4578327e+001  8.9503398e+000
  9.4744526e+001  8.9589833e+000
  9.4910724e+001  8.9676115e+000
  9.5076923e+001  8.9762250e+000
  9.5243122e+001  8.9848241e+000
  9.5409321e+001  8.9934081e+000
  9.5575519e+001  9.0019761e+000
  9.5741718e+001  9.0105271e+000
  9.5907917e+001  9.0190602e+000
  9.6074116e+001  9.0275747e+000
  9.6240314e+001  9.0360699e+000
  9.6406513e+001  9.0445457e+000
  9.6572712e+001  9.0530019e+000
  9.6738911e+001  9.0614381e+000
  9.6905109e+001  9.0698539e+000
  9.7071308e+001  9.0782496e+000
  9.7237507e+001  9.0866259e+000
  9.7403706e+001  9.0949844e+000
  9.7569905e+001  9.1033273e+000
  9.7736103e+001  9.1116568e+000
  9.7902302e+001  9.1199752e+000
  9.8068501e+001  9.1282836e+000
  9.8234700e+001  9.1365823e+000
  9.8400898e+001  9.1448695e+000
  9.8567097e+001  9.1531420e+000
  9.8733296e+001  9.1613967e+000
  9.8899495e+001  9.1696310e+000
  9.9065693e+001  9.1778428e+000
  9.9231892e+001  9.1860312e+000
  9.9398091e+001  9.1941973e+000
  9.9564290e+001  9.2023433e+000
  9.9730488e+001  9.2104717e+000
  9.9896687e+001  9.2185845e+000
  1.0006289e+002  9.2266830e+000
  1.0022908e+002  9.2347682e+000
  1.0039528e+002  9.2428402e+000
  1.0056148e+002  9.2508984e+000
  1.0072768e+002  9.2589424e+000
  1.0089388e+002  9.2669713e+000
  1.0106008e+002  9.2749849e+000
  1.0122628e+002  9.2829836e+000
  1.0139248e+002  9.2909676e+000
  1.0155867e+002  9.2989376e+000
  1.0172487e+002  9.3068944e+000
  1.0189107e+002  9.3148392e+000
  1.0205727e+002  9.3227724e+000
  1.0222347e+002  9.3306938e+000
  1.0238967e+002  9.3386023e+000
  1.0255587e+002  9.3464963e+000
  1.0272207e+002  9.3543743e+000
  1.0288827e+002  9.3622352e+000
  1.0305446e+002  9.3700779e+000
  1.0322066e+002  9.3779016e+000
  1.0338686e+002  9.3857071e+000
  1.0355306e+002  9.3934962e+000
  1.0371926e+002  9.4012701e+000
  1.0388546e+002  9.4090298e+000
  1.0405166e+002  9.4167764e+000
  1.0421786e+002  9.4245107e+000
  1.0438405e+002  9.4322325e+000
  1.0455025e+002  9.4399412e+000
  1.0471645e+002  9.4476359e+000
  1.0488265e+002  9.4553161e+000
  1.0504885e+002  9.4629813e+000
  1.0521505e+002  9.4706315e+000
  1.0538125e+002  9.4782662e+000
  1.0554745e+002  9.4858851e+000
  1.0571364e+002  9.4934879e+000
  1.0587984e+002  9.5010747e+000
  1.0604604e+002  9.5086456e+000
  1.0621224e+002  9.5162008e+000
  1.0637844e+002  9.5237423e+000
  1.0654464e+002  9.5312728e+000
  1.0671084e+002  9.5387952e+000
  1.0687704e+002  9.5463120e+000
  1.0704323e+002  9.5538244e+000
  1.0720943e+002  9.5613326e+000
  1.0737563e+002  9.5688335e+000
  1.0754183e+002  9.5763220e+000
  1.0770803e+002  9.5837928e+000
  1.0787423e+002  9.5912406e+000
  1.0804043e+002  9.5986620e+000
  1.0820663e+002  9.6060557e+000
  1.0837282e+002  9.6134246e+000
  1.0853902e+002  9.6207748e+000
  1.0870522e+002  9.6281121e+000
  1.0887142e+002  9.6354420e+000
  1.0903762e+002  9.6427688e+000
  1.0920382e+002  9.6500957e+000
  1.0937002e+002  9.6574215e+000
  1.0953622e+002  9.6647423e+000
  1.0970241e+002  9.6720549e+000
  1.0986861e+002  9.6793568e+000
  1.1003481e+002  9.6866453e+000
  1.1020101e+002  9.6939179e+000
  1.1036721e+002  9.7011739e+000
  1.1053341e+002  9.7084137e+000
  1.1069961e+002  9.7156371e+000
  1.1086581e+002  9.7228436e+000
  1.1103200e+002  9.7300333e+000
  1.1119820e+002  9.7372066e+000
  1.1136440e+002  9.7443652e+000
  1.1153060e+002  9.7515118e+000
  1.1169680e+002  9.7586487e+000
  1.1186300e+002  9.7657780e+000
  1.1202920e+002  9.7729012e+000
  1.1219540e+002  9.7800196e+000
  1.1236159e+002  9.7871311e+000
  1.1252779e+002  9.7942320e+000
  1.1269399e+002  9.8013187e+000
  1.1286019e+002  9.8083880e+000
  1.1302639e+002  9.8154376e+000
  1.1319259e+002  9.8224660e+000
  1.1335879e+002  9.8294750e+000
  1.1352499e+002  9.8364689e+000
  1.1369118e+002  9.8434518e+000
  1.1385738e+002  9.8504277e+000
  1.1402358e+002  9.8573996e+000
  1.1418978e+002  9.8643691e+000
  1.1435598e+002  9.8713353e+000
  1.1452218e+002  9.8782951e+000
  1.1468838e+002  9.8852451e+000
  1.1485458e+002  9.8921822e+000
  1.1502077e+002  9.8991040e+000
  1.1518697e+002  9.9060090e+000
  1.1535317e+002  9.9128979e+000
  1.1551937e+002  9.9197726e+000
  1.1568557e+002  9.9266349e+000
  1.1585177e+002  9.9334867e+000
  1.1601797e+002  9.9403294e+000
  1.1618417e+002  9.9471647e+000
  1.1635036e+002  9.9539923e+000
  1.1651656e+002  9.9608111e+000
  1.1668276e+002  9.9676204e+000
  1.1684896e+002  9.9744199e+000
  1.1701516e+002  9.9812088e+000
  1.1718136e+002  9.9879864e+000
  1.1734756e+002  9.9947523e+000
  1.1751376e+002  1.0001507e+001
  1.1767996e+002  1.0008249e+001
  1.1784615e+002  1.0014980e+001
  1.1801235e+002  1.0021699e+001
  1.1817855e+002  1.0028406e+001
  1.1834475e+002  1.0035101e+001
  1.1851095e+002  1.0041786e+001
  1.1867715e+002  1.0048460e+001
  1.1884335e+002  1.0055126e+001
  1.1900955e+002  1.0061782e+001
  1.1917574e+002  1.0068431e+001
  1.1934194e+002  1.0075073e+001
  1.1950814e+002  1.0081707e+001
  1.1967434e+002  1.0088334e+001
  1.1984054e+002  1.0094955e+001
  1.2000674e+002  1.0101568e+001
  1.2017294e+002  1.0108174e+001
  1.2033914e+002  1.0114773e+001
  1.2050533e+002  1.0121362e+001
  1.2067153e+002  1.0127939e+001
  1.2083773e+002  1.0134504e+001
  1.2100393e+002  1.0141055e+001
  1.2117013e+002  1.0147590e+001
  1.2133633e+002  1.0154110e+001
  1.2150253e+002  1.0160615e+001
  1.2166873e+002  1.0167106e+001
  1.2183492e+002  1.0173582e+001
  1.2200112e+002  1.0180043e+001
  1.2216732e+002  1.0186492e+001
  1.2233352e+002  1.0192929e+001
  1.2249972e+002  1.0199359e+001
  1.2266592e+002  1.0205785e+001
  1.2283212e+002  1.0212210e+001
  1.2299832e+002  1.0218635e+001
  1.2316451e+002  1.0225065e+001
  1.2333071e+002  1.0231495e+001
  1.2349691e+002  1.0237921e+001
  1.2366311e+002  1.0244338e+001
  1.2382931e+002  1.0250741e+001
  1.2399551e+002  1.0257128e+001
  1.2416171e+002  1.0263493e+001
  1.2432791e+002  1.0269838e+001
  1.2449410e+002  1.0276169e+001
  1.2466030e+002  1.0282491e+001
  1.2482650e+002  1.0288808e+001
  1.2499270e+002  1.0295123e+001
  1.2515890e+002  1.0301440e+001
  1.2532510e+002  1.0307759e+001
  1.2549130e+002  1.0314078e+001
  1.2565750e+002  1.0320395e+001
  1.2582369e+002  1.0326709e+001
  1.2598989e+002  1.0333017e+001
  1.2615609e+002  1.0339317e+001
  1.2632229e+002  1.0345608e+001
  1.2648849e+002  1.0351887e+001
  1.2665469e+002  1.0358149e+001
  1.2682089e+002  1.0364394e+001
  1.2698709e+002  1.0370617e+001
  1.2715328e+002  1.0376818e+001
  1.2731948e+002  1.0382999e+001
  1.2748568e+002  1.0389164e+001
  1.2765188e+002  1.0395319e+001
  1.2781808e+002  1.0401469e+001
  1.2798428e+002  1.0407618e+001
  1.2815048e+002  1.0413770e+001
  1.2831668e+002  1.0419924e+001
  1.2848287e+002  1.0426078e+001
  1.2864907e+002  1.0432229e+001
  1.2881527e+002  1.0438376e+001
  1.2898147e+002  1.0444516e+001
  1.2914767e+002  1.0450646e+001
  1.2931387e+002  1.0456766e+001
  1.2948007e+002  1.0462875e+001
  1.2964627e+002  1.0468971e+001
  1.2981246e+002  1.0475054e+001
  1.2997866e+002  1.0481122e+001
  1.3014486e+002  1.0487176e+001
  1.3031106e+002  1.0493218e+001
  1.3047726e+002  1.0499251e+001
  1.3064346e+002  1.0505277e+001
  1.3080966e+002  1.0511301e+001
  1.3097586e+002  1.0517325e+001
  1.3114206e+002  1.0523351e+001
  1.3130825e+002  1.0529379e+001
  1.3147445e+002  1.0535404e+001
  1.3164065e+002  1.0541423e+001
  1.3180685e+002  1.0547432e+001
  1.3197305e+002  1.0553429e+001
  1.3213925e+002  1.0559410e+001
  1.3230545e+002  1.0565376e+001
  1.3247165e+002  1.0571330e+001
  1.3263784e+002  1.0577274e+001
  1.3280404e+002  1.0583210e+001
  1.3297024e+002  1.0589139e+001
  1.3313644e+002  1.0595063e+001
  1.3330264e+002  1.0600986e+001
  1.3346884e+002  1.0606905e+001
  1.3363504e+002  1.0612820e+001
  1.3380124e+002  1.0618733e+001
  1.3396743e+002  1.0624643e+001
  1.3413363e+002  1.0630549e+001
  1.3429983e+002  1.0636450e+001
  1.3446603e+002  1.0642344e+001
  1.3463223e+002  1.0648228e+001
  1.3479843e+002  1.0654099e+001
  1.3496463e+002  1.0659956e+001
  1.3513083e+002  1.0665796e+001
  1.3529702e+002  1.0671620e+001
  1.3546322e+002  1.0677435e+001
  1.3562942e+002  1.0683244e+001
  1.3579562e+002  1.0689052e+001
  1.3596182e+002  1.0694864e+001
  1.3612802e+002  1.0700683e+001
  1.3629422e+002  1.0706508e+001
  1.3646042e+002  1.0712334e+001
  1.3662661e+002  1.0718156e+001
  1.3679281e+002  1.0723970e+001
  1.3695901e+002  1.0729772e+001
  1.3712521e+002  1.0735557e+001
  1.3729141e+002  1.0741326e+001
  1.3745761e+002  1.0747080e+001
  1.3762381e+002  1.0752824e+001
  1.3779001e+002  1.0758560e+001
  1.3795620e+002  1.0764290e+001
  1.3812240e+002  1.0770018e+001
  1.3828860e+002  1.0775742e+001
  1.3845480e+002  1.0781464e+001
  1.3862100e+002  1.0787182e+001
  1.3878720e+002  1.0792894e+001
  1.3895340e+002  1.0798601e+001
  1.3911960e+002  1.0804301e+001
  1.3928579e+002  1.0809996e+001
  1.3945199e+002  1.0815684e+001
  1.3961819e+002  1.0821367e+001
  1.3978439e+002  1.0827044e+001
  1.3995059e+002  1.0832714e+001
  1.4011679e+002  1.0838381e+001
  1.4028299e+002  1.0844042e+001
  1.4044919e+002  1.0849698e+001
  1.4061538e+002  1.0855348e+001
  1.4078158e+002  1.0860992e+001
  1.4094778e+002  1.0866630e+001
  1.4111398e+002  1.0872262e+001
  1.4128018e+002  1.0877888e+001
  1.4144638e+002  1.0883509e+001
  1.4161258e+002  1.0889125e+001
  1.4177878e+002  1.0894737e+001
  1.4194497e+002  1.0900345e+001
  1.4211117e+002  1.0905948e+001
  1.4227737e+002  1.0911547e+001
  1.4244357e+002  1.0917140e+001
  1.4260977e+002  1.0922725e+001
  1.4277597e+002  1.0928301e+001
  1.4294217e+002  1.0933867e+001
  1.4310837e+002  1.0939420e+001
  1.4327456e+002  1.0944962e+001
  1.4344076e+002  1.0950496e+001
  1.4360696e+002  1.0956026e+001
  1.4377316e+002  1.0961554e+001
  1.4393936e+002  1.0967082e+001
  1.4410556e+002  1.0972614e+001
  1.4427176e+002  1.0978148e+001
  1.4443796e+002  1.0983679e+001
  1.4460415e+002  1.0989202e+001
  1.4477035e+002  1.0994713e+001
  1.4493655e+002  1.1000207e+001
  1.4510275e+002  1.1005681e+001
  1.4526895e+002  1.1011137e+001
  1.4543515e+002  1.1016581e+001
  1.4560135e+002  1.1022021e+001
  1.4576755e+002  1.1027465e+001
  1.4593375e+002  1.1032921e+001
  1.4609994e+002  1.1038394e+001
  1.4626614e+002  1.1043883e+001
  1.4643234e+002  1.1049380e+001
  1.4659854e+002  1.1054877e+001
  1.4676474e+002  1.1060365e+001
  1.4693094e+002  1.1065834e+001
  1.4709714e+002  1.1071278e+001
  1.4726334e+002  1.1076697e+001
  1.4742953e+002  1.1082097e+001
  1.4759573e+002  1.1087487e+001
  1.4776193e+002  1.1092874e+001
  1.4792813e+002  1.1098265e+001
  1.4809433e+002  1.1103668e+001
  1.4826053e+002  1.1109081e+001
  1.4842673e+002  1.1114497e+001
  1.4859293e+002  1.1119910e+001
  1.4875912e+002  1.1125310e+001
  1.4892532e+002  1.1130690e+001
  1.4909152e+002  1.1136045e+001
  1.4925772e+002  1.1141375e+001
  1.4942392e+002  1.1146688e+001
  1.4959012e+002  1.1151993e+001
  1.4975632e+002  1.1157300e+001
  1.4992252e+002  1.1162616e+001
  1.5008871e+002  1.1167950e+001
  1.5025491e+002  1.1173302e+001
  1.5042111e+002  1.1178665e+001
  1.5058731e+002  1.1184029e+001
  1.5075351e+002  1.1189386e+001
  1.5091971e+002  1.1194728e+001
  1.5108591e+002  1.1200046e+001
  1.5125211e+002  1.1205341e+001
  1.5141830e+002  1.1210620e+001
  1.5158450e+002  1.1215893e+001
  1.5175070e+002  1.1221168e+001
  1.5191690e+002  1.1226452e+001
  1.5208310e+002  1.1231753e+001
  1.5224930e+002  1.1237073e+001
  1.5241550e+002  1.1242401e+001
  1.5258170e+002  1.1247731e+001
  1.5274789e+002  1.1253055e+001
  1.5291409e+002  1.1258365e+001
  1.5308029e+002  1.1263651e+001
  1.5324649e+002  1.1268913e+001
  1.5341269e+002  1.1274155e+001
  1.5357889e+002  1.1279383e+001
  1.5374509e+002  1.1284602e+001
  1.5391129e+002  1.1289817e+001
  1.5407748e+002  1.1295032e+001
  1.5424368e+002  1.1300249e+001
  1.5440988e+002  1.1305469e+001
  1.5457608e+002  1.1310689e+001
  1.5474228e+002  1.1315909e+001
  1.5490848e+002  1.1321127e+001
  1.5507468e+002  1.1326343e+001
  1.5524088e+002  1.1331556e+001
  1.5540707e+002  1.1336765e+001
  1.5557327e+002  1.1341969e+001
  1.5573947e+002  1.1347167e+001
  1.5590567e+002  1.1352358e+001
  1.5607187e+002  1.1357540e+001
  1.5623807e+002  1.1362715e+001
  1.5640427e+002  1.1367884e+001
  1.5657047e+002  1.1373050e+001
  1.5673666e+002  1.1378215e+001
  1.5690286e+002  1.1383380e+001
  1.5706906e+002  1.1388548e+001
  1.5723526e+002  1.1393719e+001
  1.5740146e+002  1.1398891e+001
  1.5756766e+002  1.1404062e+001
  1.5773386e+002  1.1409232e+001
  1.5790006e+002  1.1414397e+001
  1.5806625e+002  1.1419556e+001
  1.5823245e+002  1.1424707e+001
  1.5839865e+002  1.1429851e+001
  1.5856485e+002  1.1434988e+001
  1.5873105e+002  1.1440117e+001
  1.5889725e+002  1.1445238e+001
  1.5906345e+002  1.1450351e+001
  1.5922965e+002  1.1455457e+001
  1.5939585e+002  1.1460558e+001
  1.5956204e+002  1.1465657e+001
  1.5972824e+002  1.1470756e+001
  1.5989444e+002  1.1475858e+001
  1.6006064e+002  1.1480964e+001
  1.6022684e+002  1.1486075e+001
  1.6039304e+002  1.1491187e+001
  1.6055924e+002  1.1496296e+001
  1.6072544e+002  1.1501398e+001
  1.6089163e+002  1.1506489e+001
  1.6105783e+002  1.1511564e+001
  1.6122403e+002  1.1516624e+001
  1.6139023e+002  1.1521674e+001
  1.6155643e+002  1.1526719e+001
  1.6172263e+002  1.1531764e+001
  1.6188883e+002  1.1536814e+001
  1.6205503e+002  1.1541878e+001
  1.6222122e+002  1.1546954e+001
  1.6238742e+002  1.1552035e+001
  1.6255362e+002  1.1557116e+001
  1.6271982e+002  1.1562188e+001
  1.6288602e+002  1.1567245e+001
  1.6305222e+002  1.1572279e+001
  1.6321842e+002  1.1577288e+001
  1.6338462e+002  1.1582283e+001
  1.6355081e+002  1.1587272e+001
  1.6371701e+002  1.1592264e+001
  1.6388321e+002  1.1597270e+001
  1.6404941e+002  1.1602298e+001
  1.6421561e+002  1.1607350e+001
  1.6438181e+002  1.1612417e+001
  1.6454801e+002  1.1617487e+001
  1.6471421e+002  1.1622549e+001
  1.6488040e+002  1.1627591e+001
  1.6504660e+002  1.1632601e+001
  1.6521280e+002  1.1637577e+001
  1.6537900e+002  1.1642529e+001
  1.6554520e+002  1.1647467e+001
  1.6571140e+002  1.1652401e+001
  1.6587760e+002  1.1657345e+001
  1.6604380e+002  1.1662311e+001
  1.6620999e+002  1.1667301e+001
  1.6637619e+002  1.1672308e+001
  1.6654239e+002  1.1677324e+001
  1.6670859e+002  1.1682339e+001
  1.6687479e+002  1.1687343e+001
  1.6704099e+002  1.1692327e+001
  1.6720719e+002  1.1697288e+001
  1.6737339e+002  1.1702231e+001
  1.6753958e+002  1.1707160e+001
  1.6770578e+002  1.1712083e+001
  1.6787198e+002  1.1717005e+001
  1.6803818e+002  1.1721933e+001
  1.6820438e+002  1.1726869e+001
  1.6837058e+002  1.1731810e+001
  1.6853678e+002  1.1736753e+001
  1.6870298e+002  1.1741693e+001
  1.6886917e+002  1.1746625e+001
  1.6903537e+002  1.1751546e+001
  1.6920157e+002  1.1756455e+001
  1.6936777e+002  1.1761356e+001
  1.6953397e+002  1.1766252e+001
  1.6970017e+002  1.1771149e+001
  1.6986637e+002  1.1776051e+001
  1.7003257e+002  1.1780964e+001
  1.7019876e+002  1.1785887e+001
  1.7036496e+002  1.1790815e+001
  1.7053116e+002  1.1795744e+001
  1.7069736e+002  1.1800668e+001
  1.7086356e+002  1.1805581e+001
  1.7102976e+002  1.1810475e+001
  1.7119596e+002  1.1815350e+001
  1.7136216e+002  1.1820212e+001
  1.7152835e+002  1.1825069e+001
  1.7169455e+002  1.1829930e+001
  1.7186075e+002  1.1834802e+001
  1.7202695e+002  1.1839696e+001
  1.7219315e+002  1.1844611e+001
  1.7235935e+002  1.1849541e+001
  1.7252555e+002  1.1854476e+001
  1.7269175e+002  1.1859406e+001
  1.7285794e+002  1.1864320e+001
  1.7302414e+002  1.1869208e+001
  1.7319034e+002  1.1874065e+001
  1.7335654e+002  1.1878897e+001
  1.7352274e+002  1.1883710e+001
  1.7368894e+002  1.1888513e+001
  1.7385514e+002  1.1893312e+001
  1.7402134e+002  1.1898117e+001
  1.7418754e+002  1.1902932e+001
  1.7435373e+002  1.1907757e+001
  1.7451993e+002  1.1912592e+001
  1.7468613e+002  1.1917435e+001
  1.7485233e+002  1.1922285e+001
  1.7501853e+002  1.1927141e+001
  1.7518473e+002  1.1932002e+001
  1.7535093e+002  1.1936863e+001
  1.7551713e+002  1.1941724e+001
  1.7568332e+002  1.1946578e+001
  1.7584952e+002  1.1951424e+001
  1.7601572e+002  1.1956257e+001
  1.7618192e+002  1.1961076e+001
  1.7634812e+002  1.1965885e+001
  1.7651432e+002  1.1970685e+001
  1.7668052e+002  1.1975481e+001
  1.7684672e+002  1.1980275e+001
  1.7701291e+002  1.1985073e+001
  1.7717911e+002  1.1989875e+001
  1.7734531e+002  1.1994681e+001
  1.7751151e+002  1.1999487e+001
  1.7767771e+002  1.2004293e+001
  1.7784391e+002  1.2009095e+001
  1.7801011e+002  1.2013891e+001
  1.7817631e+002  1.2018681e+001
  1.7834250e+002  1.2023466e+001
  1.7850870e+002  1.2028249e+001
  1.7867490e+002  1.2033032e+001
  1.7884110e+002  1.2037818e+001
  1.7900730e+002  1.2042611e+001
  1.7917350e+002  1.2047411e+001
  1.7933970e+002  1.2052216e+001
  1.7950590e+002  1.2057024e+001
  1.7967209e+002  1.2061831e+001
  1.7983829e+002  1.2066634e+001
  1.8000449e+002  1.2071429e+001
  1.8017069e+002  1.2076215e+001
  1.8033689e+002  1.2080989e+001
  1.8050309e+002  1.2085750e+001
  1.8066929e+002  1.2090497e+001
  1.8083549e+002  1.2095231e+001
  1.8100168e+002  1.2099947e+001
  1.8116788e+002  1.2104649e+001
  1.8133408e+002  1.2109342e+001
  1.8150028e+002  1.2114033e+001
  1.8166648e+002  1.2118728e+001
  1.8183268e+002  1.2123437e+001
  1.8199888e+002  1.2128168e+001
  1.8216508e+002  1.2132924e+001
  1.8233127e+002  1.2137697e+001
  1.8249747e+002  1.2142481e+001
  1.8266367e+002  1.2147263e+001
  1.8282987e+002  1.2152036e+001
  1.8299607e+002  1.2156787e+001
  1.8316227e+002  1.2161514e+001
  1.8332847e+002  1.2166220e+001
  1.8349467e+002  1.2170913e+001
  1.8366086e+002  1.2175602e+001
  1.8382706e+002  1.2180298e+001
  1.8399326e+002  1.2185009e+001
  1.8415946e+002  1.2189740e+001
  1.8432566e+002  1.2194488e+001
  1.8449186e+002  1.2199248e+001
  1.8465806e+002  1.2204013e+001
  1.8482426e+002  1.2208775e+001
  1.8499045e+002  1.2213527e+001
  1.8515665e+002  1.2218266e+001
  1.8532285e+002  1.2222989e+001
  1.8548905e+002  1.2227698e+001
  1.8565525e+002  1.2232395e+001
  1.8582145e+002  1.2237079e+001
  1.8598765e+002  1.2241753e+001
  1.8615385e+002  1.2246417e+001
  1.8632004e+002  1.2251076e+001
  1.8648624e+002  1.2255735e+001
  1.8665244e+002  1.2260401e+001
  1.8681864e+002  1.2265077e+001
  1.8698484e+002  1.2269772e+001
  1.8715104e+002  1.2274486e+001
  1.8731724e+002  1.2279213e+001
  1.8748344e+002  1.2283947e+001
  1.8764964e+002  1.2288678e+001
  1.8781583e+002  1.2293397e+001
  1.8798203e+002  1.2298093e+001
  1.8814823e+002  1.2302763e+001
  1.8831443e+002  1.2307414e+001
  1.8848063e+002  1.2312052e+001
  1.8864683e+002  1.2316691e+001
  1.8881303e+002  1.2321341e+001
  1.8897923e+002  1.2326015e+001
  1.8914542e+002  1.2330717e+001
  1.8931162e+002  1.2335442e+001
  1.8947782e+002  1.2340179e+001
  1.8964402e+002  1.2344915e+001
  1.8981022e+002  1.2349638e+001
  1.8997642e+002  1.2354335e+001
  1.9014262e+002  1.2358999e+001
  1.9030882e+002  1.2363634e+001
  1.9047501e+002  1.2368247e+001
  1.9064121e+002  1.2372850e+001
  1.9080741e+002  1.2377452e+001
  1.9097361e+002  1.2382067e+001
  1.9113981e+002  1.2386698e+001
  1.9130601e+002  1.2391345e+001
  1.9147221e+002  1.2396003e+001
  1.9163841e+002  1.2400666e+001
  1.9180460e+002  1.2405329e+001
  1.9197080e+002  1.2409983e+001
  1.9213700e+002  1.2414626e+001
  1.9230320e+002  1.2419260e+001
  1.9246940e+002  1.2423890e+001
  1.9263560e+002  1.2428520e+001
  1.9280180e+002  1.2433155e+001
  1.9296800e+002  1.2437804e+001
  1.9313419e+002  1.2442467e+001
  1.9330039e+002  1.2447139e+001
  1.9346659e+002  1.2451812e+001
  1.9363279e+002  1.2456477e+001
  1.9379899e+002  1.2461122e+001
  1.9396519e+002  1.2465737e+001
  1.9413139e+002  1.2470317e+001
  1.9429759e+002  1.2474873e+001
  1.9446378e+002  1.2479416e+001
  1.9462998e+002  1.2483965e+001
  1.9479618e+002  1.2488536e+001
  1.9496238e+002  1.2493150e+001
  1.9512858e+002  1.2497815e+001
  1.9529478e+002  1.2502520e+001
  1.9546098e+002  1.2507250e+001
  1.9562718e+002  1.2511984e+001
  1.9579337e+002  1.2516698e+001
  1.9595957e+002  1.2521370e+001
  1.9612577e+002  1.2525986e+001
  1.9629197e+002  1.2530553e+001
  1.9645817e+002  1.2535082e+001
  1.9662437e+002  1.2539590e+001
  1.9679057e+002  1.2544097e+001
  1.9695677e+002  1.2548620e+001
  1.9712296e+002  1.2553172e+001
  1.9728916e+002  1.2557751e+001
  1.9745536e+002  1.2562354e+001
  1.9762156e+002  1.2566971e+001
  1.9778776e+002  1.2571596e+001
  1.9795396e+002  1.2576219e+001
  1.9812016e+002  1.2580836e+001
  1.9828636e+002  1.2585446e+001
  1.9845255e+002  1.2590049e+001
  1.9861875e+002  1.2594649e+001
  1.9878495e+002  1.2599247e+001
  1.9895115e+002  1.2603848e+001
  1.9911735e+002  1.2608451e+001
  1.9928355e+002  1.2613057e+001
  1.9944975e+002  1.2617665e+001
  1.9961595e+002  1.2622272e+001
  1.9978214e+002  1.2626875e+001
  1.9994834e+002  1.2631472e+001
  2.0011454e+002  1.2636063e+001
  2.0028074e+002  1.2640646e+001
  2.0044694e+002  1.2645221e+001
  2.0061314e+002  1.2649789e+001
  2.0077934e+002  1.2654352e+001
  2.0094554e+002  1.2658908e+001
  2.0111173e+002  1.2663459e+001
  2.0127793e+002  1.2668007e+001
  2.0144413e+002  1.2672554e+001
  2.0161033e+002  1.2677105e+001
  2.0177653e+002  1.2681660e+001
  2.0194273e+002  1.2686225e+001
  2.0210893e+002  1.2690801e+001
  2.0227513e+002  1.2695386e+001
  2.0244133e+002  1.2699977e+001
  2.0260752e+002  1.2704570e+001
  2.0277372e+002  1.2709161e+001
  2.0293992e+002  1.2713745e+001
  2.0310612e+002  1.2718318e+001
  2.0327232e+002  1.2722882e+001
  2.0343852e+002  1.2727438e+001
  2.0360472e+002  1.2731987e+001
  2.0377092e+002  1.2736533e+001
  2.0393711e+002  1.2741079e+001
  2.0410331e+002  1.2745627e+001
  2.0426951e+002  1.2750178e+001
  2.0443571e+002  1.2754730e+001
  2.0460191e+002  1.2759285e+001
  2.0476811e+002  1.2763841e+001
  2.0493431e+002  1.2768399e+001
  2.0510051e+002  1.2772957e+001
  2.0526670e+002  1.2777515e+001
  2.0543290e+002  1.2782071e+001
  2.0559910e+002  1.2786626e+001
  2.0576530e+002  1.2791179e+001
  2.0593150e+002  1.2795727e+001
  2.0609770e+002  1.2800270e+001
  2.0626390e+002  1.2804810e+001
  2.0643010e+002  1.2809347e+001
  2.0659629e+002  1.2813882e+001
  2.0676249e+002  1.2818417e+001
  2.0692869e+002  1.2822953e+001
  2.0709489e+002  1.2827492e+001
  2.0726109e+002  1.2832035e+001
  2.0742729e+002  1.2836583e+001
  2.0759349e+002  1.2841136e+001
  2.0775969e+002  1.2845695e+001
  2.0792588e+002  1.2850261e+001
  2.0809208e+002  1.2854836e+001
  2.0825828e+002  1.2859416e+001
  2.0842448e+002  1.2863996e+001
  2.0859068e+002  1.2868574e+001
  2.0875688e+002  1.2873143e+001
  2.0892308e+002  1.2877698e+001
  2.0908928e+002  1.2882235e+001
  2.0925547e+002  1.2886753e+001
  2.0942167e+002  1.2891253e+001
  2.0958787e+002  1.2895738e+001
  2.0975407e+002  1.2900209e+001
  2.0992027e+002  1.2904666e+001
  2.1008647e+002  1.2909112e+001
  2.1025267e+002  1.2913553e+001
  2.1041887e+002  1.2917998e+001
  2.1058506e+002  1.2922455e+001
  2.1075126e+002  1.2926933e+001
  2.1091746e+002  1.2931446e+001
  2.1108366e+002  1.2935998e+001
  2.1124986e+002  1.2940583e+001
  2.1141606e+002  1.2945190e+001
  2.1158226e+002  1.2949802e+001
  2.1174846e+002  1.2954401e+001
  2.1191465e+002  1.2958968e+001
  2.1208085e+002  1.2963493e+001
  2.1224705e+002  1.2967977e+001
  2.1241325e+002  1.2972431e+001
  2.1257945e+002  1.2976874e+001
  2.1274565e+002  1.2981326e+001
  2.1291185e+002  1.2985809e+001
  2.1307805e+002  1.2990333e+001
  2.1324424e+002  1.2994898e+001
  2.1341044e+002  1.2999495e+001
  2.1357664e+002  1.3004107e+001
  2.1374284e+002  1.3008715e+001
  2.1390904e+002  1.3013302e+001
  2.1407524e+002  1.3017854e+001
  2.1424144e+002  1.3022370e+001
  2.1440764e+002  1.3026852e+001
  2.1457383e+002  1.3031310e+001
  2.1474003e+002  1.3035754e+001
  2.1490623e+002  1.3040194e+001
  2.1507243e+002  1.3044638e+001
  2.1523863e+002  1.3049090e+001
  2.1540483e+002  1.3053556e+001
  2.1557103e+002  1.3058038e+001
  2.1573723e+002  1.3062538e+001
  2.1590343e+002  1.3067062e+001
  2.1606962e+002  1.3071609e+001
  2.1623582e+002  1.3076175e+001
  2.1640202e+002  1.3080751e+001
  2.1656822e+002  1.3085325e+001
  2.1673442e+002  1.3089883e+001
  2.1690062e+002  1.3094410e+001
  2.1706682e+002  1.3098897e+001
  2.1723302e+002  1.3103348e+001
  2.1739921e+002  1.3107771e+001
  2.1756541e+002  1.3112184e+001
  2.1773161e+002  1.3116603e+001
  2.1789781e+002  1.3121050e+001
  2.1806401e+002  1.3125534e+001
  2.1823021e+002  1.3130058e+001
  2.1839641e+002  1.3134615e+001
  2.1856261e+002  1.3139189e+001
  2.1872880e+002  1.3143765e+001
  2.1889500e+002  1.3148328e+001
  2.1906120e+002  1.3152866e+001
  2.1922740e+002  1.3157375e+001
  2.1939360e+002  1.3161852e+001
  2.1955980e+002  1.3166304e+001
  2.1972600e+002  1.3170734e+001
  2.1989220e+002  1.3175146e+001
  2.2005839e+002  1.3179543e+001
  2.2022459e+002  1.3183932e+001
  2.2039079e+002  1.3188324e+001
  2.2055699e+002  1.3192726e+001
  2.2072319e+002  1.3197150e+001
  2.2088939e+002  1.3201610e+001
  2.2105559e+002  1.3206113e+001
  2.2122179e+002  1.3210655e+001
  2.2138798e+002  1.3215226e+001
  2.2155418e+002  1.3219807e+001
  2.2172038e+002  1.3224379e+001
  2.2188658e+002  1.3228921e+001
  2.2205278e+002  1.3233421e+001
  2.2221898e+002  1.3237876e+001
  2.2238518e+002  1.3242294e+001
  2.2255138e+002  1.3246691e+001
  2.2271757e+002  1.3251086e+001
  2.2288377e+002  1.3255499e+001
  2.2304997e+002  1.3259942e+001
  2.2321617e+002  1.3264417e+001
  2.2338237e+002  1.3268921e+001
  2.2354857e+002  1.3273441e+001
  2.2371477e+002  1.3277964e+001
  2.2388097e+002  1.3282478e+001
  2.2404716e+002  1.3286971e+001
  2.2421336e+002  1.3291443e+001
  2.2437956e+002  1.3295896e+001
  2.2454576e+002  1.3300339e+001
  2.2471196e+002  1.3304780e+001
  2.2487816e+002  1.3309230e+001
  2.2504436e+002  1.3313694e+001
  2.2521056e+002  1.3318176e+001
  2.2537675e+002  1.3322674e+001
  2.2554295e+002  1.3327184e+001
  2.2570915e+002  1.3331699e+001
  2.2587535e+002  1.3336214e+001
  2.2604155e+002  1.3340727e+001
  2.2620775e+002  1.3345234e+001
  2.2637395e+002  1.3349733e+001
  2.2654015e+002  1.3354223e+001
  2.2670634e+002  1.3358705e+001
  2.2687254e+002  1.3363177e+001
  2.2703874e+002  1.3367639e+001
  2.2720494e+002  1.3372092e+001
  2.2737114e+002  1.3376536e+001
  2.2753734e+002  1.3380973e+001
  2.2770354e+002  1.3385405e+001
  2.2786974e+002  1.3389832e+001
  2.2803593e+002  1.3394257e+001
  2.2820213e+002  1.3398681e+001
  2.2836833e+002  1.3403106e+001
  2.2853453e+002  1.3407537e+001
  2.2870073e+002  1.3411976e+001
  2.2886693e+002  1.3416426e+001
  2.2903313e+002  1.3420891e+001
  2.2919933e+002  1.3425370e+001
  2.2936552e+002  1.3429860e+001
  2.2953172e+002  1.3434355e+001
  2.2969792e+002  1.3438849e+001
  2.2986412e+002  1.3443337e+001
  2.3003032e+002  1.3447815e+001
  2.3019652e+002  1.3452281e+001
  2.3036272e+002  1.3456736e+001
  2.3052892e+002  1.3461184e+001
  2.3069512e+002  1.3465631e+001
  2.3086131e+002  1.3470082e+001
  2.3102751e+002  1.3474539e+001
  2.3119371e+002  1.3479004e+001
  2.3135991e+002  1.3483472e+001
  2.3152611e+002  1.3487938e+001
  2.3169231e+002  1.3492396e+001
  2.3185851e+002  1.3496836e+001
  2.3202471e+002  1.3501254e+001
  2.3219090e+002  1.3505652e+001
  2.3235710e+002  1.3510036e+001
  2.3252330e+002  1.3514418e+001
  2.3268950e+002  1.3518813e+001
  2.3285570e+002  1.3523234e+001
  2.3302190e+002  1.3527692e+001
  2.3318810e+002  1.3532188e+001
  2.3335430e+002  1.3536715e+001
  2.3352049e+002  1.3541258e+001
  2.3368669e+002  1.3545799e+001
  2.3385289e+002  1.3550322e+001
  2.3401909e+002  1.3554812e+001
  2.3418529e+002  1.3559264e+001
  2.3435149e+002  1.3563680e+001
  2.3451769e+002  1.3568073e+001
  2.3468389e+002  1.3572455e+001
  2.3485008e+002  1.3576838e+001
  2.3501628e+002  1.3581232e+001
  2.3518248e+002  1.3585643e+001
  2.3534868e+002  1.3590071e+001
  2.3551488e+002  1.3594512e+001
  2.3568108e+002  1.3598960e+001
  2.3584728e+002  1.3603411e+001
  2.3601348e+002  1.3607860e+001
  2.3617967e+002  1.3612306e+001
  2.3634587e+002  1.3616750e+001
  2.3651207e+002  1.3621197e+001
  2.3667827e+002  1.3625649e+001
  2.3684447e+002  1.3630112e+001
  2.3701067e+002  1.3634588e+001
  2.3717687e+002  1.3639079e+001
  2.3734307e+002  1.3643581e+001
  2.3750926e+002  1.3648091e+001
  2.3767546e+002  1.3652603e+001
  2.3784166e+002  1.3657112e+001
  2.3800786e+002  1.3661613e+001
  2.3817406e+002  1.3666102e+001
  2.3834026e+002  1.3670578e+001
  2.3850646e+002  1.3675039e+001
  2.3867266e+002  1.3679487e+001
  2.3883885e+002  1.3683919e+001
  2.3900505e+002  1.3688334e+001
  2.3917125e+002  1.3692734e+001
  2.3933745e+002  1.3697121e+001
  2.3950365e+002  1.3701503e+001
  2.3966985e+002  1.3705883e+001
  2.3983605e+002  1.3710267e+001
  2.4000225e+002  1.3714660e+001
  2.4016844e+002  1.3719065e+001
  2.4033464e+002  1.3723484e+001
  2.4050084e+002  1.3727916e+001
  2.4066704e+002  1.3732361e+001
  2.4083324e+002  1.3736817e+001
  2.4099944e+002  1.3741285e+001
  2.4116564e+002  1.3745762e+001
  2.4133184e+002  1.3750243e+001
  2.4149803e+002  1.3754725e+001
  2.4166423e+002  1.3759201e+001
  2.4183043e+002  1.3763664e+001
  2.4199663e+002  1.3768110e+001
  2.4216283e+002  1.3772536e+001
  2.4232903e+002  1.3776944e+001
  2.4249523e+002  1.3781341e+001
  2.4266143e+002  1.3785735e+001
  2.4282762e+002  1.3790131e+001
  2.4299382e+002  1.3794537e+001
  2.4316002e+002  1.3798955e+001
  2.4332622e+002  1.3803385e+001
  2.4349242e+002  1.3807825e+001
  2.4365862e+002  1.3812269e+001
  2.4382482e+002  1.3816715e+001
  2.4399102e+002  1.3821159e+001
  2.4415722e+002  1.3825600e+001
  2.4432341e+002  1.3830036e+001
  2.4448961e+002  1.3834471e+001
  2.4465581e+002  1.3838906e+001
  2.4482201e+002  1.3843344e+001
  2.4498821e+002  1.3847785e+001
  2.4515441e+002  1.3852230e+001
  2.4532061e+002  1.3856679e+001
  2.4548681e+002  1.3861126e+001
  2.4565300e+002  1.3865567e+001
  2.4581920e+002  1.3869996e+001
  2.4598540e+002  1.3874412e+001
  2.4615160e+002  1.3878813e+001
  2.4631780e+002  1.3883199e+001
  2.4648400e+002  1.3887578e+001
  2.4665020e+002  1.3891957e+001
  2.4681640e+002  1.3896342e+001
  2.4698259e+002  1.3900739e+001
  2.4714879e+002  1.3905152e+001
  2.4731499e+002  1.3909583e+001
  2.4748119e+002  1.3914031e+001
  2.4764739e+002  1.3918492e+001
  2.4781359e+002  1.3922967e+001
  2.4797979e+002  1.3927455e+001
  2.4814599e+002  1.3931951e+001
  2.4831218e+002  1.3936452e+001
  2.4847838e+002  1.3940952e+001
  2.4864458e+002  1.3945446e+001
  2.4881078e+002  1.3949925e+001
  2.4897698e+002  1.3954384e+001
  2.4914318e+002  1.3958820e+001
  2.4930938e+002  1.3963234e+001
  2.4947558e+002  1.3967634e+001
  2.4964177e+002  1.3972025e+001
  2.4980797e+002  1.3976417e+001
  2.4997417e+002  1.3980816e+001
  2.5014037e+002  1.3985225e+001
  2.5030657e+002  1.3989644e+001
  2.5047277e+002  1.3994070e+001
  2.5063897e+002  1.3998498e+001
  2.5080517e+002  1.4002922e+001
  2.5097136e+002  1.4007339e+001
  2.5113756e+002  1.4011747e+001
  2.5130376e+002  1.4016146e+001
  2.5146996e+002  1.4020542e+001
  2.5163616e+002  1.4024940e+001
  2.5180236e+002  1.4029346e+001
  2.5196856e+002  1.4033763e+001
  2.5213476e+002  1.4038195e+001
  2.5230095e+002  1.4042642e+001
  2.5246715e+002  1.4047099e+001
  2.5263335e+002  1.4051560e+001
  2.5279955e+002  1.4056023e+001
  2.5296575e+002  1.4060482e+001
  2.5313195e+002  1.4064934e+001
  2.5329815e+002  1.4069375e+001
  2.5346435e+002  1.4073805e+001
  2.5363054e+002  1.4078224e+001
  2.5379674e+002  1.4082630e+001
  2.5396294e+002  1.4087022e+001
  2.5412914e+002  1.4091401e+001
  2.5429534e+002  1.4095770e+001
  2.5446154e+002  1.4100139e+001
  2.5462774e+002  1.4104517e+001
  2.5479394e+002  1.4108913e+001
  2.5496013e+002  1.4113336e+001
  2.5512633e+002  1.4117789e+001
  2.5529253e+002  1.4122271e+001
  2.5545873e+002  1.4126771e+001
  2.5562493e+002  1.4131276e+001
  2.5579113e+002  1.4135773e+001
  2.5595733e+002  1.4140252e+001
  2.5612353e+002  1.4144707e+001
  2.5628972e+002  1.4149133e+001
  2.5645592e+002  1.4153538e+001
  2.5662212e+002  1.4157930e+001
  2.5678832e+002  1.4162316e+001
  2.5695452e+002  1.4166700e+001
  2.5712072e+002  1.4171090e+001
  2.5728692e+002  1.4175486e+001
  2.5745312e+002  1.4179889e+001
  2.5761931e+002  1.4184295e+001
  2.5778551e+002  1.4188705e+001
  2.5795171e+002  1.4193118e+001
  2.5811791e+002  1.4197531e+001
  2.5828411e+002  1.4201945e+001
  2.5845031e+002  1.4206361e+001
  2.5861651e+002  1.4210781e+001
  2.5878271e+002  1.4215206e+001
  2.5894891e+002  1.4219637e+001
  2.5911510e+002  1.4224074e+001
  2.5928130e+002  1.4228515e+001
  2.5944750e+002  1.4232959e+001
  2.5961370e+002  1.4237401e+001
  2.5977990e+002  1.4241838e+001
  2.5994610e+002  1.4246266e+001
  2.6011230e+002  1.4250683e+001
  2.6027850e+002  1.4255089e+001
  2.6044469e+002  1.4259489e+001
  2.6061089e+002  1.4263887e+001
  2.6077709e+002  1.4268288e+001
  2.6094329e+002  1.4272695e+001
  2.6110949e+002  1.4277111e+001
  2.6127569e+002  1.4281538e+001
  2.6144189e+002  1.4285973e+001
  2.6160809e+002  1.4290414e+001
  2.6177428e+002  1.4294860e+001
  2.6194048e+002  1.4299307e+001
  2.6210668e+002  1.4303755e+001
  2.6227288e+002  1.4308201e+001
  2.6243908e+002  1.4312645e+001
  2.6260528e+002  1.4317084e+001
  2.6277148e+002  1.4321517e+001
  2.6293768e+002  1.4325943e+001
  2.6310387e+002  1.4330359e+001
  2.6327007e+002  1.4334768e+001
  2.6343627e+002  1.4339172e+001
  2.6360247e+002  1.4343572e+001
  2.6376867e+002  1.4347972e+001
  2.6393487e+002  1.4352374e+001
  2.6410107e+002  1.4356780e+001
  2.6426727e+002  1.4361192e+001
  2.6443346e+002  1.4365609e+001
  2.6459966e+002  1.4370031e+001
  2.6476586e+002  1.4374457e+001
  2.6493206e+002  1.4378888e+001
  2.6509826e+002  1.4383322e+001
  2.6526446e+002  1.4387760e+001
  2.6543066e+002  1.4392200e+001
  2.6559686e+002  1.4396639e+001
  2.6576305e+002  1.4401078e+001
  2.6592925e+002  1.4405513e+001
  2.6609545e+002  1.4409945e+001
  2.6626165e+002  1.4414370e+001
  2.6642785e+002  1.4418787e+001
  2.6659405e+002  1.4423194e+001
  2.6676025e+002  1.4427588e+001
  2.6692645e+002  1.4431966e+001
  2.6709264e+002  1.4436330e+001
  2.6725884e+002  1.4440681e+001
  2.6742504e+002  1.4445030e+001
  2.6759124e+002  1.4449387e+001
  2.6775744e+002  1.4453762e+001
  2.6792364e+002  1.4458166e+001
  2.6808984e+002  1.4462605e+001
  2.6825604e+002  1.4467079e+001
  2.6842223e+002  1.4471572e+001
  2.6858843e+002  1.4476067e+001
  2.6875463e+002  1.4480546e+001
  2.6892083e+002  1.4484994e+001
  2.6908703e+002  1.4489400e+001
  2.6925323e+002  1.4493759e+001
  2.6941943e+002  1.4498086e+001
  2.6958563e+002  1.4502401e+001
  2.6975182e+002  1.4506718e+001
  2.6991802e+002  1.4511052e+001
  2.7008422e+002  1.4515417e+001
  2.7025042e+002  1.4519821e+001
  2.7041662e+002  1.4524259e+001
  2.7058282e+002  1.4528722e+001
  2.7074902e+002  1.4533205e+001
  2.7091522e+002  1.4537702e+001
  2.7108141e+002  1.4542208e+001
  2.7124761e+002  1.4546714e+001
  2.7141381e+002  1.4551213e+001
  2.7158001e+002  1.4555697e+001
  2.7174621e+002  1.4560156e+001
  2.7191241e+002  1.4564582e+001
  2.7207861e+002  1.4568969e+001
  2.7224481e+002  1.4573318e+001
  2.7241101e+002  1.4577642e+001
  2.7257720e+002  1.4581958e+001
  2.7274340e+002  1.4586281e+001
  2.7290960e+002  1.4590625e+001
  2.7307580e+002  1.4595002e+001
  2.7324200e+002  1.4599418e+001
  2.7340820e+002  1.4603860e+001
  2.7357440e+002  1.4608315e+001
  2.7374060e+002  1.4612771e+001
  2.7390679e+002  1.4617216e+001
  2.7407299e+002  1.4621638e+001
  2.7423919e+002  1.4626035e+001
  2.7440539e+002  1.4630413e+001
  2.7457159e+002  1.4634786e+001
  2.7473779e+002  1.4639163e+001
  2.7490399e+002  1.4643554e+001
  2.7507019e+002  1.4647967e+001
  2.7523638e+002  1.4652404e+001
  2.7540258e+002  1.4656856e+001
  2.7556878e+002  1.4661310e+001
  2.7573498e+002  1.4665755e+001
  2.7590118e+002  1.4670181e+001
  2.7606738e+002  1.4674579e+001
  2.7623358e+002  1.4678945e+001
  2.7639978e+002  1.4683290e+001
  2.7656597e+002  1.4687628e+001
  2.7673217e+002  1.4691969e+001
  2.7689837e+002  1.4696325e+001
  2.7706457e+002  1.4700706e+001
  2.7723077e+002  1.4705117e+001
  2.7739697e+002  1.4709551e+001
  2.7756317e+002  1.4713999e+001
  2.7772937e+002  1.4718453e+001
  2.7789556e+002  1.4722906e+001
  2.7806176e+002  1.4727350e+001
  2.7822796e+002  1.4731781e+001
  2.7839416e+002  1.4736202e+001
  2.7856036e+002  1.4740617e+001
  2.7872656e+002  1.4745031e+001
  2.7889276e+002  1.4749448e+001
  2.7905896e+002  1.4753869e+001
  2.7922515e+002  1.4758299e+001
  2.7939135e+002  1.4762734e+001
  2.7955755e+002  1.4767173e+001
  2.7972375e+002  1.4771615e+001
  2.7988995e+002  1.4776059e+001
  2.8005615e+002  1.4780500e+001
  2.8022235e+002  1.4784939e+001
  2.8038855e+002  1.4789373e+001
  2.8055474e+002  1.4793799e+001
  2.8072094e+002  1.4798214e+001
  2.8088714e+002  1.4802618e+001
  2.8105334e+002  1.4807007e+001
  2.8121954e+002  1.4811381e+001
  2.8138574e+002  1.4815747e+001
  2.8155194e+002  1.4820109e+001
  2.8171814e+002  1.4824474e+001
  2.8188433e+002  1.4828848e+001
  2.8205053e+002  1.4833236e+001
  2.8221673e+002  1.4837640e+001
  2.8238293e+002  1.4842057e+001
  2.8254913e+002  1.4846484e+001
  2.8271533e+002  1.4850914e+001
  2.8288153e+002  1.4855344e+001
  2.8304773e+002  1.4859771e+001
  2.8321392e+002  1.4864190e+001
  2.8338012e+002  1.4868603e+001
  2.8354632e+002  1.4873009e+001
  2.8371252e+002  1.4877408e+001
  2.8387872e+002  1.4881799e+001
  2.8404492e+002  1.4886184e+001
  2.8421112e+002  1.4890564e+001
  2.8437732e+002  1.4894942e+001
  2.8454351e+002  1.4899322e+001
  2.8470971e+002  1.4903709e+001
  2.8487591e+002  1.4908107e+001
  2.8504211e+002  1.4912519e+001
  2.8520831e+002  1.4916948e+001
  2.8537451e+002  1.4921389e+001
  2.8554071e+002  1.4925834e+001
  2.8570691e+002  1.4930279e+001
  2.8587310e+002  1.4934717e+001
  2.8603930e+002  1.4939146e+001
  2.8620550e+002  1.4943560e+001
  2.8637170e+002  1.4947964e+001
  2.8653790e+002  1.4952362e+001
  2.8670410e+002  1.4956759e+001
  2.8687030e+002  1.4961160e+001
  2.8703650e+002  1.4965570e+001
  2.8720270e+002  1.4969988e+001
  2.8736889e+002  1.4974414e+001
  2.8753509e+002  1.4978842e+001
  2.8770129e+002  1.4983267e+001
  2.8786749e+002  1.4987685e+001
  2.8803369e+002  1.4992092e+001
  2.8819989e+002  1.4996486e+001
  2.8836609e+002  1.5000870e+001
  2.8853229e+002  1.5005250e+001
  2.8869848e+002  1.5009632e+001
  2.8886468e+002  1.5014019e+001
  2.8903088e+002  1.5018418e+001
  2.8919708e+002  1.5022831e+001
  2.8936328e+002  1.5027253e+001
  2.8952948e+002  1.5031681e+001
  2.8969568e+002  1.5036108e+001
  2.8986188e+002  1.5040531e+001
  2.9002807e+002  1.5044945e+001
  2.9019427e+002  1.5049347e+001
  2.9036047e+002  1.5053739e+001
  2.9052667e+002  1.5058124e+001
  2.9069287e+002  1.5062505e+001
  2.9085907e+002  1.5066885e+001
  2.9102527e+002  1.5071266e+001
  2.9119147e+002  1.5075652e+001
  2.9135766e+002  1.5080043e+001
  2.9152386e+002  1.5084442e+001
  2.9169006e+002  1.5088850e+001
  2.9185626e+002  1.5093269e+001
  2.9202246e+002  1.5097700e+001
  2.9218866e+002  1.5102142e+001
  2.9235486e+002  1.5106588e+001
  2.9252106e+002  1.5111027e+001
  2.9268725e+002  1.5115451e+001
  2.9285345e+002  1.5119849e+001
  2.9301965e+002  1.5124214e+001
  2.9318585e+002  1.5128540e+001
  2.9335205e+002  1.5132839e+001
  2.9351825e+002  1.5137124e+001
  2.9368445e+002  1.5141411e+001
  2.9385065e+002  1.5145712e+001
  2.9401684e+002  1.5150041e+001
  2.9418304e+002  1.5154408e+001
  2.9434924e+002  1.5158807e+001
  2.9451544e+002  1.5163232e+001
  2.9468164e+002  1.5167673e+001
  2.9484784e+002  1.5172124e+001
  2.9501404e+002  1.5176576e+001
  2.9518024e+002  1.5181022e+001
  2.9534643e+002  1.5185461e+001
  2.9551263e+002  1.5189890e+001
  2.9567883e+002  1.5194307e+001
  2.9584503e+002  1.5198709e+001
  2.9601123e+002  1.5203096e+001
  2.9617743e+002  1.5207466e+001
  2.9634363e+002  1.5211827e+001
  2.9650983e+002  1.5216185e+001
  2.9667602e+002  1.5220549e+001
  2.9684222e+002  1.5224926e+001
  2.9700842e+002  1.5229324e+001
  2.9717462e+002  1.5233746e+001
  2.9734082e+002  1.5238186e+001
  2.9750702e+002  1.5242636e+001
  2.9767322e+002  1.5247086e+001
  2.9783942e+002  1.5251526e+001
  2.9800561e+002  1.5255949e+001
  2.9817181e+002  1.5260347e+001
  2.9833801e+002  1.5264726e+001
  2.9850421e+002  1.5269090e+001
  2.9867041e+002  1.5273449e+001
  2.9883661e+002  1.5277807e+001
  2.9900281e+002  1.5282174e+001
  2.9916901e+002  1.5286554e+001
  2.9933520e+002  1.5290955e+001
  2.9950140e+002  1.5295383e+001
  2.9966760e+002  1.5299845e+001
  2.9983380e+002  1.5304348e+001
  3.0000000e+002  1.5308900e+001
