  4.0000000e+000  2.7687300e-001
  4.1246316e+000  2.8727061e-001
  4.2492632e+000  2.9790382e-001
  4.3738947e+000  3.0876053e-001
  4.4985263e+000  3.1982860e-001
  4.6231579e+000  3.3109592e-001
  4.7477895e+000  3.4255038e-001
  4.8724211e+000  3.5417986e-001
  4.9970526e+000  3.6597225e-001
  5.1216842e+000  3.7791542e-001
  5.2463158e+000  3.8999726e-001
  5.3709474e+000  4.0220566e-001
  5.4955789e+000  4.1452848e-001
  5.6202105e+000  4.2695362e-001
  5.7448421e+000  4.3946898e-001
  5.8694737e+000  4.5206247e-001
  5.9941053e+000  4.6472182e-001
  6.1187368e+000  4.7743707e-001
  6.2433684e+000  4.9020772e-001
  6.3680000e+000  5.0303577e-001
  6.4926316e+000  5.1592333e-001
  6.6172632e+000  5.2887259e-001
  6.7418947e+000  5.4188564e-001
  6.8665263e+000  5.5496460e-001
  6.9911579e+000  5.6811163e-001
  7.1157895e+000  5.8132835e-001
  7.2404211e+000  5.9461386e-001
  7.3650526e+000  6.0796666e-001
  7.4896842e+000  6.2138515e-001
  7.6143158e+000  6.3486774e-001
  7.7389474e+000  6.4841286e-001
  7.8635789e+000  6.6201891e-001
  7.9882105e+000  6.7568431e-001
  8.1128421e+000  6.8940761e-001
  8.2374737e+000  7.0318807e-001
  8.3621053e+000  7.1702513e-001
  8.4867368e+000  7.3091825e-001
  8.6113684e+000  7.4486692e-001
  8.7360000e+000  7.5887059e-001
  8.8606316e+000  7.7292873e-001
  8.9852632e+000  7.8704080e-001
  9.1098947e+000  8.0120625e-001
  9.2345263e+000  8.1542433e-001
  9.3591579e+000  8.2969428e-001
  9.4837895e+000  8.4401530e-001
  9.6084211e+000  8.5838659e-001
  9.7330526e+000  8.7280737e-001
  9.8576842e+000  8.8727686e-001
  9.9823158e+000  9.0179427e-001
  1.0106947e+001  9.1635880e-001
  1.0231579e+001  9.3096977e-001
  1.0356211e+001  9.4562653e-001
  1.0480842e+001  9.6032839e-001
  1.0605474e+001  9.7507470e-001
  1.0730105e+001  9.8986475e-001
  1.0854737e+001  1.0046979e+000
  1.0979368e+001  1.0195734e+000
  1.1104000e+001  1.0344908e+000
  1.1228632e+001  1.0494492e+000
  1.1353263e+001  1.0644479e+000
  1.1477895e+001  1.0794862e+000
  1.1602526e+001  1.0945635e+000
  1.1727158e+001  1.1096791e+000
  1.1851789e+001  1.1248323e+000
  1.1976421e+001  1.1400222e+000
  1.2101053e+001  1.1552482e+000
  1.2225684e+001  1.1705098e+000
  1.2350316e+001  1.1858064e+000
  1.2474947e+001  1.2011375e+000
  1.2599579e+001  1.2165024e+000
  1.2724211e+001  1.2319006e+000
  1.2848842e+001  1.2473315e+000
  1.2973474e+001  1.2627947e+000
  1.3098105e+001  1.2782895e+000
  1.3222737e+001  1.2938154e+000
  1.3347368e+001  1.3093717e+000
  1.3472000e+001  1.3249575e+000
  1.3596632e+001  1.3405724e+000
  1.3721263e+001  1.3562155e+000
  1.3845895e+001  1.3718862e+000
  1.3970526e+001  1.3875839e+000
  1.4095158e+001  1.4033078e+000
  1.4219789e+001  1.4190574e+000
  1.4344421e+001  1.4348320e+000
  1.4469053e+001  1.4506313e+000
  1.4593684e+001  1.4664545e+000
  1.4718316e+001  1.4823012e+000
  1.4842947e+001  1.4981706e+000
  1.4967579e+001  1.5140624e+000
  1.5092211e+001  1.5299759e+000
  1.5216842e+001  1.5459107e+000
  1.5341474e+001  1.5618663e+000
  1.5466105e+001  1.5778422e+000
  1.5590737e+001  1.5938381e+000
  1.5715368e+001  1.6098535e+000
  1.5840000e+001  1.6258880e+000
  1.5964632e+001  1.6419411e+000
  1.6089263e+001  1.6580124e+000
  1.6213895e+001  1.6741013e+000
  1.6338526e+001  1.6902073e+000
  1.6463158e+001  1.7063298e+000
  1.6587789e+001  1.7224681e+000
  1.6712421e+001  1.7386217e+000
  1.6837053e+001  1.7547900e+000
  1.6961684e+001  1.7709723e+000
  1.7086316e+001  1.7871680e+000
  1.7210947e+001  1.8033768e+000
  1.7335579e+001  1.8195982e+000
  1.7460211e+001  1.8358317e+000
  1.7584842e+001  1.8520768e+000
  1.7709474e+001  1.8683332e+000
  1.7834105e+001  1.8846006e+000
  1.7958737e+001  1.9008785e+000
  1.8083368e+001  1.9171664e+000
  1.8208000e+001  1.9334639e+000
  1.8332632e+001  1.9497707e+000
  1.8457263e+001  1.9660864e+000
  1.8581895e+001  1.9824105e+000
  1.8706526e+001  1.9987426e+000
  1.8831158e+001  2.0150824e+000
  1.8955789e+001  2.0314295e+000
  1.9080421e+001  2.0477835e+000
  1.9205053e+001  2.0641439e+000
  1.9329684e+001  2.0805103e+000
  1.9454316e+001  2.0968823e+000
  1.9578947e+001  2.1132594e+000
  1.9703579e+001  2.1296413e+000
  1.9828211e+001  2.1460275e+000
  1.9952842e+001  2.1624175e+000
  2.0077474e+001  2.1788109e+000
  2.0202105e+001  2.1952075e+000
  2.0326737e+001  2.2116067e+000
  2.0451368e+001  2.2280085e+000
  2.0576000e+001  2.2444124e+000
  2.0700632e+001  2.2608180e+000
  2.0825263e+001  2.2772250e+000
  2.0949895e+001  2.2936331e+000
  2.1074526e+001  2.3100422e+000
  2.1199158e+001  2.3264518e+000
  2.1323789e+001  2.3428614e+000
  2.1448421e+001  2.3592707e+000
  2.1573053e+001  2.3756794e+000
  2.1697684e+001  2.3920870e+000
  2.1822316e+001  2.4084932e+000
  2.1946947e+001  2.4248976e+000
  2.2071579e+001  2.4412999e+000
  2.2196211e+001  2.4576997e+000
  2.2320842e+001  2.4740969e+000
  2.2445474e+001  2.4904909e+000
  2.2570105e+001  2.5068817e+000
  2.2694737e+001  2.5232689e+000
  2.2819368e+001  2.5396523e+000
  2.2944000e+001  2.5560317e+000
  2.3068632e+001  2.5724068e+000
  2.3193263e+001  2.5887772e+000
  2.3317895e+001  2.6051427e+000
  2.3442526e+001  2.6215030e+000
  2.3567158e+001  2.6378578e+000
  2.3691789e+001  2.6542067e+000
  2.3816421e+001  2.6705495e+000
  2.3941053e+001  2.6868858e+000
  2.4065684e+001  2.7032153e+000
  2.4190316e+001  2.7195377e+000
  2.4314947e+001  2.7358529e+000
  2.4439579e+001  2.7521606e+000
  2.4564211e+001  2.7684605e+000
  2.4688842e+001  2.7847523e+000
  2.4813474e+001  2.8010358e+000
  2.4938105e+001  2.8173108e+000
  2.5062737e+001  2.8335769e+000
  2.5187368e+001  2.8498340e+000
  2.5312000e+001  2.8660819e+000
  2.5436632e+001  2.8823203e+000
  2.5561263e+001  2.8985492e+000
  2.5685895e+001  2.9147683e+000
  2.5810526e+001  2.9309773e+000
  2.5935158e+001  2.9471762e+000
  2.6059789e+001  2.9633648e+000
  2.6184421e+001  2.9795429e+000
  2.6309053e+001  2.9957101e+000
  2.6433684e+001  3.0118661e+000
  2.6558316e+001  3.0280107e+000
  2.6682947e+001  3.0441437e+000
  2.6807579e+001  3.0602647e+000
  2.6932211e+001  3.0763734e+000
  2.7056842e+001  3.0924697e+000
  2.7181474e+001  3.1085532e+000
  2.7306105e+001  3.1246238e+000
  2.7430737e+001  3.1406815e+000
  2.7555368e+001  3.1567262e+000
  2.7680000e+001  3.1727580e+000
  2.7804632e+001  3.1887765e+000
  2.7929263e+001  3.2047818e+000
  2.8053895e+001  3.2207738e+000
  2.8178526e+001  3.2367522e+000
  2.8303158e+001  3.2527168e+000
  2.8427789e+001  3.2686673e+000
  2.8552421e+001  3.2846034e+000
  2.8677053e+001  3.3005248e+000
  2.8801684e+001  3.3164312e+000
  2.8926316e+001  3.3323222e+000
  2.9050947e+001  3.3481977e+000
  2.9175579e+001  3.3640575e+000
  2.9300211e+001  3.3799015e+000
  2.9424842e+001  3.3957297e+000
  2.9549474e+001  3.4115421e+000
  2.9674105e+001  3.4273387e+000
  2.9798737e+001  3.4431195e+000
  2.9923368e+001  3.4588845e+000
  3.0048000e+001  3.4746337e+000
  3.0172632e+001  3.4903669e+000
  3.0297263e+001  3.5060840e+000
  3.0421895e+001  3.5217846e+000
  3.0546526e+001  3.5374685e+000
  3.0671158e+001  3.5531354e+000
  3.0795789e+001  3.5687853e+000
  3.0920421e+001  3.5844177e+000
  3.1045053e+001  3.6000324e+000
  3.1169684e+001  3.6156293e+000
  3.1294316e+001  3.6312084e+000
  3.1418947e+001  3.6467696e+000
  3.1543579e+001  3.6623127e+000
  3.1668211e+001  3.6778378e+000
  3.1792842e+001  3.6933449e+000
  3.1917474e+001  3.7088338e+000
  3.2042105e+001  3.7243046e+000
  3.2166737e+001  3.7397570e+000
  3.2291368e+001  3.7551912e+000
  3.2416000e+001  3.7706068e+000
  3.2540632e+001  3.7860037e+000
  3.2665263e+001  3.8013818e+000
  3.2789895e+001  3.8167409e+000
  3.2914526e+001  3.8320808e+000
  3.3039158e+001  3.8474015e+000
  3.3163789e+001  3.8627028e+000
  3.3288421e+001  3.8779845e+000
  3.3413053e+001  3.8932468e+000
  3.3537684e+001  3.9084895e+000
  3.3662316e+001  3.9237126e+000
  3.3786947e+001  3.9389160e+000
  3.3911579e+001  3.9540996e+000
  3.4036211e+001  3.9692636e+000
  3.4160842e+001  3.9844078e+000
  3.4285474e+001  3.9995321e+000
  3.4410105e+001  4.0146362e+000
  3.4534737e+001  4.0297202e+000
  3.4659368e+001  4.0447838e+000
  3.4784000e+001  4.0598271e+000
  3.4908632e+001  4.0748499e+000
  3.5033263e+001  4.0898519e+000
  3.5157895e+001  4.1048332e+000
  3.5282526e+001  4.1197937e+000
  3.5407158e+001  4.1347332e+000
  3.5531789e+001  4.1496519e+000
  3.5656421e+001  4.1645497e+000
  3.5781053e+001  4.1794264e+000
  3.5905684e+001  4.1942820e+000
  3.6030316e+001  4.2091164e+000
  3.6154947e+001  4.2239297e+000
  3.6279579e+001  4.2387218e+000
  3.6404211e+001  4.2534926e+000
  3.6528842e+001  4.2682422e+000
  3.6653474e+001  4.2829706e+000
  3.6778105e+001  4.2976778e+000
  3.6902737e+001  4.3123638e+000
  3.7027368e+001  4.3270285e+000
  3.7152000e+001  4.3416719e+000
  3.7276632e+001  4.3562939e+000
  3.7401263e+001  4.3708944e+000
  3.7525895e+001  4.3854731e+000
  3.7650526e+001  4.4000299e+000
  3.7775158e+001  4.4145647e+000
  3.7899789e+001  4.4290774e+000
  3.8024421e+001  4.4435676e+000
  3.8149053e+001  4.4580353e+000
  3.8273684e+001  4.4724807e+000
  3.8398316e+001  4.4869037e+000
  3.8522947e+001  4.5013043e+000
  3.8647579e+001  4.5156826e+000
  3.8772211e+001  4.5300386e+000
  3.8896842e+001  4.5443725e+000
  3.9021474e+001  4.5586843e+000
  3.9146105e+001  4.5729738e+000
  3.9270737e+001  4.5872413e+000
  3.9395368e+001  4.6014865e+000
  3.9520000e+001  4.6157096e+000
  3.9644632e+001  4.6299104e+000
  3.9769263e+001  4.6440890e+000
  3.9893895e+001  4.6582455e+000
  4.0018526e+001  4.6723797e+000
  4.0143158e+001  4.6864915e+000
  4.0267789e+001  4.7005810e+000
  4.0392421e+001  4.7146479e+000
  4.0517053e+001  4.7286923e+000
  4.0641684e+001  4.7427142e+000
  4.0766316e+001  4.7567133e+000
  4.0890947e+001  4.7706896e+000
  4.1015579e+001  4.7846429e+000
  4.1140211e+001  4.7985733e+000
  4.1264842e+001  4.8124807e+000
  4.1389474e+001  4.8263652e+000
  4.1514105e+001  4.8402268e+000
  4.1638737e+001  4.8540654e+000
  4.1763368e+001  4.8678812e+000
  4.1888000e+001  4.8816742e+000
  4.2012632e+001  4.8954445e+000
  4.2137263e+001  4.9091921e+000
  4.2261895e+001  4.9229169e+000
  4.2386526e+001  4.9366188e+000
  4.2511158e+001  4.9502979e+000
  4.2635789e+001  4.9639541e+000
  4.2760421e+001  4.9775873e+000
  4.2885053e+001  4.9911976e+000
  4.3009684e+001  5.0047850e+000
  4.3134316e+001  5.0183494e+000
  4.3258947e+001  5.0318907e+000
  4.3383579e+001  5.0454089e+000
  4.3508211e+001  5.0589040e+000
  4.3632842e+001  5.0723761e+000
  4.3757474e+001  5.0858252e+000
  4.3882105e+001  5.0992511e+000
  4.4006737e+001  5.1126539e+000
  4.4131368e+001  5.1260335e+000
  4.4256000e+001  5.1393901e+000
  4.4380632e+001  5.1527238e+000
  4.4505263e+001  5.1660347e+000
  4.4629895e+001  5.1793229e+000
  4.4754526e+001  5.1925883e+000
  4.4879158e+001  5.2058312e+000
  4.5003789e+001  5.2190517e+000
  4.5128421e+001  5.2322497e+000
  4.5253053e+001  5.2454253e+000
  4.5377684e+001  5.2585783e+000
  4.5502316e+001  5.2717084e+000
  4.5626947e+001  5.2848156e+000
  4.5751579e+001  5.2978997e+000
  4.5876211e+001  5.3109605e+000
  4.6000842e+001  5.3239980e+000
  4.6125474e+001  5.3370120e+000
  4.6250105e+001  5.3500024e+000
  4.6374737e+001  5.3629694e+000
  4.6499368e+001  5.3759128e+000
  4.6624000e+001  5.3888329e+000
  4.6748632e+001  5.4017296e+000
  4.6873263e+001  5.4146030e+000
  4.6997895e+001  5.4274531e+000
  4.7122526e+001  5.4402799e+000
  4.7247158e+001  5.4530838e+000
  4.7371789e+001  5.4658648e+000
  4.7496421e+001  5.4786234e+000
  4.7621053e+001  5.4913596e+000
  4.7745684e+001  5.5040737e+000
  4.7870316e+001  5.5167660e+000
  4.7994947e+001  5.5294369e+000
  4.8119579e+001  5.5420862e+000
  4.8244211e+001  5.5547139e+000
  4.8368842e+001  5.5673197e+000
  4.8493474e+001  5.5799033e+000
  4.8618105e+001  5.5924643e+000
  4.8742737e+001  5.6050025e+000
  4.8867368e+001  5.6175175e+000
  4.8992000e+001  5.6300090e+000
  4.9116632e+001  5.6424767e+000
  4.9241263e+001  5.6549209e+000
  4.9365895e+001  5.6673415e+000
  4.9490526e+001  5.6797390e+000
  4.9615158e+001  5.6921133e+000
  4.9739789e+001  5.7044648e+000
  4.9864421e+001  5.7167936e+000
  4.9989053e+001  5.7291001e+000
  5.0113684e+001  5.7413842e+000
  5.0238316e+001  5.7536461e+000
  5.0362947e+001  5.7658857e+000
  5.0487579e+001  5.7781030e+000
  5.0612211e+001  5.7902980e+000
  5.0736842e+001  5.8024707e+000
  5.0861474e+001  5.8146212e+000
  5.0986105e+001  5.8267492e+000
  5.1110737e+001  5.8388550e+000
  5.1235368e+001  5.8509386e+000
  5.1360000e+001  5.8630000e+000
  5.1484632e+001  5.8750391e+000
  5.1609263e+001  5.8870562e+000
  5.1733895e+001  5.8990515e+000
  5.1858526e+001  5.9110249e+000
  5.1983158e+001  5.9229766e+000
  5.2107789e+001  5.9349065e+000
  5.2232421e+001  5.9468146e+000
  5.2357053e+001  5.9587009e+000
  5.2481684e+001  5.9705653e+000
  5.2606316e+001  5.9824078e+000
  5.2730947e+001  5.9942281e+000
  5.2855579e+001  6.0060262e+000
  5.2980211e+001  6.0178022e+000
  5.3104842e+001  6.0295559e+000
  5.3229474e+001  6.0412874e+000
  5.3354105e+001  6.0529968e+000
  5.3478737e+001  6.0646842e+000
  5.3603368e+001  6.0763497e+000
  5.3728000e+001  6.0879934e+000
  5.3852632e+001  6.0996155e+000
  5.3977263e+001  6.1112160e+000
  5.4101895e+001  6.1227950e+000
  5.4226526e+001  6.1343526e+000
  5.4351158e+001  6.1458888e+000
  5.4475789e+001  6.1574035e+000
  5.4600421e+001  6.1688967e+000
  5.4725053e+001  6.1803685e+000
  5.4849684e+001  6.1918187e+000
  5.4974316e+001  6.2032474e+000
  5.5098947e+001  6.2146547e+000
  5.5223579e+001  6.2260405e+000
  5.5348211e+001  6.2374048e+000
  5.5472842e+001  6.2487478e+000
  5.5597474e+001  6.2600695e+000
  5.5722105e+001  6.2713699e+000
  5.5846737e+001  6.2826490e+000
  5.5971368e+001  6.2939068e+000
  5.6096000e+001  6.3051434e+000
  5.6220632e+001  6.3163590e+000
  5.6345263e+001  6.3275535e+000
  5.6469895e+001  6.3387270e+000
  5.6594526e+001  6.3498797e+000
  5.6719158e+001  6.3610115e+000
  5.6843789e+001  6.3721227e+000
  5.6968421e+001  6.3832132e+000
  5.7093053e+001  6.3942831e+000
  5.7217684e+001  6.4053324e+000
  5.7342316e+001  6.4163613e+000
  5.7466947e+001  6.4273695e+000
  5.7591579e+001  6.4383572e+000
  5.7716211e+001  6.4493244e+000
  5.7840842e+001  6.4602709e+000
  5.7965474e+001  6.4711968e+000
  5.8090105e+001  6.4821022e+000
  5.8214737e+001  6.4929871e+000
  5.8339368e+001  6.5038516e+000
  5.8464000e+001  6.5146956e+000
  5.8588632e+001  6.5255191e+000
  5.8713263e+001  6.5363223e+000
  5.8837895e+001  6.5471052e+000
  5.8962526e+001  6.5578679e+000
  5.9087158e+001  6.5686104e+000
  5.9211789e+001  6.5793326e+000
  5.9336421e+001  6.5900345e+000
  5.9461053e+001  6.6007159e+000
  5.9585684e+001  6.6113770e+000
  5.9710316e+001  6.6220175e+000
  5.9834947e+001  6.6326375e+000
  5.9959579e+001  6.6432368e+000
  6.0084211e+001  6.6538154e+000
  6.0208842e+001  6.6643734e+000
  6.0333474e+001  6.6749111e+000
  6.0458105e+001  6.6854286e+000
  6.0582737e+001  6.6959262e+000
  6.0707368e+001  6.7064042e+000
  6.0832000e+001  6.7168627e+000
  6.0956632e+001  6.7273020e+000
  6.1081263e+001  6.7377222e+000
  6.1205895e+001  6.7481235e+000
  6.1330526e+001  6.7585056e+000
  6.1455158e+001  6.7688684e+000
  6.1579789e+001  6.7792118e+000
  6.1704421e+001  6.7895355e+000
  6.1829053e+001  6.7998394e+000
  6.1953684e+001  6.8101233e+000
  6.2078316e+001  6.8203872e+000
  6.2202947e+001  6.8306312e+000
  6.2327579e+001  6.8408554e+000
  6.2452211e+001  6.8510602e+000
  6.2576842e+001  6.8612458e+000
  6.2701474e+001  6.8714126e+000
  6.2826105e+001  6.8815609e+000
  6.2950737e+001  6.8916909e+000
  6.3075368e+001  6.9018029e+000
  6.3200000e+001  6.9118968e+000
  6.3324632e+001  6.9219724e+000
  6.3449263e+001  6.9320294e+000
  6.3573895e+001  6.9420675e+000
  6.3698526e+001  6.9520864e+000
  6.3823158e+001  6.9620857e+000
  6.3947789e+001  6.9720653e+000
  6.4072421e+001  6.9820249e+000
  6.4197053e+001  6.9919644e+000
  6.4321684e+001  7.0018844e+000
  6.4446316e+001  7.0117853e+000
  6.4570947e+001  7.0216675e+000
  6.4695579e+001  7.0315313e+000
  6.4820211e+001  7.0413772e+000
  6.4944842e+001  7.0512057e+000
  6.5069474e+001  7.0610170e+000
  6.5194105e+001  7.0708112e+000
  6.5318737e+001  7.0805879e+000
  6.5443368e+001  7.0903465e+000
  6.5568000e+001  7.1000868e+000
  6.5692632e+001  7.1098081e+000
  6.5817263e+001  7.1195103e+000
  6.5941895e+001  7.1291926e+000
  6.6066526e+001  7.1388551e+000
  6.6191158e+001  7.1484977e+000
  6.6315789e+001  7.1581210e+000
  6.6440421e+001  7.1677257e+000
  6.6565053e+001  7.1773127e+000
  6.6689684e+001  7.1868824e+000
  6.6814316e+001  7.1964358e+000
  6.6938947e+001  7.2059735e+000
  6.7063579e+001  7.2154959e+000
  6.7188211e+001  7.2250032e+000
  6.7312842e+001  7.2344946e+000
  6.7437474e+001  7.2439690e+000
  6.7562105e+001  7.2534258e+000
  6.7686737e+001  7.2628641e+000
  6.7811368e+001  7.2722830e+000
  6.7936000e+001  7.2816816e+000
  6.8060632e+001  7.2910594e+000
  6.8185263e+001  7.3004163e+000
  6.8309895e+001  7.3097531e+000
  6.8434526e+001  7.3190711e+000
  6.8559158e+001  7.3283712e+000
  6.8683789e+001  7.3376546e+000
  6.8808421e+001  7.3469223e+000
  6.8933053e+001  7.3561755e+000
  6.9057684e+001  7.3654148e+000
  6.9182316e+001  7.3746406e+000
  6.9306947e+001  7.3838522e+000
  6.9431579e+001  7.3930489e+000
  6.9556211e+001  7.4022296e+000
  6.9680842e+001  7.4113938e+000
  6.9805474e+001  7.4205405e+000
  6.9930105e+001  7.4296688e+000
  7.0054737e+001  7.4387783e+000
  7.0179368e+001  7.4478686e+000
  7.0304000e+001  7.4569401e+000
  7.0428632e+001  7.4659934e+000
  7.0553263e+001  7.4750291e+000
  7.0677895e+001  7.4840475e+000
  7.0802526e+001  7.4930494e+000
  7.0927158e+001  7.5020353e+000
  7.1051789e+001  7.5110057e+000
  7.1176421e+001  7.5199607e+000
  7.1301053e+001  7.5289001e+000
  7.1425684e+001  7.5378236e+000
  7.1550316e+001  7.5467309e+000
  7.1674947e+001  7.5556217e+000
  7.1799579e+001  7.5644957e+000
  7.1924211e+001  7.5733525e+000
  7.2048842e+001  7.5821921e+000
  7.2173474e+001  7.5910143e+000
  7.2298105e+001  7.5998195e+000
  7.2422737e+001  7.6086085e+000
  7.2547368e+001  7.6173817e+000
  7.2672000e+001  7.6261397e+000
  7.2796632e+001  7.6348831e+000
  7.2921263e+001  7.6436124e+000
  7.3045895e+001  7.6523279e+000
  7.3170526e+001  7.6610298e+000
  7.3295158e+001  7.6697174e+000
  7.3419789e+001  7.6783898e+000
  7.3544421e+001  7.6870462e+000
  7.3669053e+001  7.6956858e+000
  7.3793684e+001  7.7043079e+000
  7.3918316e+001  7.7129114e+000
  7.4042947e+001  7.7214959e+000
  7.4167579e+001  7.7300611e+000
  7.4292211e+001  7.7386078e+000
  7.4416842e+001  7.7471370e+000
  7.4541474e+001  7.7556496e+000
  7.4666105e+001  7.7641465e+000
  7.4790737e+001  7.7726286e+000
  7.4915368e+001  7.7810971e+000
  7.5040000e+001  7.7895524e+000
  7.5164632e+001  7.7979953e+000
  7.5289263e+001  7.8064255e+000
  7.5413895e+001  7.8148427e+000
  7.5538526e+001  7.8232465e+000
  7.5663158e+001  7.8316364e+000
  7.5787789e+001  7.8400121e+000
  7.5912421e+001  7.8483733e+000
  7.6037053e+001  7.8567197e+000
  7.6161684e+001  7.8650511e+000
  7.6286316e+001  7.8733670e+000
  7.6410947e+001  7.8816673e+000
  7.6535579e+001  7.8899518e+000
  7.6660211e+001  7.8982202e+000
  7.6784842e+001  7.9064725e+000
  7.6909474e+001  7.9147083e+000
  7.7034105e+001  7.9229275e+000
  7.7158737e+001  7.9311302e+000
  7.7283368e+001  7.9393167e+000
  7.7408000e+001  7.9474879e+000
  7.7532632e+001  7.9556443e+000
  7.7657263e+001  7.9637866e+000
  7.7781895e+001  7.9719154e+000
  7.7906526e+001  7.9800313e+000
  7.8031158e+001  7.9881348e+000
  7.8155789e+001  7.9962262e+000
  7.8280421e+001  8.0043053e+000
  7.8405053e+001  8.0123713e+000
  7.8529684e+001  8.0204237e+000
  7.8654316e+001  8.0284621e+000
  7.8778947e+001  8.0364859e+000
  7.8903579e+001  8.0444946e+000
  7.9028211e+001  8.0524878e+000
  7.9152842e+001  8.0604652e+000
  7.9277474e+001  8.0684274e+000
  7.9402105e+001  8.0763750e+000
  7.9526737e+001  8.0843087e+000
  7.9651368e+001  8.0922291e+000
  7.9776000e+001  8.1001369e+000
  7.9900632e+001  8.1080328e+000
  8.0025263e+001  8.1159174e+000
  8.0149895e+001  8.1237908e+000
  8.0274526e+001  8.1316525e+000
  8.0399158e+001  8.1395013e+000
  8.0523789e+001  8.1473363e+000
  8.0648421e+001  8.1551567e+000
  8.0773053e+001  8.1629613e+000
  8.0897684e+001  8.1707493e+000
  8.1022316e+001  8.1785200e+000
  8.1146947e+001  8.1862728e+000
  8.1271579e+001  8.1940085e+000
  8.1396211e+001  8.2017284e+000
  8.1520842e+001  8.2094336e+000
  8.1645474e+001  8.2171252e+000
  8.1770105e+001  8.2248042e+000
  8.1894737e+001  8.2324720e+000
  8.2019368e+001  8.2401294e+000
  8.2144000e+001  8.2477772e+000
  8.2268632e+001  8.2554153e+000
  8.2393263e+001  8.2630429e+000
  8.2517895e+001  8.2706595e+000
  8.2642526e+001  8.2782647e+000
  8.2767158e+001  8.2858579e+000
  8.2891789e+001  8.2934386e+000
  8.3016421e+001  8.3010063e+000
  8.3141053e+001  8.3085606e+000
  8.3265684e+001  8.3161014e+000
  8.3390316e+001  8.3236285e+000
  8.3514947e+001  8.3311418e+000
  8.3639579e+001  8.3386413e+000
  8.3764211e+001  8.3461267e+000
  8.3888842e+001  8.3535981e+000
  8.4013474e+001  8.3610554e+000
  8.4138105e+001  8.3684986e+000
  8.4262737e+001  8.3759278e+000
  8.4387368e+001  8.3833431e+000
  8.4512000e+001  8.3907448e+000
  8.4636632e+001  8.3981332e+000
  8.4761263e+001  8.4055084e+000
  8.4885895e+001  8.4128708e+000
  8.5010526e+001  8.4202203e+000
  8.5135158e+001  8.4275573e+000
  8.5259789e+001  8.4348821e+000
  8.5384421e+001  8.4421949e+000
  8.5509053e+001  8.4494962e+000
  8.5633684e+001  8.4567861e+000
  8.5758316e+001  8.4640650e+000
  8.5882947e+001  8.4713333e+000
  8.6007579e+001  8.4785911e+000
  8.6132211e+001  8.4858386e+000
  8.6256842e+001  8.4930754e+000
  8.6381474e+001  8.5003012e+000
  8.6506105e+001  8.5075153e+000
  8.6630737e+001  8.5147173e+000
  8.6755368e+001  8.5219067e+000
  8.6880000e+001  8.5290830e+000
  8.7004632e+001  8.5362459e+000
  8.7129263e+001  8.5433950e+000
  8.7253895e+001  8.5505305e+000
  8.7378526e+001  8.5576529e+000
  8.7503158e+001  8.5647627e+000
  8.7627789e+001  8.5718604e+000
  8.7752421e+001  8.5789464e+000
  8.7877053e+001  8.5860213e+000
  8.8001684e+001  8.5930855e+000
  8.8126316e+001  8.6001391e+000
  8.8250947e+001  8.6071824e+000
  8.8375579e+001  8.6142153e+000
  8.8500211e+001  8.6212376e+000
  8.8624842e+001  8.6282492e+000
  8.8749474e+001  8.6352501e+000
  8.8874105e+001  8.6422401e+000
  8.8998737e+001  8.6492193e+000
  8.9123368e+001  8.6561874e+000
  8.9248000e+001  8.6631443e+000
  8.9372632e+001  8.6700897e+000
  8.9497263e+001  8.6770235e+000
  8.9621895e+001  8.6839454e+000
  8.9746526e+001  8.6908551e+000
  8.9871158e+001  8.6977526e+000
  8.9995789e+001  8.7046377e+000
  9.0120421e+001  8.7115101e+000
  9.0245053e+001  8.7183701e+000
  9.0369684e+001  8.7252184e+000
  9.0494316e+001  8.7320554e+000
  9.0618947e+001  8.7388815e+000
  9.0743579e+001  8.7456974e+000
  9.0868211e+001  8.7525033e+000
  9.0992842e+001  8.7592999e+000
  9.1117474e+001  8.7660875e+000
  9.1242105e+001  8.7728659e+000
  9.1366737e+001  8.7796349e+000
  9.1491368e+001  8.7863940e+000
  9.1616000e+001  8.7931429e+000
  9.1740632e+001  8.7998814e+000
  9.1865263e+001  8.8066091e+000
  9.1989895e+001  8.8133259e+000
  9.2114526e+001  8.8200313e+000
  9.2239158e+001  8.8267253e+000
  9.2363789e+001  8.8334081e+000
  9.2488421e+001  8.8400797e+000
  9.2613053e+001  8.8467403e+000
  9.2737684e+001  8.8533899e+000
  9.2862316e+001  8.8600286e+000
  9.2986947e+001  8.8666565e+000
  9.3111579e+001  8.8732737e+000
  9.3236211e+001  8.8798800e+000
  9.3360842e+001  8.8864757e+000
  9.3485474e+001  8.8930605e+000
  9.3610105e+001  8.8996345e+000
  9.3734737e+001  8.9061976e+000
  9.3859368e+001  8.9127497e+000
  9.3984000e+001  8.9192910e+000
  9.4108632e+001  8.9258214e+000
  9.4233263e+001  8.9323411e+000
  9.4357895e+001  8.9388506e+000
  9.4482526e+001  8.9453503e+000
  9.4607158e+001  8.9518404e+000
  9.4731789e+001  8.9583215e+000
  9.4856421e+001  8.9647939e+000
  9.4981053e+001  8.9712580e+000
  9.5105684e+001  8.9777141e+000
  9.5230316e+001  8.9841620e+000
  9.5354947e+001  8.9906015e+000
  9.5479579e+001  8.9970321e+000
  9.5604211e+001  9.0034534e+000
  9.5728842e+001  9.0098651e+000
  9.5853474e+001  9.0162669e+000
  9.5978105e+001  9.0226583e+000
  9.6102737e+001  9.0290390e+000
  9.6227368e+001  9.0354089e+000
  9.6352000e+001  9.0417678e+000
  9.6476632e+001  9.0481157e+000
  9.6601263e+001  9.0544525e+000
  9.6725895e+001  9.0607780e+000
  9.6850526e+001  9.0670922e+000
  9.6975158e+001  9.0733951e+000
  9.7099789e+001  9.0796865e+000
  9.7224421e+001  9.0859669e+000
  9.7349053e+001  9.0922375e+000
  9.7473684e+001  9.0984989e+000
  9.7598316e+001  9.1047521e+000
  9.7722947e+001  9.1109980e+000
  9.7847579e+001  9.1172373e+000
  9.7972211e+001  9.1234709e+000
  9.8096842e+001  9.1296994e+000
  9.8221474e+001  9.1359225e+000
  9.8346105e+001  9.1421389e+000
  9.8470737e+001  9.1483476e+000
  9.8595368e+001  9.1545474e+000
  9.8720000e+001  9.1607370e+000
  9.8844632e+001  9.1669154e+000
  9.8969263e+001  9.1730814e+000
  9.9093895e+001  9.1792340e+000
  9.9218526e+001  9.1853733e+000
  9.9343158e+001  9.1915003e+000
  9.9467789e+001  9.1976158e+000
  9.9592421e+001  9.2037205e+000
  9.9717053e+001  9.2098154e+000
  9.9841684e+001  9.2159011e+000
  9.9966316e+001  9.2219787e+000
  1.0009095e+002  9.2280488e+000
  1.0021558e+002  9.2341116e+000
  1.0034021e+002  9.2401668e+000
  1.0046484e+002  9.2462143e+000
  1.0058947e+002  9.2522541e+000
  1.0071411e+002  9.2582859e+000
  1.0083874e+002  9.2643092e+000
  1.0096337e+002  9.2703239e+000
  1.0108800e+002  9.2763299e+000
  1.0121263e+002  9.2823275e+000
  1.0133726e+002  9.2883168e+000
  1.0146189e+002  9.2942982e+000
  1.0158653e+002  9.3002719e+000
  1.0171116e+002  9.3062384e+000
  1.0183579e+002  9.3121980e+000
  1.0196042e+002  9.3181511e+000
  1.0208505e+002  9.3240976e+000
  1.0220968e+002  9.3300373e+000
  1.0233432e+002  9.3359699e+000
  1.0245895e+002  9.3418946e+000
  1.0258358e+002  9.3478109e+000
  1.0270821e+002  9.3537181e+000
  1.0283284e+002  9.3596158e+000
  1.0295747e+002  9.3655034e+000
  1.0308211e+002  9.3713802e+000
  1.0320674e+002  9.3772464e+000
  1.0333137e+002  9.3831027e+000
  1.0345600e+002  9.3889495e+000
  1.0358063e+002  9.3947872e+000
  1.0370526e+002  9.4006162e+000
  1.0382989e+002  9.4064371e+000
  1.0395453e+002  9.4122506e+000
  1.0407916e+002  9.4180572e+000
  1.0420379e+002  9.4238568e+000
  1.0432842e+002  9.4296492e+000
  1.0445305e+002  9.4354343e+000
  1.0457768e+002  9.4412120e+000
  1.0470232e+002  9.4469820e+000
  1.0482695e+002  9.4527438e+000
  1.0495158e+002  9.4584971e+000
  1.0507621e+002  9.4642420e+000
  1.0520084e+002  9.4699783e+000
  1.0532547e+002  9.4757059e+000
  1.0545011e+002  9.4814246e+000
  1.0557474e+002  9.4871345e+000
  1.0569937e+002  9.4928355e+000
  1.0582400e+002  9.4985274e+000
  1.0594863e+002  9.5042102e+000
  1.0607326e+002  9.5098840e+000
  1.0619789e+002  9.5155493e+000
  1.0632253e+002  9.5212068e+000
  1.0644716e+002  9.5268575e+000
  1.0657179e+002  9.5325026e+000
  1.0669642e+002  9.5381432e+000
  1.0682105e+002  9.5437803e+000
  1.0694568e+002  9.5494149e+000
  1.0707032e+002  9.5550478e+000
  1.0719495e+002  9.5606784e+000
  1.0731958e+002  9.5663050e+000
  1.0744421e+002  9.5719254e+000
  1.0756884e+002  9.5775375e+000
  1.0769347e+002  9.5831392e+000
  1.0781811e+002  9.5887287e+000
  1.0794274e+002  9.5943038e+000
  1.0806737e+002  9.5998627e+000
  1.0819200e+002  9.6054058e+000
  1.0831663e+002  9.6109352e+000
  1.0844126e+002  9.6164530e+000
  1.0856589e+002  9.6219617e+000
  1.0869053e+002  9.6274635e+000
  1.0881516e+002  9.6329607e+000
  1.0893979e+002  9.6384557e+000
  1.0906442e+002  9.6439503e+000
  1.0918905e+002  9.6494451e+000
  1.0931368e+002  9.6549389e+000
  1.0943832e+002  9.6604306e+000
  1.0956295e+002  9.6659189e+000
  1.0968758e+002  9.6714025e+000
  1.0981221e+002  9.6768802e+000
  1.0993684e+002  9.6823507e+000
  1.1006147e+002  9.6878130e+000
  1.1018611e+002  9.6932664e+000
  1.1031074e+002  9.6987105e+000
  1.1043537e+002  9.7041452e+000
  1.1056000e+002  9.7095707e+000
  1.1068463e+002  9.7149869e+000
  1.1080926e+002  9.7203937e+000
  1.1093389e+002  9.7257910e+000
  1.1105853e+002  9.7311787e+000
  1.1118316e+002  9.7365574e+000
  1.1130779e+002  9.7419281e+000
  1.1143242e+002  9.7472916e+000
  1.1155705e+002  9.7526486e+000
  1.1168168e+002  9.7580001e+000
  1.1180632e+002  9.7633470e+000
  1.1193095e+002  9.7686906e+000
  1.1205558e+002  9.7740316e+000
  1.1218021e+002  9.7793697e+000
  1.1230484e+002  9.7847039e+000
  1.1242947e+002  9.7900327e+000
  1.1255411e+002  9.7953547e+000
  1.1267874e+002  9.8006686e+000
  1.1280337e+002  9.8059733e+000
  1.1292800e+002  9.8112674e+000
  1.1305263e+002  9.8165491e+000
  1.1317726e+002  9.8218185e+000
  1.1330189e+002  9.8270773e+000
  1.1342653e+002  9.8323270e+000
  1.1355116e+002  9.8375692e+000
  1.1367579e+002  9.8428054e+000
  1.1380042e+002  9.8480371e+000
  1.1392505e+002  9.8532660e+000
  1.1404968e+002  9.8584940e+000
  1.1417432e+002  9.8637210e+000
  1.1429895e+002  9.8689459e+000
  1.1442358e+002  9.8741674e+000
  1.1454821e+002  9.8793844e+000
  1.1467284e+002  9.8845959e+000
  1.1479747e+002  9.8898005e+000
  1.1492211e+002  9.8949969e+000
  1.1504674e+002  9.9001839e+000
  1.1517137e+002  9.9053613e+000
  1.1529600e+002  9.9105296e+000
  1.1542063e+002  9.9156896e+000
  1.1554526e+002  9.9208422e+000
  1.1566989e+002  9.9259881e+000
  1.1579453e+002  9.9311278e+000
  1.1591916e+002  9.9362621e+000
  1.1604379e+002  9.9413920e+000
  1.1616842e+002  9.9465176e+000
  1.1629305e+002  9.9516388e+000
  1.1641768e+002  9.9567552e+000
  1.1654232e+002  9.9618666e+000
  1.1666695e+002  9.9669728e+000
  1.1679158e+002  9.9720735e+000
  1.1691621e+002  9.9771684e+000
  1.1704084e+002  9.9822570e+000
  1.1716547e+002  9.9873392e+000
  1.1729011e+002  9.9924149e+000
  1.1741474e+002  9.9974842e+000
  1.1753937e+002  1.0002547e+001
  1.1766400e+002  1.0007602e+001
  1.1778863e+002  1.0012652e+001
  1.1791326e+002  1.0017694e+001
  1.1803789e+002  1.0022730e+001
  1.1816253e+002  1.0027759e+001
  1.1828716e+002  1.0032782e+001
  1.1841179e+002  1.0037798e+001
  1.1853642e+002  1.0042809e+001
  1.1866105e+002  1.0047814e+001
  1.1878568e+002  1.0052814e+001
  1.1891032e+002  1.0057808e+001
  1.1903495e+002  1.0062799e+001
  1.1915958e+002  1.0067784e+001
  1.1928421e+002  1.0072766e+001
  1.1940884e+002  1.0077744e+001
  1.1953347e+002  1.0082718e+001
  1.1965811e+002  1.0087688e+001
  1.1978274e+002  1.0092653e+001
  1.1990737e+002  1.0097614e+001
  1.2003200e+002  1.0102572e+001
  1.2015663e+002  1.0107526e+001
  1.2028126e+002  1.0112476e+001
  1.2040589e+002  1.0117420e+001
  1.2053053e+002  1.0122359e+001
  1.2065516e+002  1.0127291e+001
  1.2077979e+002  1.0132217e+001
  1.2090442e+002  1.0137134e+001
  1.2102905e+002  1.0142044e+001
  1.2115368e+002  1.0146944e+001
  1.2127832e+002  1.0151836e+001
  1.2140295e+002  1.0156720e+001
  1.2152758e+002  1.0161595e+001
  1.2165221e+002  1.0166462e+001
  1.2177684e+002  1.0171321e+001
  1.2190147e+002  1.0176171e+001
  1.2202611e+002  1.0181014e+001
  1.2215074e+002  1.0185849e+001
  1.2227537e+002  1.0190678e+001
  1.2240000e+002  1.0195502e+001
  1.2252463e+002  1.0200322e+001
  1.2264926e+002  1.0205141e+001
  1.2277389e+002  1.0209959e+001
  1.2289853e+002  1.0214777e+001
  1.2302316e+002  1.0219596e+001
  1.2314779e+002  1.0224417e+001
  1.2327242e+002  1.0229239e+001
  1.2339705e+002  1.0234060e+001
  1.2352168e+002  1.0238878e+001
  1.2364632e+002  1.0243690e+001
  1.2377095e+002  1.0248495e+001
  1.2389558e+002  1.0253291e+001
  1.2402021e+002  1.0258075e+001
  1.2414484e+002  1.0262847e+001
  1.2426947e+002  1.0267609e+001
  1.2439411e+002  1.0272361e+001
  1.2451874e+002  1.0277107e+001
  1.2464337e+002  1.0281847e+001
  1.2476800e+002  1.0286584e+001
  1.2489263e+002  1.0291320e+001
  1.2501726e+002  1.0296056e+001
  1.2514189e+002  1.0300793e+001
  1.2526653e+002  1.0305532e+001
  1.2539116e+002  1.0310271e+001
  1.2551579e+002  1.0315009e+001
  1.2564042e+002  1.0319746e+001
  1.2576505e+002  1.0324481e+001
  1.2588968e+002  1.0329214e+001
  1.2601432e+002  1.0333943e+001
  1.2613895e+002  1.0338668e+001
  1.2626358e+002  1.0343388e+001
  1.2638821e+002  1.0348101e+001
  1.2651284e+002  1.0352806e+001
  1.2663747e+002  1.0357502e+001
  1.2676211e+002  1.0362187e+001
  1.2688674e+002  1.0366862e+001
  1.2701137e+002  1.0371524e+001
  1.2713600e+002  1.0376173e+001
  1.2726063e+002  1.0380811e+001
  1.2738526e+002  1.0385440e+001
  1.2750989e+002  1.0390061e+001
  1.2763453e+002  1.0394677e+001
  1.2775916e+002  1.0399290e+001
  1.2788379e+002  1.0403901e+001
  1.2800842e+002  1.0408512e+001
  1.2813305e+002  1.0413125e+001
  1.2825768e+002  1.0417740e+001
  1.2838232e+002  1.0422355e+001
  1.2850695e+002  1.0426970e+001
  1.2863158e+002  1.0431582e+001
  1.2875621e+002  1.0436193e+001
  1.2888084e+002  1.0440800e+001
  1.2900547e+002  1.0445402e+001
  1.2913011e+002  1.0449999e+001
  1.2925474e+002  1.0454590e+001
  1.2937937e+002  1.0459175e+001
  1.2950400e+002  1.0463753e+001
  1.2962863e+002  1.0468324e+001
  1.2975326e+002  1.0472888e+001
  1.2987789e+002  1.0477444e+001
  1.3000253e+002  1.0481992e+001
  1.3012716e+002  1.0486532e+001
  1.3025179e+002  1.0491064e+001
  1.3037642e+002  1.0495591e+001
  1.3050105e+002  1.0500113e+001
  1.3062568e+002  1.0504633e+001
  1.3075032e+002  1.0509150e+001
  1.3087495e+002  1.0513667e+001
  1.3099958e+002  1.0518185e+001
  1.3112421e+002  1.0522704e+001
  1.3124884e+002  1.0527224e+001
  1.3137347e+002  1.0531743e+001
  1.3149811e+002  1.0536260e+001
  1.3162274e+002  1.0540773e+001
  1.3174737e+002  1.0545282e+001
  1.3187200e+002  1.0549785e+001
  1.3199663e+002  1.0554279e+001
  1.3212126e+002  1.0558764e+001
  1.3224589e+002  1.0563240e+001
  1.3237053e+002  1.0567710e+001
  1.3249516e+002  1.0572173e+001
  1.3261979e+002  1.0576629e+001
  1.3274442e+002  1.0581081e+001
  1.3286905e+002  1.0585529e+001
  1.3299368e+002  1.0589975e+001
  1.3311832e+002  1.0594419e+001
  1.3324295e+002  1.0598860e+001
  1.3336758e+002  1.0603300e+001
  1.3349221e+002  1.0607737e+001
  1.3361684e+002  1.0612173e+001
  1.3374147e+002  1.0616607e+001
  1.3386611e+002  1.0621040e+001
  1.3399074e+002  1.0625471e+001
  1.3411537e+002  1.0629900e+001
  1.3424000e+002  1.0634326e+001
  1.3436463e+002  1.0638749e+001
  1.3448926e+002  1.0643167e+001
  1.3461389e+002  1.0647579e+001
  1.3473853e+002  1.0651985e+001
  1.3486316e+002  1.0656382e+001
  1.3498779e+002  1.0660770e+001
  1.3511242e+002  1.0665149e+001
  1.3523705e+002  1.0669520e+001
  1.3536168e+002  1.0673883e+001
  1.3548632e+002  1.0678242e+001
  1.3561095e+002  1.0682599e+001
  1.3573558e+002  1.0686954e+001
  1.3586021e+002  1.0691310e+001
  1.3598484e+002  1.0695669e+001
  1.3610947e+002  1.0700033e+001
  1.3623411e+002  1.0704401e+001
  1.3635874e+002  1.0708770e+001
  1.3648337e+002  1.0713138e+001
  1.3660800e+002  1.0717504e+001
  1.3673263e+002  1.0721866e+001
  1.3685726e+002  1.0726222e+001
  1.3698189e+002  1.0730569e+001
  1.3710653e+002  1.0734907e+001
  1.3723116e+002  1.0739236e+001
  1.3735579e+002  1.0743556e+001
  1.3748042e+002  1.0747870e+001
  1.3760505e+002  1.0752177e+001
  1.3772968e+002  1.0756479e+001
  1.3785432e+002  1.0760778e+001
  1.3797895e+002  1.0765075e+001
  1.3810358e+002  1.0769370e+001
  1.3822821e+002  1.0773663e+001
  1.3835284e+002  1.0777955e+001
  1.3847747e+002  1.0782244e+001
  1.3860211e+002  1.0786532e+001
  1.3872674e+002  1.0790816e+001
  1.3885137e+002  1.0795098e+001
  1.3897600e+002  1.0799376e+001
  1.3910063e+002  1.0803651e+001
  1.3922526e+002  1.0807923e+001
  1.3934989e+002  1.0812191e+001
  1.3947453e+002  1.0816455e+001
  1.3959916e+002  1.0820716e+001
  1.3972379e+002  1.0824974e+001
  1.3984842e+002  1.0829229e+001
  1.3997305e+002  1.0833481e+001
  1.4009768e+002  1.0837730e+001
  1.4022232e+002  1.0841976e+001
  1.4034695e+002  1.0846219e+001
  1.4047158e+002  1.0850459e+001
  1.4059621e+002  1.0854696e+001
  1.4072084e+002  1.0858930e+001
  1.4084547e+002  1.0863160e+001
  1.4097011e+002  1.0867386e+001
  1.4109474e+002  1.0871610e+001
  1.4121937e+002  1.0875830e+001
  1.4134400e+002  1.0880047e+001
  1.4146863e+002  1.0884262e+001
  1.4159326e+002  1.0888473e+001
  1.4171789e+002  1.0892682e+001
  1.4184253e+002  1.0896888e+001
  1.4196716e+002  1.0901092e+001
  1.4209179e+002  1.0905295e+001
  1.4221642e+002  1.0909494e+001
  1.4234105e+002  1.0913690e+001
  1.4246568e+002  1.0917883e+001
  1.4259032e+002  1.0922072e+001
  1.4271495e+002  1.0926255e+001
  1.4283958e+002  1.0930432e+001
  1.4296421e+002  1.0934603e+001
  1.4308884e+002  1.0938767e+001
  1.4321347e+002  1.0942926e+001
  1.4333811e+002  1.0947079e+001
  1.4346274e+002  1.0951228e+001
  1.4358737e+002  1.0955374e+001
  1.4371200e+002  1.0959519e+001
  1.4383663e+002  1.0963665e+001
  1.4396126e+002  1.0967811e+001
  1.4408589e+002  1.0971960e+001
  1.4421053e+002  1.0976109e+001
  1.4433516e+002  1.0980258e+001
  1.4445979e+002  1.0984404e+001
  1.4458442e+002  1.0988546e+001
  1.4470905e+002  1.0992682e+001
  1.4483368e+002  1.0996809e+001
  1.4495832e+002  1.1000926e+001
  1.4508295e+002  1.1005030e+001
  1.4520758e+002  1.1009125e+001
  1.4533221e+002  1.1013210e+001
  1.4545684e+002  1.1017291e+001
  1.4558147e+002  1.1021371e+001
  1.4570611e+002  1.1025452e+001
  1.4583074e+002  1.1029538e+001
  1.4595537e+002  1.1033632e+001
  1.4608000e+002  1.1037737e+001
  1.4620463e+002  1.1041850e+001
  1.4632926e+002  1.1045971e+001
  1.4645389e+002  1.1050094e+001
  1.4657853e+002  1.1054216e+001
  1.4670316e+002  1.1058334e+001
  1.4682779e+002  1.1062443e+001
  1.4695242e+002  1.1066539e+001
  1.4707705e+002  1.1070621e+001
  1.4720168e+002  1.1074689e+001
  1.4732632e+002  1.1078746e+001
  1.4745095e+002  1.1082793e+001
  1.4757558e+002  1.1086834e+001
  1.4770021e+002  1.1090873e+001
  1.4782484e+002  1.1094913e+001
  1.4794947e+002  1.1098958e+001
  1.4807411e+002  1.1103010e+001
  1.4819874e+002  1.1107067e+001
  1.4832337e+002  1.1111129e+001
  1.4844800e+002  1.1115190e+001
  1.4857263e+002  1.1119249e+001
  1.4869726e+002  1.1123301e+001
  1.4882189e+002  1.1127344e+001
  1.4894653e+002  1.1131375e+001
  1.4907116e+002  1.1135390e+001
  1.4919579e+002  1.1139392e+001
  1.4932042e+002  1.1143381e+001
  1.4944505e+002  1.1147363e+001
  1.4956968e+002  1.1151341e+001
  1.4969432e+002  1.1155319e+001
  1.4981895e+002  1.1159301e+001
  1.4994358e+002  1.1163291e+001
  1.5006821e+002  1.1167291e+001
  1.5019284e+002  1.1171302e+001
  1.5031747e+002  1.1175320e+001
  1.5044211e+002  1.1179342e+001
  1.5056674e+002  1.1183365e+001
  1.5069137e+002  1.1187385e+001
  1.5081600e+002  1.1191397e+001
  1.5094063e+002  1.1195398e+001
  1.5106526e+002  1.1199387e+001
  1.5118989e+002  1.1203362e+001
  1.5131453e+002  1.1207325e+001
  1.5143916e+002  1.1211282e+001
  1.5156379e+002  1.1215237e+001
  1.5168842e+002  1.1219191e+001
  1.5181305e+002  1.1223148e+001
  1.5193768e+002  1.1227114e+001
  1.5206232e+002  1.1231090e+001
  1.5218695e+002  1.1235076e+001
  1.5231158e+002  1.1239069e+001
  1.5243621e+002  1.1243066e+001
  1.5256084e+002  1.1247063e+001
  1.5268547e+002  1.1251057e+001
  1.5281011e+002  1.1255045e+001
  1.5293474e+002  1.1259022e+001
  1.5305937e+002  1.1262986e+001
  1.5318400e+002  1.1266937e+001
  1.5330863e+002  1.1270876e+001
  1.5343326e+002  1.1274804e+001
  1.5355789e+002  1.1278724e+001
  1.5368253e+002  1.1282639e+001
  1.5380716e+002  1.1286550e+001
  1.5393179e+002  1.1290460e+001
  1.5405642e+002  1.1294370e+001
  1.5418105e+002  1.1298282e+001
  1.5430568e+002  1.1302195e+001
  1.5443032e+002  1.1306110e+001
  1.5455495e+002  1.1310025e+001
  1.5467958e+002  1.1313939e+001
  1.5480421e+002  1.1317853e+001
  1.5492884e+002  1.1321767e+001
  1.5505347e+002  1.1325679e+001
  1.5517811e+002  1.1329588e+001
  1.5530274e+002  1.1333496e+001
  1.5542737e+002  1.1337401e+001
  1.5555200e+002  1.1341303e+001
  1.5567663e+002  1.1345202e+001
  1.5580126e+002  1.1349097e+001
  1.5592589e+002  1.1352988e+001
  1.5605053e+002  1.1356874e+001
  1.5617516e+002  1.1360757e+001
  1.5629979e+002  1.1364636e+001
  1.5642442e+002  1.1368512e+001
  1.5654905e+002  1.1372385e+001
  1.5667368e+002  1.1376258e+001
  1.5679832e+002  1.1380131e+001
  1.5692295e+002  1.1384004e+001
  1.5704758e+002  1.1387880e+001
  1.5717221e+002  1.1391757e+001
  1.5729684e+002  1.1395635e+001
  1.5742147e+002  1.1399514e+001
  1.5754611e+002  1.1403392e+001
  1.5767074e+002  1.1407269e+001
  1.5779537e+002  1.1411144e+001
  1.5792000e+002  1.1415016e+001
  1.5804463e+002  1.1418885e+001
  1.5816926e+002  1.1422750e+001
  1.5829389e+002  1.1426610e+001
  1.5841853e+002  1.1430466e+001
  1.5854316e+002  1.1434317e+001
  1.5866779e+002  1.1438165e+001
  1.5879242e+002  1.1442009e+001
  1.5891705e+002  1.1445848e+001
  1.5904168e+002  1.1449682e+001
  1.5916632e+002  1.1453512e+001
  1.5929095e+002  1.1457338e+001
  1.5941558e+002  1.1461163e+001
  1.5954021e+002  1.1464987e+001
  1.5966484e+002  1.1468810e+001
  1.5978947e+002  1.1472635e+001
  1.5991411e+002  1.1476461e+001
  1.6003874e+002  1.1480290e+001
  1.6016337e+002  1.1484122e+001
  1.6028800e+002  1.1487956e+001
  1.6041263e+002  1.1491790e+001
  1.6053726e+002  1.1495621e+001
  1.6066189e+002  1.1499449e+001
  1.6078653e+002  1.1503271e+001
  1.6091116e+002  1.1507085e+001
  1.6103579e+002  1.1510891e+001
  1.6116042e+002  1.1514689e+001
  1.6128505e+002  1.1518478e+001
  1.6140968e+002  1.1522264e+001
  1.6153432e+002  1.1526047e+001
  1.6165895e+002  1.1529830e+001
  1.6178358e+002  1.1533615e+001
  1.6190821e+002  1.1537405e+001
  1.6203284e+002  1.1541202e+001
  1.6215747e+002  1.1545006e+001
  1.6228211e+002  1.1548815e+001
  1.6240674e+002  1.1552626e+001
  1.6253137e+002  1.1556436e+001
  1.6265600e+002  1.1560242e+001
  1.6278063e+002  1.1564041e+001
  1.6290526e+002  1.1567829e+001
  1.6302989e+002  1.1571604e+001
  1.6315453e+002  1.1575365e+001
  1.6327916e+002  1.1579115e+001
  1.6340379e+002  1.1582859e+001
  1.6352842e+002  1.1586600e+001
  1.6365305e+002  1.1590342e+001
  1.6377768e+002  1.1594089e+001
  1.6390232e+002  1.1597847e+001
  1.6402695e+002  1.1601617e+001
  1.6415158e+002  1.1605401e+001
  1.6427621e+002  1.1609196e+001
  1.6440084e+002  1.1612998e+001
  1.6452547e+002  1.1616799e+001
  1.6465011e+002  1.1620598e+001
  1.6477474e+002  1.1624388e+001
  1.6489937e+002  1.1628164e+001
  1.6502400e+002  1.1631921e+001
  1.6514863e+002  1.1635659e+001
  1.6527326e+002  1.1639381e+001
  1.6539789e+002  1.1643090e+001
  1.6552253e+002  1.1646793e+001
  1.6564716e+002  1.1650493e+001
  1.6577179e+002  1.1654196e+001
  1.6589642e+002  1.1657907e+001
  1.6602105e+002  1.1661630e+001
  1.6614568e+002  1.1665367e+001
  1.6627032e+002  1.1669117e+001
  1.6639495e+002  1.1672874e+001
  1.6651958e+002  1.1676635e+001
  1.6664421e+002  1.1680396e+001
  1.6676884e+002  1.1684154e+001
  1.6689347e+002  1.1687904e+001
  1.6701811e+002  1.1691642e+001
  1.6714274e+002  1.1695367e+001
  1.6726737e+002  1.1699080e+001
  1.6739200e+002  1.1702783e+001
  1.6751663e+002  1.1706480e+001
  1.6764126e+002  1.1710172e+001
  1.6776589e+002  1.1713863e+001
  1.6789053e+002  1.1717555e+001
  1.6801516e+002  1.1721250e+001
  1.6813979e+002  1.1724949e+001
  1.6826442e+002  1.1728654e+001
  1.6838905e+002  1.1732360e+001
  1.6851368e+002  1.1736066e+001
  1.6863832e+002  1.1739771e+001
  1.6876295e+002  1.1743473e+001
  1.6888758e+002  1.1747170e+001
  1.6901221e+002  1.1750861e+001
  1.6913684e+002  1.1754544e+001
  1.6926147e+002  1.1758222e+001
  1.6938611e+002  1.1761896e+001
  1.6951074e+002  1.1765568e+001
  1.6963537e+002  1.1769240e+001
  1.6976000e+002  1.1772913e+001
  1.6988463e+002  1.1776591e+001
  1.7000926e+002  1.1780274e+001
  1.7013389e+002  1.1783963e+001
  1.7025853e+002  1.1787658e+001
  1.7038316e+002  1.1791355e+001
  1.7050779e+002  1.1795052e+001
  1.7063242e+002  1.1798746e+001
  1.7075705e+002  1.1802434e+001
  1.7088168e+002  1.1806115e+001
  1.7100632e+002  1.1809785e+001
  1.7113095e+002  1.1813445e+001
  1.7125558e+002  1.1817095e+001
  1.7138021e+002  1.1820740e+001
  1.7150484e+002  1.1824382e+001
  1.7162947e+002  1.1828025e+001
  1.7175411e+002  1.1831674e+001
  1.7187874e+002  1.1835331e+001
  1.7200337e+002  1.1838999e+001
  1.7212800e+002  1.1842681e+001
  1.7225263e+002  1.1846374e+001
  1.7237726e+002  1.1850073e+001
  1.7250189e+002  1.1853774e+001
  1.7262653e+002  1.1857473e+001
  1.7275116e+002  1.1861165e+001
  1.7287579e+002  1.1864846e+001
  1.7300042e+002  1.1868512e+001
  1.7312505e+002  1.1872160e+001
  1.7324968e+002  1.1875792e+001
  1.7337432e+002  1.1879411e+001
  1.7349895e+002  1.1883021e+001
  1.7362358e+002  1.1886624e+001
  1.7374821e+002  1.1890224e+001
  1.7387284e+002  1.1893824e+001
  1.7399747e+002  1.1897427e+001
  1.7412211e+002  1.1901036e+001
  1.7424674e+002  1.1904651e+001
  1.7437137e+002  1.1908271e+001
  1.7449600e+002  1.1911896e+001
  1.7462063e+002  1.1915526e+001
  1.7474526e+002  1.1919161e+001
  1.7486989e+002  1.1922799e+001
  1.7499453e+002  1.1926440e+001
  1.7511916e+002  1.1930084e+001
  1.7524379e+002  1.1933730e+001
  1.7536842e+002  1.1937376e+001
  1.7549305e+002  1.1941020e+001
  1.7561768e+002  1.1944662e+001
  1.7574232e+002  1.1948299e+001
  1.7586695e+002  1.1951931e+001
  1.7599158e+002  1.1955556e+001
  1.7611621e+002  1.1959172e+001
  1.7624084e+002  1.1962781e+001
  1.7636547e+002  1.1966385e+001
  1.7649011e+002  1.1969986e+001
  1.7661474e+002  1.1973583e+001
  1.7673937e+002  1.1977179e+001
  1.7686400e+002  1.1980775e+001
  1.7698863e+002  1.1984372e+001
  1.7711326e+002  1.1987972e+001
  1.7723789e+002  1.1991575e+001
  1.7736253e+002  1.1995179e+001
  1.7748716e+002  1.1998784e+001
  1.7761179e+002  1.2002387e+001
  1.7773642e+002  1.2005990e+001
  1.7786105e+002  1.2009590e+001
  1.7798568e+002  1.2013187e+001
  1.7811032e+002  1.2016780e+001
  1.7823495e+002  1.2020369e+001
  1.7835958e+002  1.2023957e+001
  1.7848421e+002  1.2027544e+001
  1.7860884e+002  1.2031131e+001
  1.7873347e+002  1.2034718e+001
  1.7885811e+002  1.2038308e+001
  1.7898274e+002  1.2041902e+001
  1.7910737e+002  1.2045500e+001
  1.7923200e+002  1.2049102e+001
  1.7935663e+002  1.2052707e+001
  1.7948126e+002  1.2056312e+001
  1.7960589e+002  1.2059917e+001
  1.7973053e+002  1.2063520e+001
  1.7985516e+002  1.2067121e+001
  1.7997979e+002  1.2070717e+001
  1.8010442e+002  1.2074308e+001
  1.8022905e+002  1.2077892e+001
  1.8035368e+002  1.2081470e+001
  1.8047832e+002  1.2085041e+001
  1.8060295e+002  1.2088604e+001
  1.8072758e+002  1.2092160e+001
  1.8085221e+002  1.2095706e+001
  1.8097684e+002  1.2099243e+001
  1.8110147e+002  1.2102772e+001
  1.8122611e+002  1.2106294e+001
  1.8135074e+002  1.2109811e+001
  1.8147537e+002  1.2113329e+001
  1.8160000e+002  1.2116849e+001
  1.8172463e+002  1.2120374e+001
  1.8184926e+002  1.2123909e+001
  1.8197389e+002  1.2127456e+001
  1.8209853e+002  1.2131017e+001
  1.8222316e+002  1.2134590e+001
  1.8234779e+002  1.2138172e+001
  1.8247242e+002  1.2141759e+001
  1.8259705e+002  1.2145346e+001
  1.8272168e+002  1.2148931e+001
  1.8284632e+002  1.2152507e+001
  1.8297095e+002  1.2156071e+001
  1.8309558e+002  1.2159621e+001
  1.8322021e+002  1.2163157e+001
  1.8334484e+002  1.2166682e+001
  1.8346947e+002  1.2170202e+001
  1.8359411e+002  1.2173719e+001
  1.8371874e+002  1.2177237e+001
  1.8384337e+002  1.2180760e+001
  1.8396800e+002  1.2184291e+001
  1.8409263e+002  1.2187835e+001
  1.8421726e+002  1.2191390e+001
  1.8434189e+002  1.2194954e+001
  1.8446653e+002  1.2198523e+001
  1.8459116e+002  1.2202096e+001
  1.8471579e+002  1.2205667e+001
  1.8484042e+002  1.2209237e+001
  1.8496505e+002  1.2212801e+001
  1.8508968e+002  1.2216358e+001
  1.8521432e+002  1.2219906e+001
  1.8533895e+002  1.2223446e+001
  1.8546358e+002  1.2226977e+001
  1.8558821e+002  1.2230502e+001
  1.8571284e+002  1.2234020e+001
  1.8583747e+002  1.2237531e+001
  1.8596211e+002  1.2241036e+001
  1.8608674e+002  1.2244535e+001
  1.8621137e+002  1.2248030e+001
  1.8633600e+002  1.2251523e+001
  1.8646063e+002  1.2255017e+001
  1.8658526e+002  1.2258514e+001
  1.8670989e+002  1.2262016e+001
  1.8683453e+002  1.2265525e+001
  1.8695916e+002  1.2269044e+001
  1.8708379e+002  1.2272575e+001
  1.8720842e+002  1.2276116e+001
  1.8733305e+002  1.2279663e+001
  1.8745768e+002  1.2283213e+001
  1.8758232e+002  1.2286762e+001
  1.8770695e+002  1.2290306e+001
  1.8783158e+002  1.2293842e+001
  1.8795621e+002  1.2297366e+001
  1.8808084e+002  1.2300874e+001
  1.8820547e+002  1.2304367e+001
  1.8833011e+002  1.2307851e+001
  1.8845474e+002  1.2311330e+001
  1.8857937e+002  1.2314808e+001
  1.8870400e+002  1.2318290e+001
  1.8882863e+002  1.2321780e+001
  1.8895326e+002  1.2325282e+001
  1.8907789e+002  1.2328802e+001
  1.8920253e+002  1.2332338e+001
  1.8932716e+002  1.2335884e+001
  1.8945179e+002  1.2339436e+001
  1.8957642e+002  1.2342989e+001
  1.8970105e+002  1.2346537e+001
  1.8982568e+002  1.2350076e+001
  1.8995032e+002  1.2353600e+001
  1.9007495e+002  1.2357105e+001
  1.9019958e+002  1.2360590e+001
  1.9032421e+002  1.2364061e+001
  1.9044884e+002  1.2367521e+001
  1.9057347e+002  1.2370975e+001
  1.9069811e+002  1.2374425e+001
  1.9082274e+002  1.2377877e+001
  1.9094737e+002  1.2381337e+001
  1.9107200e+002  1.2384805e+001
  1.9119663e+002  1.2388284e+001
  1.9132126e+002  1.2391772e+001
  1.9144589e+002  1.2395265e+001
  1.9157053e+002  1.2398762e+001
  1.9169516e+002  1.2402258e+001
  1.9181979e+002  1.2405754e+001
  1.9194442e+002  1.2409245e+001
  1.9206905e+002  1.2412729e+001
  1.9219368e+002  1.2416207e+001
  1.9231832e+002  1.2419681e+001
  1.9244295e+002  1.2423152e+001
  1.9256758e+002  1.2426624e+001
  1.9269221e+002  1.2430097e+001
  1.9281684e+002  1.2433576e+001
  1.9294147e+002  1.2437060e+001
  1.9306611e+002  1.2440554e+001
  1.9319074e+002  1.2444055e+001
  1.9331537e+002  1.2447560e+001
  1.9344000e+002  1.2451065e+001
  1.9356463e+002  1.2454565e+001
  1.9368926e+002  1.2458057e+001
  1.9381389e+002  1.2461536e+001
  1.9393853e+002  1.2464999e+001
  1.9406316e+002  1.2468442e+001
  1.9418779e+002  1.2471866e+001
  1.9431242e+002  1.2475278e+001
  1.9443705e+002  1.2478685e+001
  1.9456168e+002  1.2482093e+001
  1.9468632e+002  1.2485511e+001
  1.9481095e+002  1.2488945e+001
  1.9493558e+002  1.2492402e+001
  1.9506021e+002  1.2495888e+001
  1.9518484e+002  1.2499403e+001
  1.9530947e+002  1.2502939e+001
  1.9543411e+002  1.2506486e+001
  1.9555874e+002  1.2510036e+001
  1.9568337e+002  1.2513580e+001
  1.9580800e+002  1.2517110e+001
  1.9593263e+002  1.2520616e+001
  1.9605726e+002  1.2524092e+001
  1.9618189e+002  1.2527535e+001
  1.9630653e+002  1.2530951e+001
  1.9643116e+002  1.2534347e+001
  1.9655579e+002  1.2537731e+001
  1.9668042e+002  1.2541110e+001
  1.9680505e+002  1.2544491e+001
  1.9692968e+002  1.2547881e+001
  1.9705432e+002  1.2551286e+001
  1.9717895e+002  1.2554710e+001
  1.9730358e+002  1.2558149e+001
  1.9742821e+002  1.2561601e+001
  1.9755284e+002  1.2565061e+001
  1.9767747e+002  1.2568527e+001
  1.9780211e+002  1.2571995e+001
  1.9792674e+002  1.2575463e+001
  1.9805137e+002  1.2578927e+001
  1.9817600e+002  1.2582386e+001
  1.9830063e+002  1.2585841e+001
  1.9842526e+002  1.2589294e+001
  1.9854989e+002  1.2592744e+001
  1.9867453e+002  1.2596192e+001
  1.9879916e+002  1.2599640e+001
  1.9892379e+002  1.2603090e+001
  1.9904842e+002  1.2606541e+001
  1.9917305e+002  1.2609994e+001
  1.9929768e+002  1.2613449e+001
  1.9942232e+002  1.2616905e+001
  1.9954695e+002  1.2620360e+001
  1.9967158e+002  1.2623813e+001
  1.9979621e+002  1.2627263e+001
  1.9992084e+002  1.2630712e+001
  2.0004547e+002  1.2634156e+001
  2.0017011e+002  1.2637596e+001
  2.0029474e+002  1.2641031e+001
  2.0041937e+002  1.2644462e+001
  2.0054400e+002  1.2647890e+001
  2.0066863e+002  1.2651313e+001
  2.0079326e+002  1.2654734e+001
  2.0091789e+002  1.2658151e+001
  2.0104253e+002  1.2661564e+001
  2.0116716e+002  1.2664976e+001
  2.0129179e+002  1.2668386e+001
  2.0141642e+002  1.2671796e+001
  2.0154105e+002  1.2675207e+001
  2.0166568e+002  1.2678621e+001
  2.0179032e+002  1.2682039e+001
  2.0191495e+002  1.2685461e+001
  2.0203958e+002  1.2688890e+001
  2.0216421e+002  1.2692325e+001
  2.0228884e+002  1.2695764e+001
  2.0241347e+002  1.2699207e+001
  2.0253811e+002  1.2702652e+001
  2.0266274e+002  1.2706096e+001
  2.0278737e+002  1.2709538e+001
  2.0291200e+002  1.2712976e+001
  2.0303663e+002  1.2716408e+001
  2.0316126e+002  1.2719834e+001
  2.0328589e+002  1.2723254e+001
  2.0341053e+002  1.2726671e+001
  2.0353516e+002  1.2730083e+001
  2.0365979e+002  1.2733494e+001
  2.0378442e+002  1.2736903e+001
  2.0390905e+002  1.2740312e+001
  2.0403368e+002  1.2743722e+001
  2.0415832e+002  1.2747134e+001
  2.0428295e+002  1.2750546e+001
  2.0440758e+002  1.2753960e+001
  2.0453221e+002  1.2757375e+001
  2.0465684e+002  1.2760791e+001
  2.0478147e+002  1.2764208e+001
  2.0490611e+002  1.2767625e+001
  2.0503074e+002  1.2771043e+001
  2.0515537e+002  1.2774461e+001
  2.0528000e+002  1.2777879e+001
  2.0540463e+002  1.2781296e+001
  2.0552926e+002  1.2784713e+001
  2.0565389e+002  1.2788127e+001
  2.0577853e+002  1.2791541e+001
  2.0590316e+002  1.2794952e+001
  2.0602779e+002  1.2798360e+001
  2.0615242e+002  1.2801766e+001
  2.0627705e+002  1.2805169e+001
  2.0640168e+002  1.2808571e+001
  2.0652632e+002  1.2811972e+001
  2.0665095e+002  1.2815373e+001
  2.0677558e+002  1.2818774e+001
  2.0690021e+002  1.2822175e+001
  2.0702484e+002  1.2825579e+001
  2.0714947e+002  1.2828984e+001
  2.0727411e+002  1.2832391e+001
  2.0739874e+002  1.2835801e+001
  2.0752337e+002  1.2839214e+001
  2.0764800e+002  1.2842631e+001
  2.0777263e+002  1.2846050e+001
  2.0789726e+002  1.2849474e+001
  2.0802189e+002  1.2852902e+001
  2.0814653e+002  1.2856335e+001
  2.0827116e+002  1.2859770e+001
  2.0839579e+002  1.2863206e+001
  2.0852042e+002  1.2866639e+001
  2.0864505e+002  1.2870069e+001
  2.0876968e+002  1.2873493e+001
  2.0889432e+002  1.2876910e+001
  2.0901895e+002  1.2880318e+001
  2.0914358e+002  1.2883714e+001
  2.0926821e+002  1.2887099e+001
  2.0939284e+002  1.2890474e+001
  2.0951747e+002  1.2893841e+001
  2.0964211e+002  1.2897199e+001
  2.0976674e+002  1.2900549e+001
  2.0989137e+002  1.2903892e+001
  2.1001600e+002  1.2907228e+001
  2.1014063e+002  1.2910560e+001
  2.1026526e+002  1.2913890e+001
  2.1038989e+002  1.2917222e+001
  2.1051453e+002  1.2920561e+001
  2.1063916e+002  1.2923910e+001
  2.1076379e+002  1.2927273e+001
  2.1088842e+002  1.2930655e+001
  2.1101305e+002  1.2934058e+001
  2.1113768e+002  1.2937484e+001
  2.1126232e+002  1.2940927e+001
  2.1138695e+002  1.2944383e+001
  2.1151158e+002  1.2947842e+001
  2.1163621e+002  1.2951297e+001
  2.1176084e+002  1.2954742e+001
  2.1188547e+002  1.2958170e+001
  2.1201011e+002  1.2961574e+001
  2.1213474e+002  1.2964952e+001
  2.1225937e+002  1.2968307e+001
  2.1238400e+002  1.2971648e+001
  2.1250863e+002  1.2974981e+001
  2.1263326e+002  1.2978315e+001
  2.1275789e+002  1.2981656e+001
  2.1288253e+002  1.2985014e+001
  2.1300716e+002  1.2988395e+001
  2.1313179e+002  1.2991803e+001
  2.1325642e+002  1.2995234e+001
  2.1338105e+002  1.2998681e+001
  2.1350568e+002  1.3002138e+001
  2.1363032e+002  1.3005596e+001
  2.1375495e+002  1.3009050e+001
  2.1387958e+002  1.3012491e+001
  2.1400421e+002  1.3015915e+001
  2.1412884e+002  1.3019316e+001
  2.1425347e+002  1.3022696e+001
  2.1437811e+002  1.3026057e+001
  2.1450274e+002  1.3029404e+001
  2.1462737e+002  1.3032743e+001
  2.1475200e+002  1.3036075e+001
  2.1487663e+002  1.3039404e+001
  2.1500126e+002  1.3042734e+001
  2.1512589e+002  1.3046069e+001
  2.1525053e+002  1.3049410e+001
  2.1537516e+002  1.3052758e+001
  2.1549979e+002  1.3056115e+001
  2.1562442e+002  1.3059482e+001
  2.1574905e+002  1.3062860e+001
  2.1587368e+002  1.3066250e+001
  2.1599832e+002  1.3069654e+001
  2.1612295e+002  1.3073072e+001
  2.1624758e+002  1.3076499e+001
  2.1637221e+002  1.3079931e+001
  2.1649684e+002  1.3083362e+001
  2.1662147e+002  1.3086787e+001
  2.1674611e+002  1.3090201e+001
  2.1687074e+002  1.3093599e+001
  2.1699537e+002  1.3096975e+001
  2.1712000e+002  1.3100326e+001
  2.1724463e+002  1.3103657e+001
  2.1736926e+002  1.3106974e+001
  2.1749389e+002  1.3110285e+001
  2.1761853e+002  1.3113595e+001
  2.1774316e+002  1.3116912e+001
  2.1786779e+002  1.3120243e+001
  2.1799242e+002  1.3123596e+001
  2.1811705e+002  1.3126973e+001
  2.1824168e+002  1.3130372e+001
  2.1836632e+002  1.3133789e+001
  2.1849095e+002  1.3137216e+001
  2.1861558e+002  1.3140648e+001
  2.1874021e+002  1.3144079e+001
  2.1886484e+002  1.3147502e+001
  2.1898947e+002  1.3150912e+001
  2.1911411e+002  1.3154305e+001
  2.1923874e+002  1.3157681e+001
  2.1936337e+002  1.3161039e+001
  2.1948800e+002  1.3164384e+001
  2.1961263e+002  1.3167715e+001
  2.1973726e+002  1.3171035e+001
  2.1986189e+002  1.3174344e+001
  2.1998653e+002  1.3177644e+001
  2.2011116e+002  1.3180937e+001
  2.2023579e+002  1.3184228e+001
  2.2036042e+002  1.3187520e+001
  2.2048505e+002  1.3190818e+001
  2.2060968e+002  1.3194126e+001
  2.2073432e+002  1.3197449e+001
  2.2085895e+002  1.3200790e+001
  2.2098358e+002  1.3204155e+001
  2.2110821e+002  1.3207546e+001
  2.2123284e+002  1.3210958e+001
  2.2135747e+002  1.3214386e+001
  2.2148211e+002  1.3217821e+001
  2.2160674e+002  1.3221254e+001
  2.2173137e+002  1.3224679e+001
  2.2185600e+002  1.3228090e+001
  2.2198063e+002  1.3231476e+001
  2.2210526e+002  1.3234834e+001
  2.2222989e+002  1.3238167e+001
  2.2235453e+002  1.3241480e+001
  2.2247916e+002  1.3244781e+001
  2.2260379e+002  1.3248077e+001
  2.2272842e+002  1.3251375e+001
  2.2285305e+002  1.3254681e+001
  2.2297768e+002  1.3258003e+001
  2.2310232e+002  1.3261346e+001
  2.2322695e+002  1.3264708e+001
  2.2335158e+002  1.3268085e+001
  2.2347621e+002  1.3271472e+001
  2.2360084e+002  1.3274863e+001
  2.2372547e+002  1.3278255e+001
  2.2385011e+002  1.3281641e+001
  2.2397474e+002  1.3285017e+001
  2.2409937e+002  1.3288379e+001
  2.2422400e+002  1.3291729e+001
  2.2434863e+002  1.3295068e+001
  2.2447326e+002  1.3298401e+001
  2.2459789e+002  1.3301732e+001
  2.2472253e+002  1.3305063e+001
  2.2484716e+002  1.3308398e+001
  2.2497179e+002  1.3311742e+001
  2.2509642e+002  1.3315096e+001
  2.2522105e+002  1.3318460e+001
  2.2534568e+002  1.3321833e+001
  2.2547032e+002  1.3325212e+001
  2.2559495e+002  1.3328596e+001
  2.2571958e+002  1.3331982e+001
  2.2584421e+002  1.3335369e+001
  2.2596884e+002  1.3338754e+001
  2.2609347e+002  1.3342136e+001
  2.2621811e+002  1.3345514e+001
  2.2634274e+002  1.3348888e+001
  2.2646737e+002  1.3352258e+001
  2.2659200e+002  1.3355622e+001
  2.2671663e+002  1.3358982e+001
  2.2684126e+002  1.3362336e+001
  2.2696589e+002  1.3365685e+001
  2.2709053e+002  1.3369028e+001
  2.2721516e+002  1.3372366e+001
  2.2733979e+002  1.3375699e+001
  2.2746442e+002  1.3379028e+001
  2.2758905e+002  1.3382353e+001
  2.2771368e+002  1.3385675e+001
  2.2783832e+002  1.3388995e+001
  2.2796295e+002  1.3392314e+001
  2.2808758e+002  1.3395632e+001
  2.2821221e+002  1.3398949e+001
  2.2833684e+002  1.3402267e+001
  2.2846147e+002  1.3405588e+001
  2.2858611e+002  1.3408914e+001
  2.2871074e+002  1.3412244e+001
  2.2883537e+002  1.3415580e+001
  2.2896000e+002  1.3418925e+001
  2.2908463e+002  1.3422278e+001
  2.2920926e+002  1.3425639e+001
  2.2933389e+002  1.3429005e+001
  2.2945853e+002  1.3432375e+001
  2.2958316e+002  1.3435746e+001
  2.2970779e+002  1.3439115e+001
  2.2983242e+002  1.3442482e+001
  2.2995705e+002  1.3445843e+001
  2.3008168e+002  1.3449197e+001
  2.3020632e+002  1.3452544e+001
  2.3033095e+002  1.3455884e+001
  2.3045558e+002  1.3459221e+001
  2.3058021e+002  1.3462557e+001
  2.3070484e+002  1.3465892e+001
  2.3082947e+002  1.3469229e+001
  2.3095411e+002  1.3472569e+001
  2.3107874e+002  1.3475914e+001
  2.3120337e+002  1.3479263e+001
  2.3132800e+002  1.3482614e+001
  2.3145263e+002  1.3485965e+001
  2.3157726e+002  1.3489311e+001
  2.3170189e+002  1.3492651e+001
  2.3182653e+002  1.3495983e+001
  2.3195116e+002  1.3499302e+001
  2.3207579e+002  1.3502608e+001
  2.3220042e+002  1.3505903e+001
  2.3232505e+002  1.3509191e+001
  2.3244968e+002  1.3512476e+001
  2.3257432e+002  1.3515766e+001
  2.3269895e+002  1.3519064e+001
  2.3282358e+002  1.3522377e+001
  2.3294821e+002  1.3525709e+001
  2.3307284e+002  1.3529065e+001
  2.3319747e+002  1.3532442e+001
  2.3332211e+002  1.3535837e+001
  2.3344674e+002  1.3539241e+001
  2.3357137e+002  1.3542648e+001
  2.3369600e+002  1.3546052e+001
  2.3382063e+002  1.3549446e+001
  2.3394526e+002  1.3552823e+001
  2.3406989e+002  1.3556178e+001
  2.3419453e+002  1.3559510e+001
  2.3431916e+002  1.3562823e+001
  2.3444379e+002  1.3566122e+001
  2.3456842e+002  1.3569412e+001
  2.3469305e+002  1.3572697e+001
  2.3481768e+002  1.3575983e+001
  2.3494232e+002  1.3579274e+001
  2.3506695e+002  1.3582575e+001
  2.3519158e+002  1.3585885e+001
  2.3531621e+002  1.3589205e+001
  2.3544084e+002  1.3592532e+001
  2.3556547e+002  1.3595865e+001
  2.3569011e+002  1.3599201e+001
  2.3581474e+002  1.3602540e+001
  2.3593937e+002  1.3605878e+001
  2.3606400e+002  1.3609213e+001
  2.3618863e+002  1.3612546e+001
  2.3631326e+002  1.3615879e+001
  2.3643789e+002  1.3619212e+001
  2.3656253e+002  1.3622548e+001
  2.3668716e+002  1.3625888e+001
  2.3681179e+002  1.3629233e+001
  2.3693642e+002  1.3632586e+001
  2.3706105e+002  1.3635948e+001
  2.3718568e+002  1.3639318e+001
  2.3731032e+002  1.3642694e+001
  2.3743495e+002  1.3646074e+001
  2.3755958e+002  1.3649457e+001
  2.3768421e+002  1.3652841e+001
  2.3780884e+002  1.3656222e+001
  2.3793347e+002  1.3659599e+001
  2.3805811e+002  1.3662971e+001
  2.3818274e+002  1.3666335e+001
  2.3830737e+002  1.3669693e+001
  2.3843200e+002  1.3673042e+001
  2.3855663e+002  1.3676384e+001
  2.3868126e+002  1.3679717e+001
  2.3880589e+002  1.3683042e+001
  2.3893053e+002  1.3686356e+001
  2.3905516e+002  1.3689662e+001
  2.3917979e+002  1.3692959e+001
  2.3930442e+002  1.3696250e+001
  2.3942905e+002  1.3699537e+001
  2.3955368e+002  1.3702821e+001
  2.3967832e+002  1.3706106e+001
  2.3980295e+002  1.3709393e+001
  2.3992758e+002  1.3712685e+001
  2.4005221e+002  1.3715983e+001
  2.4017684e+002  1.3719288e+001
  2.4030147e+002  1.3722601e+001
  2.4042611e+002  1.3725922e+001
  2.4055074e+002  1.3729250e+001
  2.4067537e+002  1.3732584e+001
  2.4080000e+002  1.3735925e+001
  2.4092463e+002  1.3739273e+001
  2.4104926e+002  1.3742627e+001
  2.4117389e+002  1.3745985e+001
  2.4129853e+002  1.3749345e+001
  2.4142316e+002  1.3752706e+001
  2.4154779e+002  1.3756066e+001
  2.4167242e+002  1.3759421e+001
  2.4179705e+002  1.3762769e+001
  2.4192168e+002  1.3766107e+001
  2.4204632e+002  1.3769435e+001
  2.4217095e+002  1.3772751e+001
  2.4229558e+002  1.3776057e+001
  2.4242021e+002  1.3779357e+001
  2.4254484e+002  1.3782653e+001
  2.4266947e+002  1.3785948e+001
  2.4279411e+002  1.3789244e+001
  2.4291874e+002  1.3792544e+001
  2.4304337e+002  1.3795852e+001
  2.4316800e+002  1.3799167e+001
  2.4329263e+002  1.3802489e+001
  2.4341726e+002  1.3805817e+001
  2.4354189e+002  1.3809147e+001
  2.4366653e+002  1.3812481e+001
  2.4379116e+002  1.3815815e+001
  2.4391579e+002  1.3819149e+001
  2.4404042e+002  1.3822480e+001
  2.4416505e+002  1.3825809e+001
  2.4428968e+002  1.3829136e+001
  2.4441432e+002  1.3832462e+001
  2.4453895e+002  1.3835788e+001
  2.4466358e+002  1.3839114e+001
  2.4478821e+002  1.3842441e+001
  2.4491284e+002  1.3845770e+001
  2.4503747e+002  1.3849102e+001
  2.4516211e+002  1.3852437e+001
  2.4528674e+002  1.3855773e+001
  2.4541137e+002  1.3859108e+001
  2.4553600e+002  1.3862441e+001
  2.4566063e+002  1.3865770e+001
  2.4578526e+002  1.3869093e+001
  2.4590989e+002  1.3872408e+001
  2.4603453e+002  1.3875715e+001
  2.4615916e+002  1.3879012e+001
  2.4628379e+002  1.3882302e+001
  2.4640842e+002  1.3885587e+001
  2.4653305e+002  1.3888871e+001
  2.4665768e+002  1.3892155e+001
  2.4678232e+002  1.3895443e+001
  2.4690695e+002  1.3898736e+001
  2.4703158e+002  1.3902037e+001
  2.4715621e+002  1.3905349e+001
  2.4728084e+002  1.3908671e+001
  2.4740547e+002  1.3912003e+001
  2.4753011e+002  1.3915342e+001
  2.4765474e+002  1.3918690e+001
  2.4777937e+002  1.3922044e+001
  2.4790400e+002  1.3925406e+001
  2.4802863e+002  1.3928775e+001
  2.4815326e+002  1.3932147e+001
  2.4827789e+002  1.3935523e+001
  2.4840253e+002  1.3938899e+001
  2.4852716e+002  1.3942272e+001
  2.4865179e+002  1.3945640e+001
  2.4877642e+002  1.3949000e+001
  2.4890105e+002  1.3952349e+001
  2.4902568e+002  1.3955686e+001
  2.4915032e+002  1.3959009e+001
  2.4927495e+002  1.3962321e+001
  2.4939958e+002  1.3965623e+001
  2.4952421e+002  1.3968919e+001
  2.4964884e+002  1.3972212e+001
  2.4977347e+002  1.3975505e+001
  2.4989811e+002  1.3978802e+001
  2.5002274e+002  1.3982103e+001
  2.5014737e+002  1.3985411e+001
  2.5027200e+002  1.3988724e+001
  2.5039663e+002  1.3992042e+001
  2.5052126e+002  1.3995362e+001
  2.5064589e+002  1.3998683e+001
  2.5077053e+002  1.4002001e+001
  2.5089516e+002  1.4005316e+001
  2.5101979e+002  1.4008625e+001
  2.5114442e+002  1.4011929e+001
  2.5126905e+002  1.4015228e+001
  2.5139368e+002  1.4018525e+001
  2.5151832e+002  1.4021821e+001
  2.5164295e+002  1.4025120e+001
  2.5176758e+002  1.4028423e+001
  2.5189221e+002  1.4031731e+001
  2.5201684e+002  1.4035049e+001
  2.5214147e+002  1.4038375e+001
  2.5226611e+002  1.4041709e+001
  2.5239074e+002  1.4045049e+001
  2.5251537e+002  1.4048393e+001
  2.5264000e+002  1.4051739e+001
  2.5276463e+002  1.4055085e+001
  2.5288926e+002  1.4058430e+001
  2.5301389e+002  1.4061772e+001
  2.5313853e+002  1.4065109e+001
  2.5326316e+002  1.4068441e+001
  2.5338779e+002  1.4071766e+001
  2.5351242e+002  1.4075085e+001
  2.5363705e+002  1.4078398e+001
  2.5376168e+002  1.4081702e+001
  2.5388632e+002  1.4084999e+001
  2.5401095e+002  1.4088288e+001
  2.5413558e+002  1.4091570e+001
  2.5426021e+002  1.4094847e+001
  2.5438484e+002  1.4098122e+001
  2.5450947e+002  1.4101400e+001
  2.5463411e+002  1.4104685e+001
  2.5475874e+002  1.4107980e+001
  2.5488337e+002  1.4111289e+001
  2.5500800e+002  1.4114615e+001
  2.5513263e+002  1.4117958e+001
  2.5525726e+002  1.4121319e+001
  2.5538189e+002  1.4124690e+001
  2.5550653e+002  1.4128066e+001
  2.5563116e+002  1.4131443e+001
  2.5575579e+002  1.4134817e+001
  2.5588042e+002  1.4138183e+001
  2.5600505e+002  1.4141535e+001
  2.5612968e+002  1.4144872e+001
  2.5625432e+002  1.4148192e+001
  2.5637895e+002  1.4151500e+001
  2.5650358e+002  1.4154799e+001
  2.5662821e+002  1.4158091e+001
  2.5675284e+002  1.4161380e+001
  2.5687747e+002  1.4164667e+001
  2.5700211e+002  1.4167956e+001
  2.5712674e+002  1.4171248e+001
  2.5725137e+002  1.4174545e+001
  2.5737600e+002  1.4177846e+001
  2.5750063e+002  1.4181148e+001
  2.5762526e+002  1.4184454e+001
  2.5774989e+002  1.4187761e+001
  2.5787453e+002  1.4191069e+001
  2.5799916e+002  1.4194378e+001
  2.5812379e+002  1.4197687e+001
  2.5824842e+002  1.4200997e+001
  2.5837305e+002  1.4204308e+001
  2.5849768e+002  1.4207621e+001
  2.5862232e+002  1.4210936e+001
  2.5874695e+002  1.4214254e+001
  2.5887158e+002  1.4217575e+001
  2.5899621e+002  1.4220899e+001
  2.5912084e+002  1.4224227e+001
  2.5924547e+002  1.4227558e+001
  2.5937011e+002  1.4230891e+001
  2.5949474e+002  1.4234222e+001
  2.5961937e+002  1.4237552e+001
  2.5974400e+002  1.4240880e+001
  2.5986863e+002  1.4244203e+001
  2.5999326e+002  1.4247521e+001
  2.6011789e+002  1.4250832e+001
  2.6024253e+002  1.4254136e+001
  2.6036716e+002  1.4257437e+001
  2.6049179e+002  1.4260736e+001
  2.6061642e+002  1.4264034e+001
  2.6074105e+002  1.4267334e+001
  2.6086568e+002  1.4270636e+001
  2.6099032e+002  1.4273943e+001
  2.6111495e+002  1.4277256e+001
  2.6123958e+002  1.4280574e+001
  2.6136421e+002  1.4283898e+001
  2.6148884e+002  1.4287226e+001
  2.6161347e+002  1.4290557e+001
  2.6173811e+002  1.4293891e+001
  2.6186274e+002  1.4297226e+001
  2.6198737e+002  1.4300562e+001
  2.6211200e+002  1.4303897e+001
  2.6223663e+002  1.4307232e+001
  2.6236126e+002  1.4310565e+001
  2.6248589e+002  1.4313896e+001
  2.6261053e+002  1.4317224e+001
  2.6273516e+002  1.4320549e+001
  2.6285979e+002  1.4323870e+001
  2.6298442e+002  1.4327185e+001
  2.6310905e+002  1.4330497e+001
  2.6323368e+002  1.4333804e+001
  2.6335832e+002  1.4337107e+001
  2.6348295e+002  1.4340407e+001
  2.6360758e+002  1.4343707e+001
  2.6373221e+002  1.4347007e+001
  2.6385684e+002  1.4350307e+001
  2.6398147e+002  1.4353609e+001
  2.6410611e+002  1.4356914e+001
  2.6423074e+002  1.4360222e+001
  2.6435537e+002  1.4363533e+001
  2.6448000e+002  1.4366847e+001
  2.6460463e+002  1.4370163e+001
  2.6472926e+002  1.4373482e+001
  2.6485389e+002  1.4376804e+001
  2.6497853e+002  1.4380127e+001
  2.6510316e+002  1.4383453e+001
  2.6522779e+002  1.4386781e+001
  2.6535242e+002  1.4390110e+001
  2.6547705e+002  1.4393439e+001
  2.6560168e+002  1.4396768e+001
  2.6572632e+002  1.4400097e+001
  2.6585095e+002  1.4403424e+001
  2.6597558e+002  1.4406749e+001
  2.6610021e+002  1.4410072e+001
  2.6622484e+002  1.4413390e+001
  2.6634947e+002  1.4416705e+001
  2.6647411e+002  1.4420014e+001
  2.6659874e+002  1.4423318e+001
  2.6672337e+002  1.4426614e+001
  2.6684800e+002  1.4429902e+001
  2.6697263e+002  1.4433181e+001
  2.6709726e+002  1.4436451e+001
  2.6722189e+002  1.4439714e+001
  2.6734653e+002  1.4442975e+001
  2.6747116e+002  1.4446238e+001
  2.6759579e+002  1.4449506e+001
  2.6772042e+002  1.4452785e+001
  2.6784505e+002  1.4456079e+001
  2.6796968e+002  1.4459392e+001
  2.6809432e+002  1.4462725e+001
  2.6821895e+002  1.4466079e+001
  2.6834358e+002  1.4469445e+001
  2.6846821e+002  1.4472816e+001
  2.6859284e+002  1.4476185e+001
  2.6871747e+002  1.4479547e+001
  2.6884211e+002  1.4482892e+001
  2.6896674e+002  1.4486216e+001
  2.6909137e+002  1.4489514e+001
  2.6921600e+002  1.4492785e+001
  2.6934063e+002  1.4496037e+001
  2.6946526e+002  1.4499277e+001
  2.6958989e+002  1.4502512e+001
  2.6971453e+002  1.4505748e+001
  2.6983916e+002  1.4508991e+001
  2.6996379e+002  1.4512250e+001
  2.7008842e+002  1.4515528e+001
  2.7021305e+002  1.4518829e+001
  2.7033768e+002  1.4522149e+001
  2.7046232e+002  1.4525484e+001
  2.7058695e+002  1.4528832e+001
  2.7071158e+002  1.4532193e+001
  2.7083621e+002  1.4535562e+001
  2.7096084e+002  1.4538938e+001
  2.7108547e+002  1.4542317e+001
  2.7121011e+002  1.4545697e+001
  2.7133474e+002  1.4549074e+001
  2.7145937e+002  1.4552444e+001
  2.7158400e+002  1.4555804e+001
  2.7170863e+002  1.4559150e+001
  2.7183326e+002  1.4562479e+001
  2.7195789e+002  1.4565787e+001
  2.7208253e+002  1.4569072e+001
  2.7220716e+002  1.4572336e+001
  2.7233179e+002  1.4575583e+001
  2.7245642e+002  1.4578822e+001
  2.7258105e+002  1.4582058e+001
  2.7270568e+002  1.4585298e+001
  2.7283032e+002  1.4588548e+001
  2.7295495e+002  1.4591815e+001
  2.7307958e+002  1.4595102e+001
  2.7320421e+002  1.4598411e+001
  2.7332884e+002  1.4601736e+001
  2.7345347e+002  1.4605072e+001
  2.7357811e+002  1.4608414e+001
  2.7370274e+002  1.4611757e+001
  2.7382737e+002  1.4615095e+001
  2.7395200e+002  1.4618422e+001
  2.7407663e+002  1.4621735e+001
  2.7420126e+002  1.4625033e+001
  2.7432589e+002  1.4628320e+001
  2.7445053e+002  1.4631601e+001
  2.7457516e+002  1.4634881e+001
  2.7469979e+002  1.4638162e+001
  2.7482442e+002  1.4641450e+001
  2.7494905e+002  1.4644749e+001
  2.7507368e+002  1.4648061e+001
  2.7519832e+002  1.4651386e+001
  2.7532295e+002  1.4654721e+001
  2.7544758e+002  1.4658061e+001
  2.7557221e+002  1.4661401e+001
  2.7569684e+002  1.4664736e+001
  2.7582147e+002  1.4668061e+001
  2.7594611e+002  1.4671373e+001
  2.7607074e+002  1.4674667e+001
  2.7619537e+002  1.4677943e+001
  2.7632000e+002  1.4681206e+001
  2.7644463e+002  1.4684461e+001
  2.7656926e+002  1.4687714e+001
  2.7669389e+002  1.4690968e+001
  2.7681853e+002  1.4694230e+001
  2.7694316e+002  1.4697503e+001
  2.7706779e+002  1.4700791e+001
  2.7719242e+002  1.4704097e+001
  2.7731705e+002  1.4707417e+001
  2.7744168e+002  1.4710746e+001
  2.7756632e+002  1.4714083e+001
  2.7769095e+002  1.4717424e+001
  2.7781558e+002  1.4720764e+001
  2.7794021e+002  1.4724101e+001
  2.7806484e+002  1.4727432e+001
  2.7818947e+002  1.4730755e+001
  2.7831411e+002  1.4734073e+001
  2.7843874e+002  1.4737387e+001
  2.7856337e+002  1.4740698e+001
  2.7868800e+002  1.4744008e+001
  2.7881263e+002  1.4747318e+001
  2.7893726e+002  1.4750631e+001
  2.7906189e+002  1.4753948e+001
  2.7918653e+002  1.4757269e+001
  2.7931116e+002  1.4760594e+001
  2.7943579e+002  1.4763921e+001
  2.7956042e+002  1.4767250e+001
  2.7968505e+002  1.4770581e+001
  2.7980968e+002  1.4773913e+001
  2.7993432e+002  1.4777245e+001
  2.8005895e+002  1.4780575e+001
  2.8018358e+002  1.4783904e+001
  2.8030821e+002  1.4787230e+001
  2.8043284e+002  1.4790553e+001
  2.8055747e+002  1.4793872e+001
  2.8068211e+002  1.4797184e+001
  2.8080674e+002  1.4800489e+001
  2.8093137e+002  1.4803787e+001
  2.8105600e+002  1.4807077e+001
  2.8118063e+002  1.4810359e+001
  2.8130526e+002  1.4813634e+001
  2.8142989e+002  1.4816906e+001
  2.8155453e+002  1.4820177e+001
  2.8167916e+002  1.4823450e+001
  2.8180379e+002  1.4826727e+001
  2.8192842e+002  1.4830011e+001
  2.8205305e+002  1.4833303e+001
  2.8217768e+002  1.4836605e+001
  2.8230232e+002  1.4839914e+001
  2.8242695e+002  1.4843229e+001
  2.8255158e+002  1.4846549e+001
  2.8267621e+002  1.4849871e+001
  2.8280084e+002  1.4853193e+001
  2.8292547e+002  1.4856515e+001
  2.8305011e+002  1.4859834e+001
  2.8317474e+002  1.4863149e+001
  2.8329937e+002  1.4866460e+001
  2.8342400e+002  1.4869767e+001
  2.8354863e+002  1.4873070e+001
  2.8367326e+002  1.4876369e+001
  2.8379789e+002  1.4879664e+001
  2.8392253e+002  1.4882956e+001
  2.8404716e+002  1.4886243e+001
  2.8417179e+002  1.4889528e+001
  2.8429642e+002  1.4892811e+001
  2.8442105e+002  1.4896095e+001
  2.8454568e+002  1.4899380e+001
  2.8467032e+002  1.4902668e+001
  2.8479495e+002  1.4905963e+001
  2.8491958e+002  1.4909265e+001
  2.8504421e+002  1.4912576e+001
  2.8516884e+002  1.4915896e+001
  2.8529347e+002  1.4919222e+001
  2.8541811e+002  1.4922554e+001
  2.8554274e+002  1.4925888e+001
  2.8566737e+002  1.4929221e+001
  2.8579200e+002  1.4932553e+001
  2.8591663e+002  1.4935879e+001
  2.8604126e+002  1.4939198e+001
  2.8616589e+002  1.4942509e+001
  2.8629053e+002  1.4945813e+001
  2.8641516e+002  1.4949114e+001
  2.8653979e+002  1.4952412e+001
  2.8666442e+002  1.4955709e+001
  2.8678905e+002  1.4959007e+001
  2.8691368e+002  1.4962309e+001
  2.8703832e+002  1.4965617e+001
  2.8716295e+002  1.4968931e+001
  2.8728758e+002  1.4972249e+001
  2.8741221e+002  1.4975569e+001
  2.8753684e+002  1.4978889e+001
  2.8766147e+002  1.4982208e+001
  2.8778611e+002  1.4985523e+001
  2.8791074e+002  1.4988833e+001
  2.8803537e+002  1.4992136e+001
  2.8816000e+002  1.4995432e+001
  2.8828463e+002  1.4998722e+001
  2.8840926e+002  1.5002008e+001
  2.8853389e+002  1.5005292e+001
  2.8865853e+002  1.5008578e+001
  2.8878316e+002  1.5011866e+001
  2.8890779e+002  1.5015159e+001
  2.8903242e+002  1.5018460e+001
  2.8915705e+002  1.5021767e+001
  2.8928168e+002  1.5025081e+001
  2.8940632e+002  1.5028399e+001
  2.8953095e+002  1.5031719e+001
  2.8965558e+002  1.5035040e+001
  2.8978021e+002  1.5038358e+001
  2.8990484e+002  1.5041673e+001
  2.9002947e+002  1.5044981e+001
  2.9015411e+002  1.5048284e+001
  2.9027874e+002  1.5051580e+001
  2.9040337e+002  1.5054872e+001
  2.9052800e+002  1.5058159e+001
  2.9065263e+002  1.5061445e+001
  2.9077726e+002  1.5064729e+001
  2.9090189e+002  1.5068014e+001
  2.9102653e+002  1.5071300e+001
  2.9115116e+002  1.5074588e+001
  2.9127579e+002  1.5077879e+001
  2.9140042e+002  1.5081174e+001
  2.9152505e+002  1.5084474e+001
  2.9164968e+002  1.5087778e+001
  2.9177432e+002  1.5091088e+001
  2.9189895e+002  1.5094405e+001
  2.9202358e+002  1.5097730e+001
  2.9214821e+002  1.5101060e+001
  2.9227284e+002  1.5104394e+001
  2.9239747e+002  1.5107727e+001
  2.9252211e+002  1.5111055e+001
  2.9264674e+002  1.5114374e+001
  2.9277137e+002  1.5117681e+001
  2.9289600e+002  1.5120971e+001
  2.9302063e+002  1.5124240e+001
  2.9314526e+002  1.5127487e+001
  2.9326989e+002  1.5130716e+001
  2.9339453e+002  1.5133934e+001
  2.9351916e+002  1.5137147e+001
  2.9364379e+002  1.5140361e+001
  2.9376842e+002  1.5143581e+001
  2.9389305e+002  1.5146813e+001
  2.9401768e+002  1.5150063e+001
  2.9414232e+002  1.5153334e+001
  2.9426695e+002  1.5156625e+001
  2.9439158e+002  1.5159932e+001
  2.9451621e+002  1.5163253e+001
  2.9464084e+002  1.5166582e+001
  2.9476547e+002  1.5169918e+001
  2.9489011e+002  1.5173256e+001
  2.9501474e+002  1.5176594e+001
  2.9513937e+002  1.5179929e+001
  2.9526400e+002  1.5183260e+001
  2.9538863e+002  1.5186586e+001
  2.9551326e+002  1.5189906e+001
  2.9563789e+002  1.5193220e+001
  2.9576253e+002  1.5196525e+001
  2.9588716e+002  1.5199822e+001
  2.9601179e+002  1.5203110e+001
  2.9613642e+002  1.5206389e+001
  2.9626105e+002  1.5209661e+001
  2.9638568e+002  1.5212930e+001
  2.9651032e+002  1.5216198e+001
  2.9663495e+002  1.5219470e+001
  2.9675958e+002  1.5222748e+001
  2.9688421e+002  1.5226035e+001
  2.9700884e+002  1.5229334e+001
  2.9713347e+002  1.5232649e+001
  2.9725811e+002  1.5235975e+001
  2.9738274e+002  1.5239308e+001
  2.9750737e+002  1.5242645e+001
  2.9763200e+002  1.5245982e+001
  2.9775663e+002  1.5249316e+001
  2.9788126e+002  1.5252642e+001
  2.9800589e+002  1.5255956e+001
  2.9813053e+002  1.5259257e+001
  2.9825516e+002  1.5262544e+001
  2.9837979e+002  1.5265823e+001
  2.9850442e+002  1.5269096e+001
  2.9862905e+002  1.5272365e+001
  2.9875368e+002  1.5275633e+001
  2.9887832e+002  1.5278902e+001
  2.9900295e+002  1.5282177e+001
  2.9912758e+002  1.5285460e+001
  2.9925221e+002  1.5288754e+001
  2.9937684e+002  1.5292061e+001
  2.9950147e+002  1.5295385e+001
  2.9962611e+002  1.5298727e+001
  2.9975074e+002  1.5302092e+001
  2.9987537e+002  1.5305482e+001
  3.0000000e+002  1.5308900e+001
